data/LIDAR-DSM-2M-NZ24se/nz2544_DSM_2M.asc
ncols 500
nrows 500
xllcorner    425000
yllcorner    544000
cellsize     2
NODATA_value -9999
[rows 465 to 495 of 500, columns 276 to 344 of 500]
103.86 103.92 103.988 104.04 104.093 104.168 104.224 104.341 104.427 104.537 104.647 104.764 104.907 105.022 105.139 105.297 105.442 105.582 105.744 105.894 106.064 106.209 106.339 106.462 106.632 106.769 106.914 107.077 107.239 107.417 107.544 107.719 107.907 108.137 108.354 108.587 108.804 109.022 109.259 109.464 109.947 110.514 110.839 110.927 110.692 110.862 111.062 111.227 111.374 111.472 111.602 111.809 111.974 112.127 112.307 112.469 112.639 112.692 112.742 112.794 112.892 113.019 113.757 114.684 113.767 113.227 113.142 113.144 113.154
103.667 103.733 103.798 103.861 103.934 103.998 104.073 104.192 104.302 104.417 104.544 104.662 104.802 104.922 105.089 105.207 105.337 105.527 105.672 105.859 106.032 106.149 106.284 106.427 106.597 106.749 106.897 107.049 107.167 107.347 107.499 107.664 107.874 108.077 108.257 108.447 108.637 108.887 109.179 110.044 110.892 110.617 110.237 110.354 110.532 110.724 110.922 111.049 111.194 111.349 111.502 111.639 111.829 111.974 112.124 112.302 112.462 112.589 112.677 112.737 112.764 112.857 113.042 113.534 114.649 113.759 113.144 113.089 113.092
103.452 103.529 103.591 103.676 103.742 103.828 103.92 104.065 104.184 104.312 104.449 104.559 104.702 104.852 104.982 105.097 105.287 105.457 105.612 105.804 105.934 106.092 106.259 106.374 106.549 106.687 106.837 106.969 107.087 107.304 107.449 107.632 107.829 108.014 108.137 108.292 108.519 109.062 110.104 110.402 109.969 109.839 110.024 110.174 110.384 110.582 110.737 110.892 111.067 111.209 111.374 111.524 111.662 111.809 111.979 112.097 112.267 112.472 112.609 112.692 112.702 112.742 112.834 112.949 113.349 114.212 113.679 113.084 113.027
103.228 103.314 103.369 103.475 103.539 103.653 103.769 103.92 104.047 104.177 104.342 104.489 104.599 104.744 104.904 105.062 105.244 105.392 105.554 105.727 105.894 106.037 106.199 106.359 106.497 106.642 106.774 106.927 107.089 107.262 107.399 107.569 107.732 107.854 108.017 108.214 108.647 109.897 110.072 109.504 109.477 109.662 109.884 110.037 110.224 110.417 110.552 110.719 110.872 111.027 111.209 111.372 111.494 111.657 111.814 111.962 112.104 112.264 112.442 112.577 112.634 112.674 112.752 112.784 112.954 113.222 114.304 113.609 113.169
103.011 103.096 103.175 103.268 103.387 103.495 103.628 103.768 103.924 104.057 104.229 104.372 104.504 104.659 104.829 104.992 105.134 105.322 105.459 105.654 105.817 105.979 106.134 106.287 106.437 106.602 106.752 106.919 107.079 107.217 107.332 107.474 107.587 107.787 108.072 108.484 108.827 108.934 108.987 109.164 109.367 109.532 109.739 109.894 110.044 110.239 110.392 110.569 110.729 110.882 111.042 111.189 111.374 111.479 111.619 111.802 111.942 112.084 112.249 112.412 112.547 112.622 112.674 112.687 112.772 112.889 113.214 113.487 113.512
102.797 102.868 102.963 103.075 103.226 103.34 103.486 103.628 103.831 103.949 104.112 104.267 104.444 104.574 104.742 104.902 105.077 105.234 105.362 105.579 105.749 105.909 106.059 106.237 106.417 106.584 106.739 106.897 107.032 107.179 107.222 107.354 107.584 108.062 108.364 108.464 108.504 108.662 108.842 109.032 109.214 109.367 109.559 109.724 109.884 110.062 110.222 110.367 110.542 110.694 110.884 111.032 111.157 111.334 111.479 111.627 111.769 111.934 112.099 112.242 112.419 112.529 112.614 112.627 112.659 112.689 112.869 113.029 113.944
102.559 102.633 102.783 102.914 103.064 103.186 103.358 103.537 103.704 103.872 104.047 104.197 104.357 104.519 104.659 104.822 105.027 105.139 105.334 105.482 105.669 105.859 106.027 106.212 106.409 106.564 106.759 106.892 106.987 107.064 107.194 107.524 108.212 108.539 108.189 108.204 108.354 108.532 108.709 108.887 109.034 109.207 109.354 109.574 109.739 109.912 110.039 110.207 110.374 110.532 110.689 110.839 110.987 111.174 111.332 111.469 111.587 111.787 111.942 112.077 112.244 112.372 112.507 112.584 112.607 112.629 112.654 112.734 113.079
102.322 102.438 102.576 102.723 102.884 103.067 103.238 103.432 103.572 103.782 103.947 104.129 104.267 104.442 104.614 104.754 104.937 105.087 105.244 105.429 105.629 105.824 106.044 106.192 106.422 106.559 106.727 106.839 106.989 107.177 107.979 108.139 108.309 107.849 107.947 108.067 108.227 108.374 108.552 108.707 108.879 109.044 109.194 109.382 109.574 109.727 109.859 110.037 110.177 110.344 110.497 110.644 110.827 111.007 111.157 111.314 111.437 111.604 111.772 111.902 112.047 112.192 112.357 112.467 112.544 112.574 112.572 112.577 112.709
102.092 102.219 102.373 102.552 102.73 102.909 103.118 103.309 103.492 103.684 103.844 104.032 104.202 104.409 104.544 104.712 104.877 105.039 105.202 105.412 105.592 105.807 106.019 106.214 106.379 106.502 106.717 106.939 107.394 108.169 108.082 107.787 107.627 107.742 107.859 107.952 108.114 108.252 108.432 108.557 108.719 108.892 109.072 109.194 109.374 109.577 109.722 109.872 110.007 110.162 110.332 110.487 110.659 110.817 110.989 111.157 111.289 111.424 111.592 111.734 111.902 112.047 112.177 112.304 112.409 112.489 112.492 112.512 112.522
101.886 102.029 102.207 102.403 102.583 102.83 102.984 103.214 103.389 103.567 103.769 103.939 104.147 104.307 104.464 104.634 104.812 105.002 105.174 105.384 105.579 105.779 106.004 106.134 106.267 106.527 107.047 108.059 107.974 107.692 107.454 107.457 107.539 107.617 107.724 107.839 107.992 108.117 108.247 108.417 108.574 108.752 108.922 109.049 109.227 109.394 109.532 109.702 109.849 110.004 110.177 110.327 110.489 110.654 110.812 110.987 111.109 111.292 111.454 111.579 111.709 111.862 112.002 112.094 112.249 112.352 112.414 112.404 112.417
101.698 101.892 102.04 102.247 102.455 102.679 102.874 103.097 103.272 103.509 103.697 103.907 104.079 104.262 104.394 104.584 104.794 104.959 105.162 105.374 105.559 105.722 105.897 106.079 106.514 107.207 107.992 107.439 107.227 107.222 107.284 107.387 107.444 107.524 107.614 107.732 107.832 107.952 108.099 108.257 108.409 108.564 108.734 108.907 109.057 109.189 109.354 109.547 109.692 109.869 110.009 110.154 110.347 110.487 110.672 110.819 110.999 111.132 111.279 111.437 111.554 111.687 111.834 111.919 112.037 112.179 112.259 112.294 112.322
101.535 101.754 101.939 102.139 102.339 102.562 102.772 102.994 103.212 103.417 103.619 103.827 104.014 104.172 104.389 104.557 104.754 104.959 105.162 105.329 105.432 105.614 105.904 106.454 107.502 107.392 107.027 106.927 107.049 107.139 107.217 107.292 107.352 107.432 107.512 107.609 107.732 107.854 107.957 108.114 108.254 108.414 108.569 108.742 108.882 109.022 109.189 109.367 109.534 109.679 109.862 110.019 110.177 110.342 110.519 110.677 110.852 110.999 111.132 111.274 111.387 111.517 111.647 111.772 111.877 111.959 112.084 112.182 112.219
101.407 101.624 101.83 102.026 102.234 102.444 102.689 102.884 103.117 103.317 103.522 103.724 103.942 104.149 104.329 104.547 104.734 104.957 105.037 105.139 105.399 105.759 106.162 107.179 106.669 106.587 106.717 106.817 106.924 107.009 107.119 107.187 107.264 107.317 107.394 107.524 107.637 107.729 107.854 107.997 108.087 108.272 108.369 108.562 108.732 108.874 109.019 109.212 109.354 109.542 109.699 109.882 110.034 110.192 110.357 110.517 110.667 110.839 110.989 111.129 111.237 111.339 111.492 111.597 111.727 111.804 111.899 111.989 112.087
101.283 101.483 101.735 101.934 102.144 102.334 102.574 102.789 102.999 103.249 103.459 103.687 103.922 104.134 104.304 104.544 104.664 104.812 104.887 105.239 105.629 106.019 106.167 106.257 106.324 106.457 106.599 106.712 106.837 106.922 107.017 107.082 107.164 107.237 107.337 107.414 107.504 107.587 107.709 107.834 107.939 108.104 108.234 108.407 108.554 108.724 108.889 109.069 109.237 109.412 109.549 109.727 109.902 110.012 110.219 110.409 110.544 110.664 110.822 110.972 111.107 111.222 111.309 111.422 111.542 111.669 111.759 111.839 111.929
101.187 101.368 101.617 101.837 102.067 102.257 102.502 102.722 102.952 103.207 103.432 103.669 103.889 104.099 104.319 104.412 104.537 104.752 105.034 105.474 105.827 105.734 105.932 106.002 106.164 106.299 106.479 106.599 106.724 106.829 106.909 106.989 107.099 107.139 107.222 107.312 107.382 107.467 107.567 107.674 107.814 107.919 108.099 108.247 108.382 108.577 108.752 108.912 109.107 109.274 109.422 109.612 109.734 109.882 110.052 110.217 110.384 110.507 110.657 110.797 110.947 111.089 111.192 111.279 111.374 111.509 111.579 111.652 111.744
101.067 101.277 101.507 101.742 101.974 102.204 102.434 102.667 102.937 103.214 103.409 103.674 103.859 104.042 104.174 104.274 104.634 104.967 105.309 105.364 105.469 105.594 105.747 105.867 106.057 106.174 106.334 106.482 106.609 106.724 106.814 106.909 106.979 107.029 107.112 107.194 107.252 107.342 107.422 107.547 107.674 107.792 107.942 108.069 108.269 108.427 108.614 108.792 108.937 109.119 109.287 109.454 109.617 109.759 109.914 110.064 110.214 110.357 110.502 110.654 110.789 110.904 111.029 111.142 111.249 111.359 111.434 111.512 111.607
100.954 101.217 101.424 101.654 101.884 102.162 102.402 102.672 102.902 103.159 103.407 103.639 103.782 103.927 104.162 104.729 104.854 105.107 105.082 105.189 105.309 105.427 105.584 105.757 105.907 106.044 106.212 106.352 106.459 106.582 106.682 106.794 106.877 106.937 106.979 107.067 107.132 107.204 107.319 107.409 107.529 107.637 107.784 107.952 108.117 108.287 108.457 108.654 108.812 108.949 109.149 109.289 109.464 109.619 109.762 109.902 110.029 110.164 110.307 110.469 110.617 110.764 110.857 110.964 111.094 111.209 111.279 111.389 111.477
100.877 101.119 101.377 101.637 101.854 102.172 102.424 102.672 102.889 103.152 103.362 103.529 103.684 104.229 104.899 105.154 104.697 104.774 104.899 105.024 105.162 105.317 105.459 105.607 105.762 105.939 106.077 106.227 106.344 106.472 106.569 106.664 106.767 106.792 106.862 106.967 107.039 107.119 107.194 107.322 107.402 107.542 107.674 107.804 107.979 108.174 108.322 108.489 108.682 108.817 109.007 109.147 109.312 109.439 109.592 109.759 109.864 110.002 110.174 110.309 110.467 110.599 110.719 110.837 110.942 111.064 111.169 111.242 111.324
100.824 101.064 101.339 101.604 101.852 102.127 102.394 102.647 102.894 103.052 103.237 103.569 104.132 104.802 104.917 104.437 104.542 104.624 104.759 104.912 105.069 105.212 105.319 105.464 105.654 105.812 105.964 106.097 106.224 106.352 106.462 106.537 106.597 106.677 106.772 106.844 106.909 106.994 107.092 107.177 107.284 107.439 107.554 107.697 107.847 108.007 108.174 108.334 108.527 108.687 108.849 109.002 109.132 109.314 109.429 109.594 109.704 109.859 110.007 110.169 110.309 110.457 110.562 110.684 110.824 110.934 111.047 111.139 111.224
100.779 101.044 101.337 101.594 101.854 102.117 102.409 102.594 102.787 103.014 103.512 103.929 104.329 104.137 104.167 104.257 104.399 104.524 104.642 104.802 104.927 105.074 105.219 105.397 105.532 105.702 105.837 105.957 106.099 106.219 106.322 106.429 106.492 106.569 106.664 106.714 106.772 106.849 106.974 107.074 107.184 107.309 107.432 107.562 107.712 107.867 108.044 108.209 108.377 108.519 108.694 108.857 108.984 109.134 109.257 109.399 109.557 109.702 109.867 110.017 110.167 110.297 110.437 110.549 110.692 110.784 110.897 111.037 111.129
100.762 101.024 101.319 101.632 101.892 102.122 102.292 102.494 103.054 103.584 104.092 103.922 103.839 103.904 104.042 104.142 104.254 104.414 104.527 104.677 104.807 104.979 105.104 105.272 105.409 105.559 105.694 105.829 105.962 106.094 106.169 106.279 106.377 106.452 106.534 106.604 106.697 106.777 106.862 106.957 107.074 107.202 107.329 107.447 107.587 107.732 107.912 108.057 108.212 108.402 108.547 108.682 108.844 108.994 109.112 109.274 109.419 109.574 109.722 109.862 110.012 110.129 110.282 110.427 110.519 110.649 110.787 110.907 111.012
100.764 101.057 101.377 101.624 101.814 102.004 102.312 102.724 103.537 103.937 103.489 103.557 103.669 103.812 103.929 104.039 104.182 104.309 104.429 104.594 104.732 104.869 105.009 105.147 105.302 105.422 105.564 105.684 105.799 105.947 106.052 106.164 106.254 106.324 106.404 106.494 106.592 106.672 106.764 106.874 106.987 107.092 107.214 107.342 107.454 107.622 107.757 107.907 108.072 108.244 108.377 108.522 108.692 108.842 109.002 109.137 109.277 109.429 109.574 109.709 109.879 109.987 110.144 110.269 110.402 110.532 110.649 110.797 110.894
100.794 101.059 101.342 101.509 101.759 102.189 102.599 102.962 103.092 103.209 103.274 103.422 103.547 103.702 103.794 103.942 104.064 104.197 104.349 104.484 104.622 104.754 104.887 105.009 105.157 105.254 105.402 105.534 105.657 105.767 105.889 106.002 106.097 106.214 106.294 106.374 106.479 106.577 106.674 106.762 106.907 107.009 107.129 107.247 107.342 107.477 107.634 107.802 107.927 108.104 108.244 108.404 108.552 108.704 108.852 108.982 109.142 109.284 109.419 109.544 109.694 109.854 109.974 110.142 110.284 110.392 110.539 110.689 110.784
100.824 100.992 101.204 101.514 102.389 102.579 102.767 102.712 102.842 103.022 103.154 103.297 103.439 103.582 103.709 103.862 103.982 104.129 104.242 104.394 104.547 104.654 104.789 104.907 105.012 105.144 105.282 105.407 105.517 105.622 105.784 105.882 105.967 106.089 106.187 106.274 106.392 106.477 106.579 106.687 106.819 106.914 107.054 107.142 107.267 107.397 107.522 107.662 107.782 107.947 108.109 108.239 108.394 108.527 108.689 108.864 108.994 109.109 109.272 109.409 109.552 109.732 109.837 109.992 110.134 110.254 110.397 110.557 110.679
100.769 100.912 101.452 101.994 102.669 102.422 102.414 102.569 102.727 102.864 103.022 103.159 103.339 103.469 103.619 103.787 103.942 104.059 104.187 104.319 104.434 104.569 104.654 104.764 104.909 105.017 105.154 105.284 105.409 105.544 105.662 105.754 105.874 105.959 106.079 106.152 106.257 106.364 106.502 106.597 106.732 106.837 106.922 107.039 107.157 107.279 107.379 107.502 107.657 107.827 107.982 108.097 108.267 108.379 108.539 108.699 108.817 108.964 109.114 109.272 109.442 109.572 109.732 109.859 110.012 110.149 110.287 110.412 110.497
100.759 101.384 101.834 102.139 102.044 102.129 102.267 102.452 102.569 102.752 102.914 103.062 103.247 103.407 103.537 103.704 103.832 103.967 104.079 104.234 104.347 104.452 104.569 104.669 104.789 104.904 105.024 105.162 105.299 105.412 105.534 105.632 105.747 105.869 105.979 106.067 106.179 106.299 106.399 106.504 106.602 106.724 106.827 106.944 107.039 107.152 107.279 107.414 107.544 107.702 107.834 107.964 108.097 108.259 108.392 108.522 108.677 108.804 108.964 109.119 109.264 109.409 109.549 109.729 109.854 110.012 110.109 110.227 110.349
101.394 102.102 101.529 101.669 101.814 101.997 102.157 102.314 102.482 102.624 102.797 102.992 103.169 103.307 103.442 103.614 103.744 103.862 103.999 104.119 104.204 104.352 104.467 104.579 104.692 104.804 104.917 105.064 105.167 105.297 105.419 105.539 105.644 105.724 105.874 105.992 106.099 106.202 106.289 106.419 106.559 106.664 106.754 106.847 106.939 107.054 107.174 107.302 107.452 107.569 107.692 107.844 107.967 108.107 108.237 108.364 108.527 108.667 108.804 108.949 109.112 109.252 109.412 109.579 109.702 109.842 109.967 110.059 110.202
101.682 101.232 101.339 101.494 101.677 101.827 102.029 102.199 102.374 102.539 102.727 102.934 103.049 103.219 103.364 103.502 103.672 103.767 103.879 103.987 104.129 104.254 104.342 104.484 104.592 104.709 104.812 104.959 105.049 105.192 105.322 105.444 105.539 105.654 105.787 105.897 106.017 106.129 106.259 106.339 106.457 106.572 106.659 106.749 106.864 107.004 107.102 107.217 107.324 107.437 107.587 107.697 107.832 107.977 108.087 108.222 108.362 108.497 108.639 108.792 108.954 109.114 109.269 109.409 109.534 109.667 109.782 109.937 110.049
100.917 101.049 101.224 101.379 101.554 101.724 101.944 102.094 102.309 102.482 102.634 102.799 102.964 103.114 103.267 103.404 103.544 103.644 103.787 103.917 104.044 104.152 104.282 104.374 104.489 104.619 104.727 104.852 104.989 105.094 105.232 105.337 105.474 105.589 105.714 105.822 105.922 106.059 106.162 106.282 106.377 106.494 106.592 106.722 106.819 106.924 107.017 107.122 107.237 107.344 107.457 107.589 107.694 107.829 107.964 108.102 108.192 108.357 108.504 108.649 108.782 108.947 109.072 109.232 109.337 109.492 109.597 109.762 109.877
100.747 100.892 101.104 101.267 101.424 101.619 101.827 102.044 102.209 102.402 102.514 102.689 102.819 103.009 103.142 103.294 103.434 103.557 103.692 103.824 103.937 104.044 104.164 104.287 104.399 104.524 104.659 104.789 104.909 104.984 105.159 105.272 105.407 105.514 105.652 105.729 105.827 105.982 106.089 106.207 106.332 106.422 106.534 106.642 106.742 106.852 106.939 107.044 107.137 107.269 107.367 107.474 107.602 107.707 107.822 107.934 108.069 108.202 108.334 108.482 108.607 108.762 108.879 109.047 109.189 109.327 109.464 109.582 109.724
100.642 100.774 100.979 101.154 101.372 101.554 101.757 101.944 102.082 102.247 102.424 102.587 102.747 102.877 103.017 103.159 103.312 103.439 103.582 103.699 103.802 103.939 104.087 104.192 104.332 104.434 104.567 104.674 104.832 104.947 105.089 105.207 105.329 105.452 105.569 105.699 105.794 105.899 106.037 106.147 106.257 106.359 106.474 106.572 106.654 106.759 106.859 106.957 107.049 107.164 107.287 107.377 107.499 107.597 107.689 107.792 107.934 108.037 108.167 108.289 108.419 108.554 108.699 108.837 109.012 109.154 109.292 109.427 109.537
