data/LIDAR-DSM-2M-NZ24se/nz2542_DSM_2M.asc
ncols 500
nrows 500
xllcorner    425000
yllcorner    542000
cellsize     2
NODATA_value -9999
[rows 32 to 63 of 500, columns 292 to 364 of 500]
88.493 88.195 87.538 87.098 86.87 86.535 87.12 85.52 84.943 84.56 84.295 83.995 83.863 84.083 84.29 83.778 83.793 83.78 83.673 83.66 83.66 83.745 83.803 83.745 83.72 83.845 84.858 84.835 84.468 84.783 85.113 85.405 85.71 85.985 86.403 86.878 87.43 87.978 88.505 89.198 90.428 91.373 92.243 92.878 94.37 94.718 94.85 95.72 95.478 95.948 96.443 96.35 96.188 95.938 96.04 97.223 97.055 96.398 96.173 95.765 95.795 95.573 95.383 95.215 95.368 95.53 95.69 95.883 96.848 98.738 97.893 97.073 97.128
89.44 89.573 88.818 88.128 87.433 87.275 88.538 87.37 85.46 84.963 84.655 84.135 83.83 83.74 84.503 84.378 83.723 83.715 83.675 83.64 83.635 83.668 83.708 83.65 83.728 84.173 84.52 84.165 84.463 84.688 84.933 85.175 85.448 85.8 86.218 86.668 87.185 87.725 88.27 88.865 90.67 91.408 91.64 92.688 94.173 94.125 94.053 95.123 95.72 95.918 96.14 96.643 96.228 96.305 96.048 96.618 96.178 96.078 96.033 95.893 95.75 95.64 95.613 95.608 95.703 95.873 96.053 96.2 96.78 98.233 98.878 97.468 97.36
90.12 89.673 89.875 88.788 88.105 89.21 89.205 87.395 86.055 85.18 84.723 84.33 83.898 83.705 83.87 84.263 83.693 83.653 83.63 83.605 83.565 83.478 83.488 83.758 84.428 84.07 83.595 84.03 84.358 84.548 84.723 84.96 85.24 85.598 85.973 86.395 86.865 87.45 88.003 88.55 89.485 90.888 91.633 91.925 92.808 94.258 94.168 94.648 95.17 94.908 95.865 96.378 96.933 96.648 96.13 96.22 96.248 96.193 96.19 96.123 96.023 95.94 95.918 95.928 96.01 96.155 96.298 96.465 96.63 96.973 98.243 98.175 97.553
90.125 89.918 89.315 88.77 88.23 88.815 88.47 88.045 86.278 85.463 84.888 84.598 84.53 84.348 83.763 83.643 83.633 83.568 83.57 83.535 83.42 83.29 83.333 84.478 85.005 83.478 83.583 83.973 84.195 84.345 84.533 84.77 85.01 85.345 85.73 86.153 86.6 87.135 87.678 88.223 88.79 89.458 91.568 92.09 92.693 93.32 93.355 94.478 94.83 95.948 96.47 96.19 96.713 97.35 96.155 96.258 96.343 96.323 96.293 96.283 96.223 96.17 96.195 96.22 96.25 96.353 96.495 96.663 96.808 96.905 98.01 98.963 97.885
90.658 90.148 89.61 89.315 88.73 88.033 87.5 87.05 86.175 85.628 85.213 85.938 85.703 86.438 83.69 83.638 83.6 83.733 83.77 83.468 83.363 83.233 83.633 84.018 83.685 83.635 83.723 83.923 84.045 84.17 84.355 84.58 84.84 85.143 85.525 85.93 86.345 86.768 87.283 87.82 88.363 89.095 90.878 91.888 92.173 91.528 92.15 93.198 94.268 96.098 95.878 96.48 97.048 96.17 96.068 96.213 96.325 96.345 96.368 96.383 96.353 96.328 96.34 96.368 96.455 96.51 96.645 96.805 96.943 97.068 97.66 98.965 98.755
91.1 90.473 91.225 90.108 89.33 87.978 87.388 86.993 86.37 85.858 85.388 86.248 84.605 84.028 83.775 83.638 83.528 83.58 83.968 83.43 83.3 83.183 83.23 83.308 83.495 83.628 83.718 83.785 83.875 84.005 84.205 84.408 84.655 84.92 85.293 85.69 86.04 86.418 86.858 87.385 87.923 88.528 89.13 91.465 92.605 91.605 92.025 93.545 94.683 95.205 94.22 95.515 97.758 96.888 96.355 96.105 96.245 96.308 96.355 96.405 96.43 96.413 96.438 96.47 96.543 96.668 96.793 96.928 97.038 97.178 97.375 97.863 99.193
91.488 90.983 91.173 90.238 89.698 88.215 88.603 89.218 87.63 86.603 85.445 85.028 84.508 84.105 83.815 83.608 83.505 83.435 83.455 83.34 83.205 83.168 83.245 83.323 83.45 83.508 83.55 83.623 83.698 83.87 84.038 84.245 84.495 84.765 85.093 85.438 85.813 86.173 86.57 87.093 87.568 88.068 88.55 89.613 90.79 92.715 93.16 93.618 93.733 94.64 94.395 96.213 97.103 97.673 96.843 95.988 96.163 96.283 96.348 96.418 96.433 96.475 96.53 96.565 96.645 96.76 96.868 96.998 97.105 97.288 97.473 97.65 98.363
91.86 91.248 90.803 90.26 89.38 88.823 89.915 89.858 88.87 87.748 85.698 85.123 84.668 84.203 83.878 83.618 83.478 83.375 83.235 83.135 83.09 83.08 83.168 83.335 83.4 83.413 83.385 83.473 83.603 83.745 83.933 84.13 84.3 84.6 84.875 85.213 85.558 85.915 86.255 86.795 87.298 87.803 88.113 88.605 90.168 91.438 91.37 92.345 92.575 94.72 95.418 95.813 96.38 97.393 96.97 96.02 96.19 96.195 96.323 96.378 96.443 96.5 96.57 96.643 96.733 96.813 96.915 97.035 97.165 97.338 97.545 97.703 97.868
92.133 91.498 91.525 90.835 90.9 89.39 89.848 88.005 87.578 86.788 85.82 85.225 84.765 84.29 83.95 83.645 83.44 83.323 83.193 83.145 83.188 83.08 83.053 83.32 83.345 83.315 83.36 83.425 83.503 83.62 83.803 83.988 84.148 84.373 84.645 84.963 85.293 85.633 85.983 86.405 86.898 87.36 87.793 88.238 88.928 90.023 91.783 91.885 93.218 93.405 94.76 94.998 95.645 97.123 97.1 96.24 96.683 96.19 96.208 96.308 96.423 96.478 96.585 96.7 96.78 96.848 96.935 97.038 97.165 97.363 97.583 97.73 97.853
92.395 92.425 94.568 93.828 91.778 89.388 89.038 87.798 87.323 86.663 86.063 85.483 84.985 84.575 84.108 83.718 83.46 83.313 83.225 83.163 83.21 83.2 82.958 83.188 83.243 83.268 83.293 83.34 83.388 83.493 83.645 83.818 83.988 84.215 84.473 84.748 85.065 85.395 85.76 86.13 86.61 87.095 87.605 87.958 88.463 89 90.473 90.56 92.428 92.93 93.813 94.488 94.875 95.485 96.615 97.44 96.805 96.52 96.07 96.233 96.35 96.473 96.58 96.693 96.788 96.89 96.955 97.063 97.193 97.37 97.565 97.723 97.865
93.87 92.693 94.085 94.985 91.943 89.54 89.335 88.113 87.728 87.315 86.345 86 85.453 85.003 84.203 83.835 83.52 83.325 83.24 83.143 83.123 83.118 83.038 82.955 83.125 83.19 83.225 83.275 83.313 83.37 83.498 83.67 83.823 84.043 84.28 84.565 84.858 85.178 85.533 85.905 86.325 86.783 87.313 87.643 88.07 88.635 89.305 90.015 91.053 92.135 93.675 93.768 94.32 94.458 95.578 97.128 97.795 96.963 96.473 96.123 96.328 96.465 96.625 96.718 96.818 96.898 96.973 97.068 97.185 97.338 97.505 97.705 97.873
95.585 92.773 91.85 92.665 90.693 89.97 89.218 88.53 88.71 88.473 86.628 86.213 85.628 84.883 84.333 83.938 83.608 83.413 83.29 83.18 83.103 83.02 83.103 83.205 82.925 83.13 83.13 83.17 83.215 83.27 83.353 83.51 83.685 83.87 84.088 84.363 84.643 84.928 85.303 85.64 86.005 86.443 86.848 87.298 87.773 88.31 88.953 89.655 90.268 91.905 92.783 93.868 95.165 95.448 94.788 96.063 96.268 97.19 97.568 96.095 96.253 96.435 96.605 96.738 96.873 96.915 96.98 97.07 97.178 97.325 97.445 97.638 97.833
93.955 93.628 92.468 91.88 91.225 90.403 89.673 88.97 88.27 87.553 86.883 86.275 85.623 85.013 84.498 84.09 83.755 83.523 83.353 83.215 83.083 83 83.15 83.363 82.803 82.968 83.06 83.078 83.13 83.15 83.253 83.375 83.538 83.713 83.925 84.178 84.448 84.703 85.035 85.413 85.67 86.118 86.495 87.035 87.48 87.985 88.548 89.515 89.823 90.825 92.595 93.513 95.105 94.878 95.29 96.963 96.338 97.075 97.24 96.385 96.15 96.42 96.628 96.763 96.87 96.953 97 97.058 97.165 97.288 97.363 97.533 97.74
94.035 93.265 92.84 92.3 91.67 90.888 90.108 89.383 88.635 87.918 87.18 86.51 85.833 85.21 84.683 84.27 83.925 83.665 83.433 83.26 83.113 83.018 82.943 82.905 82.858 82.82 82.94 82.975 83 83.06 83.15 83.215 83.358 83.57 83.78 84 84.243 84.49 84.79 85.215 85.455 85.825 86.24 86.698 87.205 87.735 88.258 89.095 89.345 89.875 91.678 92.608 93.548 94.39 95.105 96.19 95.32 96.733 96.6 96.088 96.06 96.345 96.57 96.735 96.835 96.943 97.025 97.07 97.108 97.215 97.313 97.448 97.595
93.79 93.478 93.125 92.655 92.07 91.338 90.585 89.813 89.04 88.288 87.518 86.785 86.063 85.408 84.908 84.478 84.125 83.848 83.583 83.388 83.205 83.06 82.953 82.918 82.938 82.855 82.77 82.865 82.9 82.93 83.018 83.08 83.213 83.393 83.603 83.843 84.043 84.32 84.603 85.01 85.293 85.583 86.003 86.398 86.938 87.433 87.935 88.523 89.773 89.938 91.058 92.533 93.46 93.785 94.495 93.298 94.233 95.613 97.168 96.743 96.543 96.565 96.495 96.648 96.78 96.865 96.933 96.995 97.023 97.135 97.235 97.358 97.445
93.898 93.653 93.36 92.965 92.405 91.743 90.953 90.163 89.378 88.67 87.93 87.185 86.455 85.79 85.273 84.803 84.438 84.12 83.795 83.568 83.36 83.165 82.993 82.9 82.878 82.893 82.733 82.72 82.833 82.85 82.915 82.965 83.063 83.243 83.45 83.693 83.895 84.14 84.425 84.76 85.105 85.433 85.81 86.188 86.628 87.09 87.615 88.363 90.593 90.595 91.585 92.495 93.01 93.7 94.188 94.638 94.478 94.925 95.975 97.448 96.293 96.463 96.715 96.465 96.618 96.718 96.793 96.858 96.918 96.985 97.068 97.145 97.25
94.005 93.763 93.525 93.19 92.675 92.008 91.268 90.533 89.793 89.098 88.355 87.598 86.9 86.325 85.718 85.235 84.848 84.47 84.113 83.855 83.58 83.333 83.098 82.928 82.833 82.818 82.805 82.63 82.713 82.773 82.818 82.845 82.93 83.09 83.28 83.515 83.763 83.995 84.278 84.545 84.888 85.27 85.588 85.953 86.36 86.805 87.338 87.885 88.983 89.963 91.625 92.628 92.018 92.945 92.68 94.255 94.435 95.698 95.935 96.17 96.173 97.45 96.578 96.255 96.38 96.493 96.588 96.65 96.673 96.748 96.845 96.975 97.088
94.103 93.873 93.635 93.343 92.878 92.308 91.58 90.86 90.16 89.52 88.865 88.18 87.473 86.833 86.225 85.725 85.265 84.838 84.478 84.195 83.858 83.548 83.265 83.018 82.888 82.815 82.795 82.708 82.615 82.658 82.703 82.708 82.783 82.93 83.123 83.33 83.575 83.793 84.093 84.35 84.665 84.995 85.343 85.723 86.118 86.53 87.02 87.515 88.02 88.635 90.395 90.86 91.783 93.395 91.778 92.865 95.17 94.773 94.563 95.27 97.5 97.588 96.753 96.415 96.245 96.148 96.255 96.32 96.373 96.448 96.54 96.688 96.835
94.195 93.95 93.73 93.455 93.053 92.525 91.858 91.188 90.625 90.01 89.423 88.785 88.085 87.398 86.785 86.22 85.715 85.26 84.885 84.51 84.143 83.795 83.463 83.165 83 82.843 82.788 82.765 82.685 82.603 82.65 82.67 82.698 82.8 82.968 83.17 83.42 83.635 83.878 84.148 84.455 84.768 85.09 85.443 85.843 86.285 86.72 87.203 87.73 88.315 90.145 90.783 90.343 91.45 92.163 93.05 93.62 93.923 94.99 95.908 96.313 95.795 96.19 96.383 96.268 95.688 95.81 95.925 96.388 96.48 96.253 96.33 96.525
94.26 94.02 93.805 93.555 93.228 92.748 92.225 91.685 91.11 90.575 89.98 89.363 88.65 87.993 87.348 86.735 86.205 85.695 85.285 84.865 84.473 84.073 83.71 83.408 83.155 82.96 82.81 82.76 82.723 82.598 82.558 82.598 82.64 82.713 82.848 83.038 83.258 83.48 83.72 83.98 84.253 84.56 84.878 85.233 85.628 86.055 86.508 86.948 87.428 87.955 89.188 90.493 89.683 90.393 91.345 93.295 93.558 93.748 94.258 95.725 95.443 95.32 96.06 96.545 95.063 95.11 95.533 95.443 95.88 96.303 96.093 95.913 96.093
94.355 94.103 93.883 93.678 93.375 93 92.59 92.105 91.67 91.178 90.58 89.933 89.255 88.615 87.88 87.265 86.725 86.205 85.743 85.318 84.883 84.45 84.03 83.648 83.338 83.078 82.865 82.778 82.708 82.675 82.528 82.55 82.605 82.655 82.755 82.91 83.07 83.293 83.538 83.81 84.06 84.353 84.665 85.01 85.375 85.8 86.25 86.708 87.168 87.68 88.453 88.933 88.988 89.448 89.993 92.008 93.26 93.448 94.248 95.155 94.625 95.565 96.705 95.845 94.56 94.558 95.328 95.24 95.105 95.653 95.478 95.448 95.66
94.398 94.218 93.985 93.755 93.53 93.245 92.925 92.615 92.228 91.72 91.165 90.508 89.838 89.133 88.448 87.863 87.29 86.765 86.265 85.81 85.368 84.918 84.42 83.965 83.56 83.275 83.02 82.83 82.703 82.715 82.583 82.523 82.573 82.59 82.67 82.813 82.975 83.2 83.44 83.665 83.89 84.16 84.45 84.783 85.138 85.58 86.01 86.445 86.905 87.375 87.825 88.268 88.628 88.99 89.548 90.49 91.893 92.575 92.738 93.863 94.345 95.205 95.063 94.555 94.565 93.975 94.19 94.303 94.328 94.803 94.805 94.948 95.215
94.508 94.293 94.078 93.888 93.693 93.5 93.27 93.025 92.678 92.223 91.735 91.1 90.393 89.625 89.045 88.415 87.845 87.328 86.878 86.4 85.945 85.48 84.973 84.425 83.93 83.525 83.213 82.923 82.76 82.663 82.643 82.515 82.53 82.585 82.615 82.728 82.86 83.058 83.3 83.54 83.773 83.998 84.283 84.575 84.923 85.348 85.835 86.233 86.628 87.083 87.503 87.92 88.283 88.643 89.123 89.75 90.313 91.753 92.63 93.568 94.29 94.245 94.805 94.578 94.285 93.38 93.433 93.615 93.81 94.018 94.238 94.465 94.763
94.56 94.363 94.21 94.015 93.85 93.718 93.55 93.308 93.023 92.658 92.183 91.573 90.895 90.138 89.608 89.028 88.493 88.028 87.588 87.1 86.568 86.065 85.53 84.973 84.41 83.898 83.528 83.18 82.87 82.663 82.598 82.505 82.468 82.533 82.58 82.635 82.768 82.94 83.138 83.37 83.65 83.868 84.123 84.4 84.705 85.085 85.573 85.998 86.375 86.795 87.188 87.593 87.983 88.428 88.865 89.365 89.675 90.16 91.465 92.788 93.598 93.413 93.63 93.25 92.805 92.74 92.94 93.11 93.31 93.555 93.785 94.053 94.4
94.648 94.473 94.3 94.145 94.02 93.915 93.775 93.57 93.33 93.033 92.563 91.933 91.348 90.83 90.23 89.685 89.16 88.708 88.265 87.77 87.233 86.678 86.073 85.505 84.925 84.35 83.93 83.448 83.033 82.725 82.585 82.793 82.678 82.515 82.553 82.563 82.678 82.83 83.018 83.238 83.505 83.72 83.965 84.233 84.56 84.87 85.278 85.71 86.113 86.535 86.923 87.308 87.71 88.143 88.563 89.053 89.32 89.63 90.035 90.968 92.035 91.86 91.74 91.785 91.988 92.235 92.465 92.66 92.858 93.078 93.383 93.673 94.043
94.725 94.595 94.453 94.298 94.178 94.045 93.893 93.733 93.545 93.245 92.843 92.458 92.015 91.475 90.865 90.338 89.858 89.4 88.938 88.435 87.905 87.28 86.655 85.968 85.408 85.438 84.375 83.728 83.273 82.848 82.618 83 83.125 82.498 82.503 82.528 82.625 82.75 82.898 83.125 83.35 83.555 83.828 84.068 84.373 84.718 85.063 85.438 85.838 86.27 86.665 87.053 87.42 87.833 88.208 88.593 88.903 89.238 89.593 90.36 91.433 90.86 91.065 91.203 91.498 92.298 92.385 92.26 92.423 92.723 93.018 93.368 93.773
94.828 94.683 94.57 94.44 94.293 94.155 94.02 93.845 93.695 93.495 93.22 93.11 92.703 92.06 91.518 91.035 90.565 90.103 89.605 89.088 88.51 87.89 87.358 86.863 89.123 90.79 86.235 84.078 83.46 83.008 82.723 82.62 82.89 82.448 82.468 82.49 82.568 82.663 82.808 82.975 83.205 83.413 83.683 83.95 84.233 84.578 84.875 85.22 85.595 86.018 86.398 86.78 87.155 87.53 87.89 88.258 88.523 88.795 89.125 89.463 89.83 90.15 90.388 90.675 90.988 91.585 91.643 91.813 92.09 92.443 92.788 93.158 93.563
94.92 94.793 94.675 94.538 94.38 94.225 94.078 93.96 93.82 93.68 93.488 93.368 93.085 92.733 92.113 91.613 91.188 90.735 90.225 89.693 89.11 88.488 88.02 87.725 88.775 90.308 86.11 84.56 83.675 83.133 82.79 82.63 82.585 82.47 82.425 82.445 82.495 82.578 82.678 82.85 83.063 83.315 83.555 83.85 84.123 84.408 84.695 85.025 85.398 85.793 86.145 86.463 86.863 87.238 87.603 88.04 88.163 88.388 88.705 89.038 89.42 89.67 89.955 90.28 90.565 90.873 91.17 91.488 91.838 92.198 92.58 93.003 93.478
94.988 94.87 94.745 94.605 94.435 94.318 94.193 94.063 93.918 93.735 93.6 93.448 93.245 92.988 92.555 92.07 91.725 91.28 90.818 90.275 89.658 89.03 88.378 87.745 87.945 87.72 87.055 85.533 84.06 83.255 82.885 82.703 82.565 82.488 82.423 82.423 82.443 82.518 82.613 82.753 82.953 83.233 83.485 83.733 83.983 84.258 84.54 84.865 85.185 85.643 85.968 86.25 86.61 86.985 87.31 87.66 87.88 88.105 88.425 88.723 89.055 89.355 89.628 89.96 90.25 90.565 90.908 91.265 91.628 92.015 92.47 92.95 93.45
95.048 94.92 94.81 94.7 94.605 94.435 94.283 94.163 94.02 93.833 93.67 93.498 93.335 93.215 92.885 92.488 92.118 91.725 91.288 90.763 90.168 89.53 88.863 88.385 87.718 86.948 86.723 85.345 84.41 83.475 82.998 82.8 82.608 82.523 82.428 82.388 82.413 82.433 82.54 82.65 82.855 83.133 83.373 83.605 83.863 84.098 84.348 84.693 84.995 85.38 85.773 86.108 86.453 86.873 87.188 87.483 87.73 87.938 88.218 88.49 88.768 89.065 89.34 89.608 89.973 90.348 90.715 91.11 91.515 91.935 92.443 92.978 93.505
95.138 94.995 94.863 94.765 94.67 94.52 94.4 94.25 94.075 93.905 93.725 93.585 93.468 93.38 93.15 92.725 92.35 92.013 91.62 91.153 90.58 89.943 89.33 89.27 88.953 87.25 86.4 85.783 85.8 84.158 83.163 82.85 82.665 82.513 82.42 82.36 82.37 82.378 82.458 82.59 82.793 83.018 83.23 83.475 83.7 83.955 84.243 84.58 84.893 85.243 85.615 85.95 86.34 86.65 86.955 87.26 87.505 87.743 88.013 88.29 88.518 88.858 89.155 89.425 89.793 90.188 90.608 91.03 91.49 92.008 92.558 93.108 93.638
95.24 95.068 94.948 94.865 94.733 94.605 94.453 94.295 94.128 93.96 93.81 93.668 93.505 93.395 93.183 92.865 92.53 92.22 91.835 91.378 90.915 90.273 90.288 89.375 88.668 88.26 87.625 86.103 86.823 85.245 83.763 82.893 82.675 82.51 82.465 82.33 82.34 82.345 82.405 82.543 82.698 82.878 83.085 83.34 83.59 83.903 84.19 84.493 84.768 85.115 85.485 85.813 86.15 86.533 86.825 87.108 87.365 87.643 87.888 88.163 88.41 88.74 89.045 89.373 89.73 90.138 90.583 91.078 91.615 92.168 92.718 93.288 93.828
