data/LIDAR-DSM-2M-NZ24se/nz2544_DSM_2M.asc
ncols 500
nrows 500
xllcorner    425000
yllcorner    544000
cellsize     2
NODATA_value -9999
[rows 372 to 402 of 500, columns 207 to 275 of 500]
102.057 102.204 102.382 102.552 102.737 102.919 103.052 103.229 103.322 103.537 103.912 104.277 104.084 104.177 104.267 104.397 104.592 104.792 105.032 105.242 105.452 105.674 105.914 106.157 106.387 106.677 106.914 107.194 107.447 107.752 108.412 110.052 110.964 -9999 -9999 -9999 -9999 -9999 -9999 -9999 -9999 -9999 -9999 -9999 -9999 -9999 -9999 -9999 -9999 -9999 -9999 -9999 -9999 -9999 -9999 -9999 -9999 -9999 -9999 -9999 -9999 -9999 -9999 -9999 -9999 -9999 -9999 -9999 -9999
101.914 102.112 102.312 102.474 102.659 102.744 102.902 103.029 103.127 103.302 103.607 103.849 103.912 103.952 104.172 104.319 104.499 104.704 104.922 105.169 105.369 105.589 105.787 106.037 106.262 106.494 106.754 107.007 107.219 107.759 109.334 110.779 110.107 109.934 -9999 -9999 -9999 -9999 -9999 -9999 -9999 -9999 -9999 -9999 -9999 -9999 -9999 -9999 -9999 -9999 -9999 -9999 -9999 -9999 -9999 -9999 -9999 -9999 -9999 -9999 -9999 -9999 -9999 -9999 -9999 -9999 -9999 -9999 -9999
101.864 102.034 102.194 102.372 102.507 102.649 102.779 102.892 102.997 103.167 103.372 103.557 103.697 103.829 103.984 104.192 104.387 104.612 104.872 105.059 105.257 105.482 105.667 105.897 106.094 106.367 106.587 106.794 107.144 108.182 110.017 109.972 109.632 109.632 -9999 -9999 -9999 -9999 -9999 -9999 -9999 -9999 -9999 -9999 -9999 -9999 -9999 -9999 -9999 -9999 -9999 -9999 -9999 -9999 -9999 -9999 -9999 -9999 -9999 -9999 -9999 -9999 -9999 -9999 -9999 -9999 -9999 -9999 -9999
101.774 101.964 102.099 102.277 102.399 102.539 102.664 102.794 102.969 103.099 103.212 103.374 103.599 103.704 103.899 104.087 104.319 104.544 104.747 104.964 105.189 105.372 105.549 105.752 105.959 106.179 106.389 106.702 107.487 109.369 109.564 109.274 109.299 109.424 -9999 -9999 -9999 -9999 -9999 -9999 -9999 -9999 -9999 -9999 -9999 -9999 -9999 -9999 -9999 -9999 -9999 -9999 -9999 -9999 -9999 -9999 -9999 -9999 -9999 -9999 -9999 -9999 -9999 -9999 -9999 -9999 -9999 -9999 -9999
101.699 101.872 102.042 102.177 102.284 102.454 102.579 102.704 102.882 102.999 103.174 103.297 103.454 103.629 103.782 103.994 104.209 104.432 104.659 104.879 105.052 105.252 105.452 105.649 105.844 106.009 106.252 106.949 108.564 108.587 108.767 108.902 109.054 109.257 -9999 -9999 -9999 -9999 -9999 -9999 -9999 -9999 -9999 -9999 -9999 -9999 -9999 -9999 -9999 -9999 -9999 -9999 -9999 -9999 -9999 -9999 -9999 -9999 -9999 -9999 -9999 -9999 -9999 -9999 -9999 -9999 -9999 -9999 -9999
101.632 101.774 101.934 102.062 102.192 102.342 102.497 102.589 102.724 102.874 103.067 103.182 103.339 103.502 103.694 103.929 104.124 104.334 104.567 104.789 104.982 105.139 105.352 105.499 105.662 105.889 106.524 108.569 108.644 108.102 108.432 108.549 108.822 109.102 -9999 -9999 -9999 -9999 -9999 -9999 -9999 -9999 -9999 -9999 -9999 -9999 -9999 -9999 -9999 -9999 -9999 -9999 -9999 -9999 -9999 -9999 -9999 -9999 -9999 -9999 -9999 -9999 -9999 -9999 -9999 -9999 -9999 -9999 -9999
101.562 101.709 101.842 101.982 102.102 102.244 102.369 102.512 102.619 102.804 102.937 103.064 103.227 103.399 103.594 103.799 104.039 104.259 104.479 104.677 104.887 105.024 105.199 105.392 105.542 105.844 107.329 111.102 107.762 107.989 108.169 108.389 108.672 108.972 -9999 -9999 -9999 -9999 -9999 -9999 -9999 -9999 -9999 -9999 -9999 -9999 -9999 -9999 -9999 -9999 -9999 -9999 -9999 -9999 -9999 -9999 -9999 -9999 -9999 -9999 -9999 -9999 -9999 -9999 -9999 -9999 -9999 -9999 -9999
101.504 101.622 101.772 101.874 102.002 102.134 102.279 102.402 102.569 102.717 102.824 102.977 103.132 103.312 103.544 103.742 103.942 104.154 104.379 104.572 104.747 104.927 105.067 105.274 105.527 106.384 107.139 107.499 107.484 107.777 107.962 108.257 108.522 108.842 -9999 -9999 -9999 -9999 -9999 -9999 -9999 -9999 -9999 -9999 -9999 -9999 -9999 -9999 -9999 -9999 -9999 -9999 -9999 -9999 -9999 -9999 -9999 -9999 -9999 -9999 -9999 -9999 -9999 -9999 -9999 -9999 -9999 -9999 -9999
101.427 101.527 101.644 101.809 101.894 102.057 102.189 102.342 102.499 102.604 102.727 102.897 103.059 103.257 103.442 103.677 103.859 104.077 104.312 104.472 104.639 104.784 104.929 105.142 105.664 107.289 107.534 107.144 107.327 107.529 107.782 108.079 108.432 108.792 -9999 -9999 -9999 -9999 -9999 -9999 -9999 -9999 -9999 -9999 -9999 -9999 -9999 -9999 -9999 -9999 -9999 -9999 -9999 -9999 -9999 -9999 -9999 -9999 -9999 -9999 -9999 -9999 -9999 -9999 -9999 -9999 -9999 -9999 -9999
101.362 101.459 101.582 101.707 101.834 101.979 102.089 102.214 102.377 102.512 102.644 102.789 102.974 103.177 103.382 103.567 103.782 103.984 104.189 104.369 104.509 104.639 104.814 106.007 106.982 106.594 106.989 106.994 107.172 107.404 107.734 108.032 108.399 108.747 109.039 -9999 -9999 -9999 -9999 -9999 -9999 -9999 -9999 -9999 -9999 -9999 -9999 -9999 -9999 -9999 -9999 -9999 -9999 -9999 -9999 -9999 -9999 -9999 -9999 -9999 -9999 -9999 -9999 -9999 -9999 -9999 -9999 -9999 -9999
101.229 101.359 101.522 101.632 101.772 101.867 101.989 102.179 102.269 102.397 102.584 102.752 102.932 103.127 103.274 103.492 103.714 103.914 104.074 104.222 104.374 104.504 105.169 107.749 106.672 106.477 106.662 106.819 107.064 107.359 107.644 107.989 108.347 108.679 109.007 -9999 -9999 -9999 -9999 -9999 -9999 -9999 -9999 -9999 -9999 -9999 -9999 -9999 -9999 -9999 -9999 -9999 -9999 -9999 -9999 -9999 -9999 -9999 -9999 -9999 -9999 -9999 -9999 -9999 -9999 -9999 -9999 -9999 -9999
101.179 101.302 101.442 101.579 101.684 101.829 101.924 102.097 102.222 102.347 102.507 102.677 102.864 103.039 103.217 103.412 103.622 103.784 103.932 104.062 104.269 104.602 105.974 106.162 106.212 106.377 106.552 106.737 107.007 107.337 107.634 108.027 108.347 108.709 108.994 -9999 -9999 -9999 -9999 -9999 -9999 -9999 -9999 -9999 -9999 -9999 -9999 -9999 -9999 -9999 -9999 -9999 -9999 -9999 -9999 -9999 -9999 -9999 -9999 -9999 -9999 -9999 -9999 -9999 -9999 -9999 -9999 -9999 -9999
101.084 101.232 101.382 101.482 101.647 101.734 101.869 101.999 102.157 102.282 102.452 102.617 102.787 102.972 103.167 103.357 103.547 103.687 103.794 103.962 104.207 105.502 105.907 105.832 106.004 106.212 106.452 106.724 107.002 107.337 107.712 108.054 108.377 108.672 108.989 -9999 -9999 -9999 -9999 -9999 -9999 -9999 -9999 -9999 -9999 -9999 -9999 -9999 -9999 -9999 -9999 -9999 -9999 -9999 -9999 -9999 -9999 -9999 -9999 -9999 -9999 -9999 -9999 -9999 -9999 -9999 -9999 -9999 -9999
101.012 101.179 101.282 101.384 101.557 101.669 101.772 101.917 102.062 102.227 102.404 102.564 102.754 102.902 103.107 103.272 103.437 103.574 103.684 103.877 105.182 105.559 105.589 105.764 105.969 106.132 106.417 106.722 107.049 107.447 107.779 108.112 108.412 108.729 109.019 109.263 -9999 -9999 -9999 -9999 -9999 -9999 -9999 -9999 -9999 -9999 -9999 -9999 -9999 -9999 -9999 -9999 -9999 -9999 -9999 -9999 -9999 -9999 -9999 -9999 -9999 -9999 -9999 -9999 -9999 -9999 -9999 -9999 -9999
100.912 101.059 101.187 101.317 101.464 101.594 101.712 101.839 101.999 102.142 102.317 102.494 102.667 102.844 103.012 103.174 103.309 103.414 103.599 104.209 104.962 105.227 105.509 105.667 105.834 106.132 106.424 106.777 107.144 107.522 107.874 108.202 108.497 108.804 109.057 109.322 -9999 -9999 -9999 -9999 -9999 -9999 -9999 -9999 -9999 -9999 -9999 -9999 -9999 -9999 -9999 -9999 -9999 -9999 -9999 -9999 -9999 -9999 -9999 -9999 -9999 -9999 -9999 -9999 -9999 -9999 -9999 -9999 -9999
100.864 100.989 101.129 101.279 101.382 101.502 101.649 101.792 101.929 102.104 102.252 102.409 102.582 102.764 102.922 103.067 103.127 103.334 104.082 104.734 105.022 105.239 105.374 105.574 105.782 106.134 106.494 106.872 107.259 107.614 107.924 108.312 108.572 108.874 109.127 109.364 -9999 -9999 -9999 -9999 -9999 -9999 -9999 -9999 -9999 -9999 -9999 -9999 -9999 -9999 -9999 -9999 -9999 -9999 -9999 -9999 -9999 -9999 -9999 -9999 -9999 -9999 -9999 -9999 -9999 -9999 -9999 -9999 -9999
100.792 100.929 101.067 101.189 101.299 101.434 101.589 101.719 101.829 102.027 102.162 102.367 102.507 102.662 102.792 102.894 103.097 103.514 105.437 104.734 104.989 105.187 105.232 105.509 105.824 106.162 106.569 106.959 107.379 107.742 108.087 108.399 108.707 108.952 109.192 109.389 -9999 -9999 -9999 -9999 -9999 -9999 -9999 -9999 -9999 -9999 -9999 -9999 -9999 -9999 -9999 -9999 -9999 -9999 -9999 -9999 -9999 -9999 -9999 -9999 -9999 -9999 -9999 -9999 -9999 -9999 -9999 -9999 -9999
100.712 100.874 100.992 101.107 101.219 101.367 101.512 101.637 101.792 101.974 102.102 102.277 102.414 102.574 102.674 102.802 106.022 107.274 106.137 104.669 104.897 105.052 105.187 105.529 105.874 106.257 106.669 107.069 107.459 107.862 108.224 108.527 108.832 109.057 109.279 109.454 109.632 -9999 -9999 -9999 -9999 -9999 -9999 -9999 -9999 -9999 -9999 -9999 -9999 -9999 -9999 -9999 -9999 -9999 -9999 -9999 -9999 -9999 -9999 -9999 -9999 -9999 -9999 -9999 -9999 -9999 -9999 -9999 -9999
100.657 100.777 100.884 101.017 101.149 101.302 101.429 101.579 101.704 101.882 102.022 102.184 102.324 102.439 102.547 104.392 108.829 109.949 107.719 104.637 104.792 104.947 105.222 105.519 105.954 106.377 106.787 107.184 107.629 107.999 108.349 108.627 108.902 109.127 109.317 109.512 109.649 -9999 -9999 -9999 -9999 -9999 -9999 -9999 -9999 -9999 -9999 -9999 -9999 -9999 -9999 -9999 -9999 -9999 -9999 -9999 -9999 -9999 -9999 -9999 -9999 -9999 -9999 -9999 -9999 -9999 -9999 -9999 -9999
100.612 100.734 100.832 100.942 101.087 101.227 101.344 101.504 101.657 101.764 101.957 102.084 102.199 102.299 102.844 107.727 109.372 108.659 105.292 104.559 104.617 104.882 105.222 105.622 106.029 106.447 106.904 107.337 107.734 108.107 108.459 108.757 109.002 109.192 109.399 109.562 109.652 -9999 -9999 -9999 -9999 -9999 -9999 -9999 -9999 -9999 -9999 -9999 -9999 -9999 -9999 -9999 -9999 -9999 -9999 -9999 -9999 -9999 -9999 -9999 -9999 -9999 -9999 -9999 -9999 -9999 -9999 -9999 -9999
100.539 100.642 100.767 100.867 101.012 101.162 101.289 101.422 101.562 101.709 101.859 101.952 102.057 102.262 104.337 108.537 108.052 105.632 104.237 104.377 104.642 104.939 105.284 105.687 106.142 106.587 107.017 107.447 107.854 108.199 108.554 108.847 109.069 109.257 109.407 109.562 109.672 109.774 -9999 -9999 -9999 -9999 -9999 -9999 -9999 -9999 -9999 -9999 -9999 -9999 -9999 -9999 -9999 -9999 -9999 -9999 -9999 -9999 -9999 -9999 -9999 -9999 -9999 -9999 -9999 -9999 -9999 -9999 -9999
100.479 100.594 100.707 100.859 100.947 101.092 101.197 101.342 101.492 101.609 101.737 101.794 101.949 102.242 104.422 105.709 105.062 103.954 104.117 104.304 104.624 104.957 105.357 105.804 106.272 106.687 107.127 107.572 107.979 108.322 108.637 108.899 109.144 109.352 109.487 109.582 109.709 109.792 -9999 -9999 -9999 -9999 -9999 -9999 -9999 -9999 -9999 -9999 -9999 -9999 -9999 -9999 -9999 -9999 -9999 -9999 -9999 -9999 -9999 -9999 -9999 -9999 -9999 -9999 -9999 -9999 -9999 -9999 -9999
100.409 100.512 100.647 100.782 100.892 101.019 101.124 101.252 101.384 101.502 101.577 101.684 102.069 103.389 104.289 103.542 103.764 103.852 104.019 104.299 104.629 105.004 105.437 105.902 106.342 106.839 107.247 107.669 108.069 108.407 108.702 108.972 109.184 109.359 109.509 109.624 109.704 109.784 109.803 -9999 -9999 -9999 -9999 -9999 -9999 -9999 -9999 -9999 -9999 -9999 -9999 -9999 -9999 -9999 -9999 -9999 -9999 -9999 -9999 -9999 -9999 -9999 -9999 -9999 -9999 -9999 -9999 -9999 -9999
100.329 100.454 100.579 100.714 100.794 100.904 101.044 101.187 101.289 101.342 101.449 101.669 102.039 104.159 103.272 103.472 103.639 103.742 103.999 104.317 104.667 105.087 105.527 105.977 106.472 106.937 107.369 107.754 108.132 108.507 108.752 109.037 109.232 109.372 109.527 109.594 109.682 109.732 109.769 -9999 -9999 -9999 -9999 -9999 -9999 -9999 -9999 -9999 -9999 -9999 -9999 -9999 -9999 -9999 -9999 -9999 -9999 -9999 -9999 -9999 -9999 -9999 -9999 -9999 -9999 -9999 -9999 -9999 -9999
100.277 100.394 100.509 100.629 100.719 100.849 100.969 101.074 101.172 101.222 101.372 101.742 103.637 103.149 103.107 103.359 103.479 103.712 104.027 104.359 104.734 105.172 105.642 106.107 106.579 107.034 107.432 107.817 108.229 108.532 108.854 109.067 109.282 109.419 109.497 109.597 109.659 109.697 109.712 -9999 -9999 -9999 -9999 -9999 -9999 -9999 -9999 -9999 -9999 -9999 -9999 -9999 -9999 -9999 -9999 -9999 -9999 -9999 -9999 -9999 -9999 -9999 -9999 -9999 -9999 -9999 -9999 -9999 -9999
100.172 100.269 100.409 100.529 100.637 100.772 100.867 100.954 101.029 101.134 101.347 102.879 103.407 102.672 103.117 103.209 103.379 103.687 103.999 104.379 104.827 105.314 105.772 106.217 106.697 107.137 107.534 107.919 108.284 108.582 108.859 109.102 109.257 109.404 109.507 109.574 109.617 109.632 109.619 109.579 -9999 -9999 -9999 -9999 -9999 -9999 -9999 -9999 -9999 -9999 -9999 -9999 -9999 -9999 -9999 -9999 -9999 -9999 -9999 -9999 -9999 -9999 -9999 -9999 -9999 -9999 -9999 -9999 -9999
100.067 100.174 100.294 100.409 100.519 100.619 100.714 100.797 100.929 101.062 101.964 103.152 102.489 102.784 102.967 103.089 103.379 103.712 104.027 104.444 104.912 105.374 105.852 106.302 106.764 107.192 107.639 107.999 108.314 108.627 108.882 109.124 109.244 109.354 109.472 109.497 109.532 109.527 109.522 109.474 -9999 -9999 -9999 -9999 -9999 -9999 -9999 -9999 -9999 -9999 -9999 -9999 -9999 -9999 -9999 -9999 -9999 -9999 -9999 -9999 -9999 -9999 -9999 -9999 -9999 -9999 -9999 -9999 -9999
99.937 100.064 100.174 100.274 100.412 100.512 100.599 100.669 100.859 101.419 103.169 101.937 102.327 102.722 102.847 103.049 103.344 103.724 104.114 104.559 105.019 105.474 105.959 106.417 106.849 107.274 107.684 108.034 108.372 108.659 108.927 109.102 109.239 109.337 109.399 109.429 109.447 109.434 109.424 109.379 -9999 -9999 -9999 -9999 -9999 -9999 -9999 -9999 -9999 -9999 -9999 -9999 -9999 -9999 -9999 -9999 -9999 -9999 -9999 -9999 -9999 -9999 -9999 -9999 -9999 -9999 -9999 -9999 -9999
99.807 99.934 100.029 100.127 100.244 100.319 100.404 100.537 100.642 101.467 102.557 101.964 102.452 102.619 102.759 103.084 103.394 103.749 104.202 104.654 105.127 105.609 106.064 106.502 106.944 107.357 107.732 108.077 108.422 108.704 108.914 109.087 109.187 109.279 109.324 109.324 109.344 109.317 109.309 109.282 109.244 -9999 -9999 -9999 -9999 -9999 -9999 -9999 -9999 -9999 -9999 -9999 -9999 -9999 -9999 -9999 -9999 -9999 -9999 -9999 -9999 -9999 -9999 -9999 -9999 -9999 -9999 -9999 -9999
99.642 99.764 99.889 99.972 100.052 100.122 100.247 100.417 101.074 102.139 103.389 102.147 102.317 102.462 102.742 103.054 103.439 103.867 104.312 104.747 105.227 105.672 106.139 106.569 107.034 107.412 107.792 108.147 108.444 108.697 108.877 108.999 109.122 109.179 109.212 109.212 109.239 109.194 109.219 109.167 109.144 -9999 -9999 -9999 -9999 -9999 -9999 -9999 -9999 -9999 -9999 -9999 -9999 -9999 -9999 -9999 -9999 -9999 -9999 -9999 -9999 -9999 -9999 -9999 -9999 -9999 -9999 -9999 -9999
99.447 99.559 99.702 99.792 99.879 99.992 100.097 100.489 102.297 101.329 101.692 102.034 102.202 102.467 102.732 103.064 103.489 103.957 104.394 104.842 105.292 105.734 106.187 106.662 107.064 107.434 107.824 108.144 108.447 108.654 108.829 108.947 109.014 109.054 109.087 109.104 109.084 109.047 109.082 109.027 108.989 109.007 -9999 -9999 -9999 -9999 -9999 -9999 -9999 -9999 -9999 -9999 -9999 -9999 -9999 -9999 -9999 -9999 -9999 -9999 -9999 -9999 -9999 -9999 -9999 -9999 -9999 -9999 -9999
