data/LIDAR-DSM-2M-NZ24se/nz2544_DSM_2M.asc
ncols 500
nrows 500
xllcorner    425000
yllcorner    544000
cellsize     2
NODATA_value -9999
[rows 341 to 371 of 500, columns 69 to 137 of 500]
88.954 89.032 89.144 89.209 89.299 89.372 89.432 89.539 89.564 89.657 89.742 89.834 89.902 89.979 90.079 90.144 90.227 90.327 90.422 90.542 90.637 90.752 90.887 91.027 91.129 91.299 91.467 91.672 91.877 92.134 92.349 92.607 92.862 93.097 93.312 93.532 93.702 93.882 94.054 94.197 94.329 94.449 94.562 94.677 94.799 94.907 95.079 95.304 95.414 95.342 95.454 95.602 95.709 95.857 95.989 96.174 96.312 96.459 96.642 96.827 96.944 97.119 97.249 97.419 97.589 97.729 97.867 98.019 98.152
88.759 88.824 88.904 88.994 89.092 89.144 89.194 89.274 89.327 89.407 89.519 89.567 89.677 89.769 89.857 89.904 89.977 90.082 90.172 90.279 90.382 90.517 90.639 90.772 90.879 91.074 91.282 91.457 91.699 91.924 92.172 92.434 92.664 92.894 93.107 93.307 93.494 93.692 93.847 93.992 94.104 94.232 94.319 94.457 94.554 94.672 94.894 95.114 94.984 95.097 95.232 95.374 95.512 95.647 95.797 95.944 96.142 96.272 96.447 96.607 96.762 96.952 97.074 97.227 97.409 97.562 97.722 97.867 97.957
88.537 88.634 88.647 88.759 88.842 88.874 88.972 88.992 89.089 89.172 89.239 89.324 89.392 89.512 89.579 89.634 89.722 89.837 89.927 90.024 90.164 90.279 90.394 90.562 90.697 90.879 91.077 91.269 91.474 91.724 91.979 92.214 92.464 92.709 92.914 93.099 93.294 93.444 93.617 93.754 93.862 93.964 94.107 94.214 94.332 94.474 94.907 94.799 94.779 94.889 94.977 95.147 95.282 95.412 95.569 95.712 95.894 96.087 96.247 96.379 96.584 96.724 96.892 97.079 97.212 97.434 97.567 97.694 97.827
88.332 88.404 88.477 88.547 88.567 88.607 88.694 88.759 88.839 88.932 88.992 89.082 89.194 89.249 89.344 89.389 89.492 89.587 89.694 89.814 89.932 90.029 90.174 90.339 90.497 90.682 90.877 91.072 91.297 91.527 91.767 92.029 92.262 92.469 92.684 92.869 93.057 93.204 93.377 93.519 93.622 93.732 93.862 93.982 94.119 94.414 94.557 94.432 94.567 94.657 94.782 94.937 95.044 95.187 95.359 95.529 95.679 95.859 96.029 96.194 96.379 96.559 96.724 96.917 97.062 97.249 97.392 97.527 97.682
88.149 88.202 88.267 88.309 88.362 88.389 88.479 88.527 88.644 88.692 88.787 88.852 88.964 89.034 89.102 89.204 89.279 89.392 89.477 89.584 89.714 89.799 89.974 90.129 90.282 90.434 90.677 90.872 91.104 91.332 91.574 91.807 92.012 92.254 92.452 92.639 92.812 92.959 93.124 93.257 93.359 93.487 93.592 93.737 93.969 94.307 94.159 94.202 94.314 94.439 94.574 94.742 94.882 94.959 95.127 95.289 95.469 95.602 95.807 95.984 96.149 96.329 96.562 96.722 96.892 97.067 97.197 97.369 97.494
87.942 87.989 88.064 88.102 88.147 88.194 88.257 88.299 88.422 88.479 88.587 88.664 88.734 88.789 88.877 88.979 89.052 89.142 89.259 89.342 89.484 89.614 89.744 89.922 90.072 90.284 90.452 90.662 90.922 91.144 91.374 91.597 91.812 92.017 92.197 92.389 92.559 92.709 92.862 92.972 93.092 93.232 93.377 93.564 93.924 93.869 93.894 93.969 94.099 94.214 94.362 94.484 94.624 94.774 94.889 95.072 95.232 95.387 95.582 95.777 95.964 96.187 96.357 96.522 96.682 96.839 97.009 97.184 97.259
87.774 87.822 87.867 87.877 87.927 87.994 88.067 88.114 88.209 88.274 88.372 88.454 88.527 88.609 88.702 88.797 88.862 88.962 89.049 89.169 89.292 89.407 89.547 89.704 89.867 90.054 90.249 90.497 90.687 90.937 91.127 91.347 91.567 91.802 91.997 92.129 92.304 92.469 92.592 92.732 92.864 92.992 93.189 93.447 93.604 93.549 93.649 93.772 93.919 94.022 94.129 94.249 94.362 94.522 94.674 94.817 94.982 95.172 95.344 95.557 95.739 95.954 96.142 96.304 96.482 96.637 96.807 96.962 97.067
87.632 87.677 87.692 87.699 87.739 87.794 87.859 87.934 88.039 88.097 88.197 88.277 88.319 88.404 88.489 88.612 88.684 88.792 88.877 88.962 89.114 89.207 89.327 89.489 89.694 89.854 90.054 90.284 90.454 90.692 90.892 91.102 91.354 91.534 91.737 91.882 92.087 92.214 92.349 92.492 92.634 92.782 93.027 93.349 93.232 93.342 93.439 93.554 93.702 93.759 93.897 94.022 94.157 94.302 94.444 94.562 94.744 94.929 95.129 95.347 95.519 95.717 95.932 96.072 96.272 96.432 96.589 96.732 96.867
87.502 87.522 87.512 87.539 87.582 87.587 87.702 87.764 87.842 87.907 87.989 88.057 88.122 88.227 88.314 88.437 88.512 88.604 88.679 88.789 88.889 89.012 89.164 89.324 89.497 89.672 89.834 90.067 90.262 90.454 90.654 90.884 91.139 91.304 91.477 91.664 91.839 91.957 92.114 92.254 92.392 92.597 92.927 93.029 92.972 93.099 93.229 93.349 93.472 93.567 93.687 93.784 93.914 94.067 94.172 94.307 94.524 94.682 94.904 95.104 95.284 95.504 95.674 95.867 96.022 96.197 96.379 96.529 96.644
87.357 87.369 87.352 87.377 87.439 87.492 87.532 87.587 87.654 87.717 87.814 87.884 87.959 88.062 88.139 88.227 88.314 88.414 88.507 88.619 88.747 88.852 88.994 89.134 89.304 89.474 89.647 89.864 90.037 90.249 90.457 90.667 90.867 91.069 91.219 91.434 91.572 91.734 91.892 92.012 92.182 92.442 92.719 92.699 92.797 92.897 93.039 93.164 93.227 93.349 93.427 93.547 93.692 93.802 93.907 94.067 94.249 94.442 94.649 94.839 95.084 95.252 95.439 95.624 95.789 95.934 96.124 96.292 96.434
87.249 87.259 87.249 87.239 87.302 87.357 87.369 87.432 87.529 87.544 87.639 87.727 87.817 87.897 87.954 88.059 88.142 88.272 88.332 88.429 88.547 88.672 88.824 88.962 89.132 89.284 89.449 89.654 89.832 90.049 90.242 90.449 90.639 90.837 91.017 91.217 91.319 91.517 91.664 91.814 92.042 92.377 92.332 92.469 92.564 92.709 92.819 92.904 93.017 93.114 93.214 93.314 93.427 93.509 93.679 93.822 93.997 94.164 94.379 94.612 94.807 94.994 95.157 95.359 95.547 95.734 95.882 96.049 96.227
87.129 87.109 87.104 87.132 87.144 87.179 87.247 87.282 87.359 87.422 87.504 87.589 87.637 87.712 87.787 87.877 87.962 88.089 88.129 88.257 88.382 88.507 88.634 88.797 88.937 89.074 89.289 89.459 89.639 89.829 90.037 90.239 90.427 90.634 90.797 90.954 91.134 91.302 91.434 91.627 92.007 92.119 92.147 92.224 92.347 92.504 92.584 92.694 92.807 92.867 92.954 93.074 93.172 93.302 93.427 93.569 93.762 93.924 94.152 94.367 94.547 94.747 94.924 95.124 95.289 95.484 95.672 95.842 95.997
86.999 86.994 86.969 87.029 87.032 87.057 87.109 87.144 87.229 87.264 87.349 87.427 87.507 87.564 87.629 87.697 87.812 87.902 87.989 88.104 88.222 88.359 88.474 88.637 88.774 88.947 89.104 89.252 89.474 89.649 89.852 90.044 90.237 90.407 90.597 90.777 90.944 91.077 91.227 91.529 91.894 91.807 91.934 92.037 92.187 92.297 92.387 92.494 92.537 92.637 92.737 92.829 92.927 93.074 93.172 93.337 93.504 93.684 93.902 94.094 94.292 94.472 94.659 94.884 95.062 95.267 95.422 95.607 95.794
86.914 86.894 86.897 86.909 86.892 86.959 86.982 87.032 87.069 87.124 87.232 87.299 87.377 87.419 87.499 87.577 87.642 87.704 87.819 87.932 88.097 88.204 88.309 88.457 88.594 88.757 88.902 89.087 89.279 89.487 89.682 89.889 90.074 90.232 90.402 90.599 90.762 90.914 91.117 91.529 91.537 91.609 91.744 91.859 91.984 92.072 92.194 92.267 92.314 92.422 92.479 92.579 92.647 92.772 92.932 93.092 93.252 93.439 93.624 93.862 94.027 94.252 94.432 94.652 94.822 95.029 95.222 95.419 95.544
86.802 86.797 86.804 86.772 86.784 86.847 86.869 86.897 86.939 87.019 87.082 87.159 87.222 87.277 87.359 87.419 87.482 87.574 87.662 87.777 87.889 88.024 88.182 88.297 88.459 88.609 88.782 88.957 89.129 89.332 89.509 89.699 89.872 90.037 90.219 90.407 90.572 90.757 91.129 91.292 91.284 91.399 91.529 91.667 91.774 91.877 91.979 92.054 92.109 92.187 92.252 92.357 92.442 92.582 92.722 92.859 93.019 93.192 93.399 93.609 93.794 94.017 94.217 94.404 94.604 94.814 95.009 95.172 95.344
86.707 86.669 86.692 86.687 86.684 86.702 86.767 86.752 86.812 86.869 86.942 87.002 87.052 87.132 87.199 87.274 87.332 87.409 87.524 87.617 87.742 87.872 88.004 88.152 88.329 88.429 88.629 88.782 88.982 89.159 89.384 89.552 89.714 89.887 90.094 90.237 90.422 90.692 91.109 90.984 91.134 91.229 91.362 91.507 91.604 91.712 91.762 91.844 91.882 91.999 92.047 92.139 92.244 92.349 92.464 92.622 92.794 92.944 93.169 93.357 93.579 93.777 93.982 94.172 94.384 94.557 94.772 94.929 95.109
86.604 86.592 86.569 86.589 86.589 86.624 86.649 86.674 86.714 86.774 86.807 86.872 86.914 86.994 87.059 87.124 87.189 87.307 87.387 87.484 87.587 87.724 87.857 88.017 88.144 88.327 88.464 88.662 88.844 89.029 89.229 89.379 89.564 89.769 89.947 90.079 90.362 90.954 90.717 90.839 90.954 91.092 91.209 91.302 91.414 91.507 91.592 91.627 91.712 91.787 91.842 91.932 92.032 92.134 92.247 92.432 92.567 92.739 92.917 93.104 93.327 93.542 93.732 93.924 94.162 94.322 94.509 94.707 94.874
86.527 86.499 86.489 86.482 86.472 86.547 86.512 86.562 86.577 86.637 86.674 86.707 86.759 86.842 86.904 86.987 87.054 87.124 87.234 87.332 87.479 87.609 87.742 87.879 88.014 88.199 88.359 88.522 88.692 88.914 89.054 89.254 89.447 89.639 89.784 89.982 90.464 90.632 90.552 90.687 90.789 90.917 91.044 91.129 91.242 91.292 91.377 91.434 91.514 91.547 91.662 91.692 91.802 91.927 92.057 92.192 92.342 92.519 92.719 92.899 93.077 93.307 93.494 93.697 93.904 94.117 94.319 94.462 94.642
86.412 86.387 86.379 86.374 86.362 86.362 86.369 86.434 86.449 86.484 86.519 86.547 86.644 86.704 86.764 86.839 86.924 87.042 87.102 87.234 87.352 87.484 87.612 87.747 87.912 88.049 88.214 88.412 88.584 88.752 88.912 89.129 89.329 89.489 89.652 89.972 90.444 90.262 90.432 90.542 90.664 90.794 90.909 91.009 91.054 91.157 91.199 91.287 91.319 91.384 91.462 91.539 91.627 91.719 91.862 92.002 92.154 92.342 92.499 92.674 92.864 93.074 93.277 93.482 93.684 93.909 94.064 94.232 94.379
86.317 86.269 86.267 86.252 86.272 86.239 86.259 86.289 86.314 86.364 86.409 86.434 86.497 86.527 86.622 86.719 86.774 86.862 86.982 87.109 87.229 87.339 87.464 87.619 87.764 87.944 88.119 88.287 88.472 88.649 88.809 89.029 89.187 89.364 89.562 90.014 90.107 90.154 90.259 90.389 90.532 90.662 90.767 90.864 90.934 90.987 91.064 91.107 91.154 91.217 91.279 91.389 91.449 91.572 91.657 91.792 91.957 92.102 92.277 92.454 92.647 92.852 93.042 93.267 93.464 93.644 93.804 93.977 94.114
86.197 86.172 86.159 86.134 86.124 86.129 86.129 86.154 86.147 86.207 86.267 86.297 86.327 86.394 86.477 86.564 86.652 86.752 86.874 86.974 87.099 87.232 87.359 87.499 87.682 87.849 88.024 88.202 88.374 88.524 88.734 88.899 89.067 89.282 89.654 89.917 89.884 90.002 90.122 90.304 90.417 90.552 90.634 90.742 90.779 90.879 90.919 90.962 91.022 91.079 91.129 91.227 91.312 91.402 91.477 91.589 91.759 91.877 92.044 92.259 92.432 92.622 92.804 92.992 93.232 93.402 93.564 93.709 93.857
86.062 86.049 86.009 85.994 85.984 86.024 85.987 86.022 86.024 86.082 86.102 86.129 86.197 86.264 86.357 86.462 86.534 86.659 86.774 86.904 87.044 87.119 87.289 87.404 87.577 87.742 87.959 88.117 88.269 88.449 88.652 88.807 88.957 89.197 89.654 89.627 89.757 89.864 90.017 90.189 90.284 90.414 90.522 90.639 90.659 90.742 90.792 90.837 90.907 90.927 91.002 91.069 91.142 91.232 91.322 91.424 91.547 91.687 91.872 92.032 92.199 92.387 92.592 92.754 92.967 93.149 93.324 93.447 93.599
85.942 85.929 85.889 85.862 85.887 85.869 85.837 85.842 85.874 85.882 85.952 85.994 86.069 86.134 86.224 86.317 86.457 86.554 86.662 86.782 86.909 87.039 87.174 87.292 87.472 87.652 87.859 88.024 88.177 88.359 88.547 88.697 88.879 89.337 89.384 89.487 89.604 89.759 89.927 90.069 90.149 90.292 90.402 90.489 90.574 90.602 90.662 90.734 90.794 90.814 90.902 90.927 90.987 91.054 91.169 91.254 91.357 91.514 91.629 91.809 91.982 92.149 92.359 92.524 92.732 92.927 93.059 93.199 93.302
85.827 85.794 85.759 85.752 85.739 85.702 85.714 85.714 85.734 85.747 85.762 85.852 85.952 86.004 86.099 86.192 86.304 86.424 86.554 86.692 86.804 86.944 87.107 87.247 87.432 87.572 87.777 87.964 88.104 88.294 88.449 88.624 88.959 89.254 89.259 89.392 89.487 89.647 89.787 89.932 90.057 90.182 90.272 90.382 90.417 90.489 90.557 90.607 90.672 90.727 90.762 90.809 90.854 90.932 91.034 91.107 91.212 91.332 91.484 91.637 91.774 91.974 92.124 92.319 92.499 92.657 92.839 92.924 93.052
85.707 85.674 85.607 85.584 85.582 85.564 85.549 85.564 85.552 85.617 85.649 85.707 85.814 85.907 85.997 86.102 86.204 86.334 86.472 86.577 86.719 86.864 87.027 87.162 87.347 87.539 87.692 87.862 88.072 88.204 88.342 88.622 89.067 89.089 89.187 89.272 89.389 89.554 89.679 89.814 89.957 90.047 90.164 90.219 90.312 90.417 90.447 90.514 90.544 90.587 90.622 90.659 90.724 90.782 90.847 90.934 91.037 91.154 91.299 91.429 91.587 91.732 91.934 92.092 92.244 92.417 92.529 92.679 92.814
85.554 85.524 85.497 85.467 85.437 85.434 85.412 85.429 85.447 85.479 85.544 85.577 85.664 85.789 85.864 86.002 86.099 86.219 86.349 86.482 86.604 86.762 86.934 87.099 87.287 87.477 87.629 87.807 87.962 88.112 88.304 88.819 88.974 88.949 89.029 89.167 89.312 89.427 89.569 89.684 89.809 89.924 90.012 90.092 90.192 90.272 90.307 90.359 90.422 90.474 90.492 90.542 90.584 90.639 90.692 90.794 90.912 90.997 91.104 91.262 91.384 91.527 91.689 91.852 91.999 92.159 92.274 92.414 92.552
85.389 85.367 85.359 85.334 85.279 85.294 85.284 85.257 85.304 85.362 85.429 85.472 85.537 85.674 85.792 85.894 86.014 86.139 86.247 86.372 86.559 86.694 86.872 87.032 87.212 87.374 87.557 87.734 87.889 88.047 88.417 88.769 88.694 88.839 88.969 89.079 89.202 89.342 89.479 89.599 89.704 89.789 89.899 89.984 90.082 90.124 90.204 90.264 90.297 90.339 90.364 90.392 90.422 90.472 90.562 90.654 90.759 90.837 90.952 91.084 91.219 91.349 91.467 91.609 91.777 91.874 92.032 92.179 92.302
85.262 85.234 85.194 85.194 85.137 85.142 85.137 85.134 85.157 85.224 85.317 85.372 85.467 85.559 85.689 85.787 85.929 86.032 86.169 86.292 86.469 86.622 86.784 86.944 87.119 87.279 87.487 87.627 87.807 88.097 88.597 88.554 88.622 88.742 88.852 89.012 89.122 89.277 89.367 89.507 89.602 89.687 89.792 89.862 89.942 90.029 90.064 90.139 90.172 90.197 90.217 90.292 90.304 90.352 90.434 90.514 90.607 90.687 90.809 90.897 91.054 91.129 91.247 91.394 91.527 91.659 91.792 91.892 92.027
85.122 85.104 85.054 85.044 85.004 84.992 85.007 85.019 85.039 85.117 85.177 85.267 85.344 85.457 85.562 85.702 85.849 85.954 86.079 86.234 86.402 86.514 86.704 86.854 87.012 87.207 87.402 87.579 87.769 88.264 88.392 88.379 88.514 88.662 88.777 88.922 89.044 89.154 89.279 89.389 89.514 89.562 89.662 89.737 89.812 89.884 89.932 89.977 90.027 90.047 90.102 90.142 90.194 90.249 90.282 90.352 90.429 90.537 90.612 90.729 90.829 90.942 91.039 91.147 91.299 91.422 91.517 91.657 91.787
85.014 84.959 84.907 84.889 84.877 84.877 84.867 84.917 84.939 84.982 85.102 85.144 85.237 85.372 85.472 85.597 85.722 85.862 86.007 86.142 86.297 86.457 86.649 86.767 86.957 87.152 87.292 87.499 87.867 88.217 88.184 88.307 88.424 88.557 88.717 88.839 88.982 89.052 89.197 89.292 89.384 89.462 89.564 89.632 89.714 89.759 89.819 89.867 89.897 89.942 89.969 90.007 90.077 90.119 90.157 90.192 90.294 90.364 90.452 90.552 90.642 90.744 90.827 90.929 91.037 91.152 91.269 91.389 91.504
84.847 84.779 84.734 84.742 84.714 84.744 84.739 84.789 84.832 84.872 84.959 85.034 85.149 85.244 85.387 85.492 85.624 85.774 85.914 86.049 86.184 86.364 86.522 86.694 86.867 87.044 87.202 87.554 87.969 87.984 88.074 88.219 88.337 88.524 88.644 88.779 88.889 89.014 89.119 89.197 89.282 89.342 89.409 89.509 89.559 89.624 89.684 89.722 89.752 89.797 89.844 89.894 89.927 89.974 89.974 90.037 90.122 90.194 90.304 90.357 90.477 90.529 90.627 90.749 90.794 90.929 91.029 91.142 91.297
