data/LIDAR-DSM-2M-NZ24se/nz2542_DSM_2M.asc
ncols 500
nrows 500
xllcorner    425000
yllcorner    542000
cellsize     2
NODATA_value -9999
[rows 224 to 255 of 500, columns 0 to 72 of 500]
94.343 94.213 94.025 93.833 93.693 93.56 93.428 93.305 93.185 93.07 92.978 92.925 92.875 92.8 92.7 92.618 92.495 92.365 92.22 92.1 91.968 91.838 91.713 91.593 91.46 91.323 91.205 91.073 90.903 90.76 90.615 90.515 90.378 90.255 90.12 89.98 89.865 89.723 89.598 89.493 89.423 89.358 89.325 89.303 89.28 89.215 89.193 89.18 89.185 89.063 88.9 88.865 88.933 88.945 89.063 89.01 88.693 88.51 88.428 88.4 88.375 88.49 88.338 87.24 86.943 86.645 86.598 86.57 86.278 86.468 87.483 87.143 86.27
94.51 94.338 94.145 94.008 93.863 93.708 93.57 93.455 93.318 93.223 93.113 93.02 92.978 92.905 92.818 92.738 92.618 92.49 92.345 92.22 92.09 91.955 91.82 91.703 91.57 91.445 91.325 91.185 91.045 90.9 90.75 90.62 90.48 90.368 90.228 90.103 89.983 89.85 89.748 89.635 89.518 89.433 89.36 89.305 89.255 89.23 89.188 89.138 89.093 89.07 89.068 88.953 88.673 88.74 88.93 88.963 88.98 88.773 88.568 88.45 88.408 88.34 88.228 88.233 87.468 86.975 86.833 86.783 86.733 86.725 86.643 86.533 86.458
94.67 94.473 94.323 94.178 94.03 93.88 93.748 93.593 93.453 93.328 93.25 93.143 93.07 93.018 92.918 92.85 92.745 92.62 92.505 92.353 92.205 92.068 91.95 91.82 91.678 91.565 91.445 91.288 91.185 91.018 90.878 90.738 90.603 90.518 90.375 90.22 90.103 90.008 89.9 89.815 89.665 89.555 89.435 89.36 89.27 89.208 89.175 89.118 89.068 89.013 88.963 88.943 88.905 88.605 88.598 88.733 88.865 88.965 89.085 88.7 88.48 88.408 88.313 88.205 88.15 87.703 87.223 87.18 86.918 86.853 86.9 86.795 86.653
94.815 94.63 94.503 94.368 94.215 94.053 93.913 93.738 93.595 93.488 93.383 93.265 93.163 93.093 93.013 92.955 92.865 92.748 92.613 92.475 92.323 92.208 92.065 91.945 91.793 91.673 91.548 91.415 91.288 91.188 91.03 90.873 90.745 90.628 90.505 90.383 90.25 90.143 90.033 89.945 89.828 89.713 89.575 89.405 89.315 89.203 89.135 89.09 89.058 88.998 88.928 88.873 88.835 88.843 88.57 88.438 88.688 88.903 89.01 88.878 88.753 88.533 88.42 88.343 88.258 88.158 87.868 87.413 87.238 87.053 87.018 86.935 86.82
94.943 94.81 94.693 94.555 94.395 94.228 94.045 93.9 93.758 93.61 93.515 93.398 93.293 93.193 93.078 93.04 92.97 92.848 92.74 92.61 92.455 92.33 92.18 92.06 91.923 91.783 91.64 91.525 91.428 91.3 91.155 91.023 90.875 90.755 90.635 90.528 90.408 90.293 90.165 90.068 89.925 89.83 89.693 89.545 89.418 89.268 89.143 89.07 89.003 88.955 88.918 88.853 88.768 88.728 88.698 88.633 88.423 88.503 88.78 88.9 88.85 88.86 88.588 88.443 88.363 88.288 88.118 88.023 87.53 87.29 87.133 86.97 86.879
95.13 94.973 94.855 94.708 94.588 94.405 94.243 94.055 93.908 93.76 93.628 93.518 93.41 93.295 93.183 93.12 93.03 92.945 92.86 92.74 92.615 92.475 92.338 92.17 92.043 91.888 91.743 91.635 91.528 91.405 91.273 91.15 91.015 90.895 90.77 90.653 90.538 90.418 90.29 90.16 90.043 89.938 89.793 89.663 89.54 89.378 89.235 89.093 88.973 88.905 88.855 88.815 88.773 88.705 88.655 88.605 88.605 88.418 88.323 88.623 88.853 88.933 88.83 88.655 88.5 88.373 88.273 88.193 88.09 87.805 87.38 87.228 87.013
95.283 95.135 95.003 94.888 94.75 94.565 94.4 94.21 94.053 93.9 93.768 93.663 93.53 93.398 93.308 93.2 93.1 93.005 92.925 92.835 92.728 92.615 92.455 92.305 92.155 92.013 91.87 91.748 91.648 91.515 91.423 91.303 91.163 91.05 90.92 90.773 90.645 90.553 90.438 90.288 90.148 90.018 89.895 89.765 89.605 89.478 89.323 89.178 89.013 88.92 88.823 88.768 88.733 88.683 88.625 88.568 88.52 88.478 88.475 88.16 88.373 88.765 88.903 88.775 88.665 88.52 88.405 88.29 88.203 88.145 87.968 87.32 87.257
95.445 95.323 95.188 95.025 94.878 94.733 94.573 94.378 94.228 94.053 93.908 93.768 93.615 93.508 93.4 93.295 93.183 93.105 93.03 92.943 92.855 92.725 92.595 92.458 92.298 92.15 92.02 91.875 91.775 91.658 91.543 91.43 91.313 91.22 91.065 90.94 90.805 90.673 90.563 90.433 90.288 90.095 89.963 89.818 89.67 89.565 89.403 89.285 89.105 88.983 88.855 88.743 88.668 88.653 88.605 88.555 88.495 88.428 88.413 88.43 88.353 88.128 88.523 88.778 88.85 88.718 88.59 88.423 88.278 88.258 88.253 88.043 87.386
95.603 95.483 95.35 95.183 95.04 94.86 94.71 94.555 94.383 94.213 94.018 93.883 93.73 93.61 93.485 93.388 93.275 93.175 93.113 93.035 92.955 92.848 92.74 92.6 92.45 92.305 92.2 92.045 91.908 91.803 91.7 91.565 91.458 91.35 91.228 91.095 90.95 90.808 90.678 90.533 90.395 90.233 90.058 89.908 89.758 89.618 89.463 89.323 89.188 89.093 88.975 88.813 88.685 88.608 88.558 88.53 88.5 88.435 88.378 88.355 88.373 88.335 88.043 88.405 88.678 88.77 88.753 88.773 88.455 88.323 88.253 88.208 88.116
95.77 95.655 95.503 95.335 95.173 95 94.853 94.688 94.518 94.345 94.178 93.983 93.84 93.693 93.573 93.473 93.365 93.28 93.178 93.125 93.045 92.95 92.848 92.725 92.595 92.465 92.348 92.195 92.085 91.97 91.865 91.733 91.595 91.5 91.385 91.263 91.11 90.94 90.788 90.633 90.508 90.355 90.158 90.003 89.833 89.69 89.523 89.383 89.253 89.15 89.06 88.89 88.763 88.63 88.558 88.495 88.473 88.443 88.388 88.338 88.315 88.36 88.37 88.095 88.215 88.608 88.685 88.745 88.678 88.568 88.353 88.248 88.176
95.923 95.788 95.648 95.475 95.313 95.143 94.963 94.785 94.635 94.46 94.275 94.108 93.928 93.788 93.66 93.57 93.455 93.365 93.29 93.2 93.123 93.06 92.97 92.835 92.735 92.618 92.508 92.388 92.26 92.138 92.018 91.888 91.77 91.63 91.533 91.4 91.248 91.085 90.928 90.755 90.595 90.445 90.27 90.118 89.923 89.783 89.608 89.468 89.33 89.225 89.093 88.998 88.868 88.725 88.61 88.515 88.458 88.44 88.413 88.365 88.345 88.308 88.308 88.36 88.28 88.245 88.388 88.553 88.66 88.933 88.543 88.371 88.233
96.063 95.92 95.773 95.585 95.443 95.265 95.065 94.885 94.73 94.553 94.41 94.218 94.045 93.888 93.753 93.66 93.538 93.473 93.363 93.288 93.19 93.128 93.04 92.975 92.863 92.755 92.658 92.56 92.42 92.293 92.173 92.06 91.925 91.783 91.653 91.51 91.378 91.23 91.058 90.88 90.698 90.53 90.373 90.215 90.043 89.845 89.703 89.55 89.413 89.288 89.168 89.08 88.97 88.855 88.725 88.583 88.48 88.4 88.385 88.363 88.358 88.338 88.335 88.305 88.335 88.39 88.125 88.225 88.538 88.683 88.598 88.601 88.435
96.193 96.053 95.88 95.713 95.553 95.38 95.2 95.013 94.828 94.688 94.505 94.33 94.165 94 93.878 93.733 93.63 93.54 93.443 93.373 93.293 93.19 93.123 93.058 92.995 92.888 92.783 92.693 92.585 92.455 92.315 92.2 92.053 91.923 91.773 91.64 91.485 91.338 91.158 90.98 90.798 90.628 90.465 90.298 90.138 89.958 89.798 89.663 89.525 89.368 89.248 89.15 89.033 88.918 88.808 88.693 88.558 88.46 88.405 88.373 88.37 88.373 88.383 88.375 88.363 88.373 88.453 88.123 88.36 88.485 88.575 88.599 88.62
96.318 96.168 96.01 95.865 95.683 95.495 95.3 95.113 94.933 94.753 94.593 94.438 94.298 94.128 93.985 93.858 93.75 93.625 93.535 93.43 93.345 93.28 93.2 93.128 93.065 93 92.908 92.84 92.728 92.61 92.485 92.325 92.195 92.05 91.898 91.73 91.578 91.425 91.25 91.075 90.9 90.72 90.538 90.368 90.22 90.068 89.893 89.755 89.598 89.488 89.335 89.233 89.108 88.983 88.9 88.805 88.668 88.535 88.46 88.403 88.355 88.415 88.398 88.393 88.41 88.393 88.408 88.518 88.45 88.14 88.478 88.608 88.655
96.43 96.303 96.155 95.99 95.793 95.618 95.433 95.223 95.038 94.868 94.683 94.515 94.38 94.238 94.105 93.963 93.818 93.703 93.598 93.488 93.42 93.35 93.273 93.19 93.15 93.078 93.025 92.94 92.843 92.745 92.623 92.458 92.32 92.163 91.993 91.825 91.63 91.503 91.338 91.17 90.99 90.8 90.62 90.458 90.293 90.128 89.973 89.83 89.688 89.575 89.423 89.298 89.175 89.055 88.98 88.878 88.778 88.663 88.565 88.468 88.403 88.408 88.44 88.43 88.45 88.428 88.43 88.46 88.573 88.555 88.21 88.395 88.681
96.553 96.418 96.273 96.113 95.933 95.723 95.533 95.345 95.158 94.965 94.788 94.603 94.453 94.33 94.223 94.07 93.91 93.8 93.67 93.563 93.468 93.413 93.325 93.253 93.203 93.128 93.085 93.023 92.935 92.833 92.71 92.563 92.413 92.25 92.095 91.915 91.73 91.578 91.418 91.243 91.058 90.885 90.708 90.538 90.373 90.218 90.078 89.928 89.793 89.658 89.52 89.37 89.245 89.148 89.043 88.943 88.845 88.738 88.66 88.585 88.51 88.493 88.473 88.483 88.485 88.49 88.47 88.495 88.523 88.583 88.57 88.383 88.52
96.66 96.525 96.375 96.233 96.048 95.848 95.65 95.46 95.258 95.065 94.893 94.718 94.57 94.43 94.288 94.17 94.03 93.89 93.755 93.643 93.525 93.445 93.365 93.325 93.238 93.183 93.12 93.055 92.988 92.893 92.768 92.635 92.483 92.328 92.145 91.983 91.803 91.635 91.453 91.298 91.118 90.95 90.77 90.63 90.448 90.285 90.16 90 89.88 89.735 89.593 89.465 89.328 89.215 89.1 88.978 88.898 88.825 88.74 88.678 88.638 88.59 88.563 88.583 88.553 88.56 88.518 88.505 88.525 88.552 88.6 88.707 88.635
96.735 96.635 96.488 96.35 96.178 95.968 95.763 95.583 95.39 95.203 95.008 94.833 94.658 94.508 94.378 94.268 94.125 93.978 93.84 93.71 93.605 93.495 93.43 93.358 93.293 93.21 93.17 93.058 93.003 92.915 92.8 92.683 92.52 92.363 92.21 92.02 91.848 91.673 91.498 91.343 91.17 90.998 90.843 90.678 90.515 90.4 90.218 90.065 89.948 89.815 89.683 89.543 89.413 89.298 89.17 89.078 88.988 88.918 88.848 88.783 88.725 88.703 88.663 88.643 88.645 88.623 88.588 88.565 88.56 88.562 88.611 88.619 88.656
96.828 96.718 96.62 96.435 96.293 96.125 95.9 95.723 95.545 95.338 95.138 94.958 94.805 94.61 94.458 94.333 94.21 94.068 93.915 93.79 93.67 93.548 93.475 93.378 93.315 93.248 93.193 93.053 92.985 92.925 92.825 92.693 92.528 92.42 92.245 92.053 91.883 91.708 91.545 91.385 91.213 91.06 90.895 90.735 90.605 90.458 90.3 90.158 90.005 89.878 89.735 89.613 89.488 89.365 89.25 89.16 89.053 88.985 88.938 88.89 88.833 88.79 88.785 88.778 88.73 88.693 88.653 88.633 88.635 88.62 88.624 88.61 88.631
96.913 96.815 96.68 96.543 96.405 96.273 96.085 95.868 95.67 95.48 95.278 95.09 94.925 94.728 94.558 94.385 94.285 94.138 94.013 93.893 93.748 93.638 93.508 93.4 93.318 93.245 93.188 93.065 92.968 92.895 92.8 92.693 92.56 92.43 92.275 92.095 91.92 91.748 91.59 91.418 91.25 91.088 90.948 90.815 90.655 90.515 90.358 90.223 90.078 89.935 89.823 89.675 89.563 89.44 89.34 89.258 89.16 89.083 89.035 88.995 88.953 88.92 88.88 88.86 88.875 88.84 88.79 88.743 88.712 88.71 88.685 88.649 88.652
96.995 96.898 96.788 96.655 96.523 96.37 96.213 96.038 95.843 95.645 95.445 95.235 95.055 94.848 94.673 94.518 94.373 94.21 94.115 93.978 93.843 93.708 93.57 93.46 93.345 93.243 93.165 93.095 92.958 92.87 92.78 92.678 92.55 92.418 92.293 92.13 91.958 91.76 91.61 91.463 91.315 91.16 91.005 90.85 90.725 90.583 90.44 90.278 90.148 90.008 89.888 89.778 89.655 89.558 89.425 89.355 89.29 89.208 89.163 89.11 89.085 89.063 89.015 88.998 88.98 88.998 88.98 88.89 88.83 88.788 88.771 88.722 88.693
97.103 96.975 96.89 96.765 96.618 96.49 96.348 96.218 95.998 95.795 95.6 95.403 95.185 94.998 94.8 94.628 94.443 94.303 94.163 94.058 93.945 93.788 93.648 93.5 93.368 93.248 93.165 93.085 92.953 92.845 92.75 92.643 92.528 92.42 92.28 92.128 91.97 91.793 91.638 91.483 91.35 91.193 91.04 90.873 90.77 90.638 90.49 90.338 90.223 90.065 89.933 89.823 89.73 89.63 89.553 89.465 89.415 89.338 89.288 89.235 89.24 89.21 89.163 89.14 89.123 89.108 89.1 89.055 88.994 88.898 88.82 88.78 88.732
97.2 97.078 96.96 96.858 96.74 96.595 96.473 96.305 96.165 95.958 95.75 95.563 95.345 95.183 94.96 94.75 94.55 94.42 94.253 94.12 94.028 93.898 93.708 93.55 93.418 93.27 93.153 93.058 92.938 92.825 92.71 92.598 92.493 92.41 92.26 92.125 91.988 91.85 91.668 91.523 91.35 91.22 91.083 90.935 90.813 90.67 90.545 90.395 90.28 90.138 90.028 89.89 89.82 89.74 89.628 89.563 89.505 89.468 89.448 89.393 89.35 89.315 89.31 89.283 89.273 89.255 89.215 89.175 89.156 89.044 88.96 88.861 88.811
97.303 97.198 97.068 96.955 96.84 96.73 96.6 96.455 96.285 96.125 95.925 95.733 95.518 95.305 95.095 94.903 94.708 94.538 94.368 94.22 94.08 93.95 93.808 93.615 93.453 93.298 93.15 93.04 92.92 92.808 92.71 92.575 92.455 92.345 92.268 92.125 92.005 91.878 91.728 91.573 91.415 91.268 91.123 90.985 90.83 90.713 90.59 90.46 90.318 90.213 90.09 89.998 89.885 89.81 89.75 89.683 89.648 89.593 89.573 89.528 89.49 89.485 89.465 89.443 89.415 89.398 89.353 89.297 89.262 89.203 89.123 89.026 88.907
97.448 97.298 97.183 97.06 96.968 96.853 96.743 96.618 96.455 96.298 96.108 95.89 95.683 95.483 95.273 95.075 94.855 94.678 94.5 94.33 94.155 94 93.883 93.693 93.535 93.368 93.198 93.058 92.928 92.818 92.695 92.578 92.42 92.345 92.218 92.123 92 91.89 91.77 91.625 91.45 91.31 91.148 91.038 90.885 90.775 90.633 90.54 90.403 90.28 90.173 90.073 89.998 89.923 89.875 89.823 89.775 89.733 89.7 89.68 89.66 89.638 89.615 89.583 89.575 89.545 89.502 89.431 89.375 89.329 89.261 89.184 89.059
98.023 97.393 97.3 97.19 97.073 96.99 96.878 96.755 96.618 96.443 96.293 96.088 95.87 95.66 95.443 95.238 95.033 94.85 94.658 94.455 94.253 94.078 93.928 93.778 93.6 93.42 93.24 93.085 92.923 92.8 92.685 92.565 92.463 92.313 92.2 92.108 92.013 91.913 91.803 91.675 91.515 91.36 91.215 91.075 90.963 90.815 90.705 90.593 90.473 90.368 90.263 90.18 90.103 90.02 89.985 89.953 89.915 89.885 89.885 89.848 89.84 89.81 89.763 89.763 89.73 89.69 89.651 89.588 89.524 89.46 89.411 89.331 89.223
98.778 98.003 97.398 97.308 97.178 97.083 96.99 96.863 96.738 96.593 96.433 96.248 96.083 95.865 95.635 95.42 95.193 95 94.795 94.595 94.368 94.173 93.988 93.843 93.673 93.508 93.345 93.153 92.978 92.828 92.698 92.593 92.463 92.33 92.213 92.095 92.003 91.915 91.85 91.718 91.563 91.423 91.283 91.133 91.018 90.898 90.795 90.68 90.558 90.455 90.38 90.298 90.22 90.178 90.103 90.108 90.063 90.043 90.03 90.02 90.04 90.01 89.965 89.918 89.878 89.838 89.807 89.735 89.672 89.589 89.538 89.459 89.366
98.213 98.808 97.82 97.415 97.348 97.2 97.083 96.965 96.853 96.725 96.555 96.383 96.24 96.035 95.835 95.605 95.388 95.15 94.953 94.763 94.525 94.293 94.088 93.895 93.758 93.6 93.388 93.215 93.04 92.86 92.72 92.593 92.47 92.333 92.228 92.113 92.01 91.92 91.84 91.743 91.613 91.468 91.353 91.205 91.078 90.963 90.855 90.74 90.648 90.548 90.485 90.41 90.363 90.303 90.27 90.235 90.218 90.195 90.193 90.205 90.183 90.203 90.168 90.113 90.033 89.981 89.95 89.893 89.815 89.749 89.665 89.577 89.518
98.018 98.225 98.7 97.638 97.433 97.328 97.195 97.083 96.948 96.845 96.695 96.545 96.383 96.203 96.013 95.788 95.573 95.353 95.125 94.918 94.668 94.44 94.21 94 93.823 93.653 93.463 93.315 93.11 92.923 92.768 92.625 92.505 92.368 92.25 92.155 92.038 91.948 91.863 91.76 91.69 91.565 91.46 91.288 91.175 91.055 90.935 90.828 90.735 90.655 90.568 90.563 90.495 90.448 90.423 90.373 90.365 90.373 90.393 90.37 90.363 90.355 90.338 90.313 90.24 90.151 90.111 90.057 89.993 89.909 89.815 89.723 89.646
98.078 98.048 98.398 98.76 97.678 97.423 97.333 97.21 97.06 96.928 96.81 96.708 96.528 96.355 96.175 95.988 95.743 95.523 95.293 95.063 94.825 94.583 94.345 94.128 93.918 93.743 93.57 93.395 93.2 93.023 92.84 92.673 92.54 92.425 92.295 92.178 92.063 91.99 91.87 91.763 91.718 91.645 91.535 91.398 91.285 91.138 91.033 90.933 90.818 90.738 90.668 90.658 90.635 90.62 90.578 90.533 90.525 90.535 90.543 90.558 90.54 90.533 90.495 90.473 90.413 90.347 90.289 90.21 90.152 90.065 89.978 89.883 89.782
98.198 98.14 98.108 98.57 98.788 97.748 97.428 97.338 97.195 97.075 96.96 96.845 96.698 96.518 96.32 96.145 95.933 95.693 95.465 95.213 94.978 94.73 94.508 94.268 94.013 93.825 93.653 93.463 93.3 93.115 92.9 92.73 92.588 92.47 92.358 92.233 92.125 92.015 91.908 91.818 91.733 91.693 91.62 91.515 91.395 91.245 91.135 91.048 90.938 90.863 90.813 90.775 90.78 90.743 90.718 90.72 90.713 90.715 90.733 90.725 90.725 90.695 90.693 90.635 90.605 90.548 90.468 90.393 90.299 90.216 90.137 90.044 89.954
98.345 98.238 98.155 98.11 98.513 98.878 97.66 97.458 97.34 97.19 97.078 96.945 96.82 96.66 96.473 96.283 96.075 95.858 95.633 95.385 95.138 94.918 94.685 94.41 94.203 93.948 93.735 93.563 93.383 93.208 93.03 92.825 92.683 92.543 92.41 92.283 92.178 92.075 91.99 91.885 91.8 91.738 91.695 91.59 91.495 91.37 91.248 91.165 91.088 90.99 90.94 90.9 90.855 90.87 90.875 90.865 90.895 90.903 90.895 90.895 90.893 90.9 90.878 90.83 90.761 90.728 90.667 90.549 90.462 90.374 90.297 90.207 90.106
