data/LIDAR-DSM-2M-NZ24se/nz2541_DSM_2M.asc
ncols 500
nrows 500
xllcorner    425000
yllcorner    541000
cellsize     2
NODATA_value -9999
[rows 160 to 191 of 500, columns 292 to 364 of 500]
76.34 76.117 75.965 75.782 75.622 75.492 75.355 75.207 75.065 74.972 74.89 74.827 74.78 74.801 74.916 75.196 75.124 73.824 71.925 70.307 68.908 67.727 66.11 64.057 67.112 65.107 61.461 62.178 63.621 67.663 69.093 63.373 64.4 64.905 64.183 64.374 64.275 64.208 64.204 64.255 64.354 64.399 64.37 64.362 64.34 64.337 64.33 64.32 64.34 64.337 64.405 64.445 64.532 64.595 64.627 64.667 64.737 64.747 64.767 64.787 64.795 64.805 64.822 64.84 64.805 64.805 64.797 64.767 64.747 64.69 64.677 64.627 64.582
76.437 76.247 76.062 75.86 75.707 75.56 75.412 75.242 75.135 75.04 74.932 74.862 74.845 74.843 74.976 75.229 75.092 73.954 75.576 73.87 70.021 67.776 66.537 67.664 66.283 67.46 61.061 61.061 62.461 66.639 67.423 67.348 63.868 63.633 64.204 64.414 64.205 64.148 64.148 64.244 64.351 64.365 64.34 64.302 64.295 64.297 64.277 64.295 64.285 64.307 64.382 64.462 64.535 64.565 64.635 64.667 64.662 64.697 64.725 64.765 64.78 64.795 64.802 64.78 64.772 64.755 64.74 64.737 64.655 64.66 64.612 64.557 64.522
76.557 76.372 76.137 75.93 75.785 75.622 75.467 75.28 75.195 75.09 74.97 74.912 74.877 74.892 75.002 75.246 75.111 73.857 74.97 76.115 74.64 68.658 67.183 66.192 66.099 65.813 67.913 63.478 64.727 63.794 67.021 65.807 64.096 64.436 64.124 64.313 64.129 64.091 64.115 64.193 64.285 64.312 64.32 64.31 64.272 64.247 64.26 64.295 64.312 64.352 64.385 64.452 64.527 64.535 64.597 64.647 64.64 64.682 64.722 64.672 64.727 64.757 64.747 64.755 64.72 64.717 64.712 64.687 64.652 64.59 64.577 64.51 64.502
76.662 76.417 76.22 76.037 75.88 75.712 75.542 75.362 75.24 75.11 75.03 74.932 74.882 74.89 75.045 75.238 75.346 73.869 72.378 71.723 70.99 67.433 65.954 66.038 67.25 62.194 65.568 63.423 61.27 63.291 66.515 67.257 63.358 63.199 64.073 64.333 64.055 64.026 64.038 64.14 64.252 64.297 64.285 64.287 64.245 64.222 64.287 64.297 64.337 64.385 64.41 64.47 64.542 64.547 64.607 64.635 64.662 64.67 64.687 64.677 64.702 64.72 64.69 64.725 64.707 64.687 64.667 64.635 64.595 64.575 64.537 64.52 64.505
76.785 76.562 76.32 76.125 75.962 75.825 75.642 75.46 75.315 75.187 75.077 74.952 74.937 74.922 75.05 75.165 75.676 73.987 72.174 70.658 69.218 67.562 65.579 65.487 67.199 64.477 68.332 68.071 62.444 61.072 65.594 64.268 63.197 63.144 64.026 64.221 64.021 63.944 63.93 64.11 64.217 64.285 64.325 64.307 64.245 64.242 64.3 64.337 64.365 64.405 64.442 64.47 64.542 64.57 64.62 64.622 64.64 64.645 64.645 64.66 64.675 64.695 64.7 64.675 64.665 64.642 64.65 64.615 64.592 64.572 64.505 64.497 64.49
76.852 76.637 76.45 76.225 76.067 75.872 75.715 75.54 75.375 75.245 75.097 75 74.985 74.962 75.062 75.187 75.434 74.52 72.319 70.762 69.148 67.596 65.372 65.867 62.72 65.599 68.439 68.706 65.744 61.083 61.127 63.244 64.414 63.205 64.118 64.187 63.989 63.907 63.972 64.057 64.155 64.282 64.322 64.32 64.27 64.255 64.262 64.305 64.357 64.392 64.425 64.465 64.505 64.567 64.6 64.587 64.597 64.592 64.6 64.632 64.637 64.642 64.675 64.682 64.672 64.65 64.625 64.6 64.58 64.535 64.487 64.462 64.445
76.947 76.745 76.53 76.312 76.13 75.95 75.78 75.615 75.412 75.285 75.14 75.032 74.995 74.982 75.055 75.262 75.105 73.972 73.063 70.693 68.965 66.993 65.179 64.099 63.012 64.372 67.602 65.621 63.089 61.04 61.006 61.808 62.665 63.178 63.989 64.187 63.972 63.857 63.872 63.965 64.1 64.25 64.292 64.285 64.257 64.262 64.257 64.305 64.345 64.367 64.405 64.405 64.462 64.515 64.507 64.54 64.532 64.562 64.575 64.592 64.61 64.602 64.632 64.667 64.61 64.62 64.592 64.57 64.515 64.495 64.452 64.4 64.382
77.04 76.82 76.59 76.39 76.217 76.007 75.847 75.652 75.5 75.325 75.175 75.062 75.05 75.007 75.082 75.23 75.18 74.357 72.227 70.76 68.944 67.057 65.486 64.219 63.842 65.843 65.419 66.975 62.595 61.487 61.591 62.094 62.613 63.102 63.969 64.137 63.962 63.82 63.825 63.922 64.055 64.21 64.242 64.235 64.237 64.227 64.22 64.277 64.297 64.332 64.335 64.367 64.427 64.44 64.45 64.512 64.53 64.535 64.57 64.57 64.582 64.612 64.627 64.627 64.61 64.59 64.55 64.507 64.462 64.44 64.412 64.367 64.347
77.125 76.897 76.657 76.482 76.272 76.095 75.895 75.7 75.527 75.37 75.21 75.097 75.065 75.06 75.1 75.237 76.155 74.032 72.377 70.98 68.912 67.77 66.072 65.933 65.878 63.814 66.671 68.15 63.197 62.437 62.683 61.855 62.521 63 63.917 64.122 63.947 63.765 63.767 63.812 63.972 64.137 64.207 64.207 64.21 64.157 64.182 64.215 64.265 64.277 64.307 64.34 64.38 64.422 64.457 64.51 64.505 64.52 64.52 64.555 64.542 64.552 64.547 64.567 64.55 64.537 64.497 64.492 64.44 64.417 64.397 64.332 64.27
77.197 76.98 76.752 76.567 76.357 76.187 75.96 75.76 75.587 75.422 75.247 75.157 75.117 75.09 75.102 75.255 75.882 74.277 72.462 70.947 69.257 67.927 65.635 64.577 64.18 64.282 65.04 65.537 62.337 61.285 61.63 61.88 62.525 62.915 63.917 64.057 63.942 63.735 63.727 63.745 63.927 64.075 64.13 64.157 64.14 64.145 64.152 64.175 64.212 64.27 64.295 64.317 64.37 64.425 64.442 64.462 64.47 64.475 64.475 64.492 64.51 64.495 64.505 64.502 64.515 64.485 64.412 64.422 64.387 64.385 64.357 64.305 64.257
77.255 77.047 76.835 76.627 76.432 76.247 76.02 75.795 75.625 75.452 75.302 75.22 75.165 75.135 75.13 75.247 75.355 74.057 72.612 71.455 69.577 67.492 65.41 64.542 62.56 64.837 65.585 64.077 62.235 61.215 61.29 61.825 62.457 62.79 64.042 64.035 63.975 63.795 63.695 63.66 63.862 63.975 64.08 64.085 64.057 64.115 64.13 64.15 64.187 64.255 64.277 64.322 64.35 64.38 64.402 64.43 64.44 64.445 64.46 64.455 64.447 64.497 64.48 64.49 64.465 64.425 64.357 64.367 64.34 64.35 64.285 64.262 64.265
77.34 77.13 76.905 76.685 76.5 76.302 76.092 75.842 75.655 75.487 75.35 75.267 75.23 75.185 75.145 75.257 75.847 74.507 73.375 71.802 69.777 67.487 65.37 67.825 67.87 70.652 69.305 67.39 65.715 64.28 62.215 63.657 62.3 62.735 63.792 64.162 64.02 63.742 63.657 63.672 63.797 63.937 64.027 64.055 64.072 64.077 64.095 64.105 64.172 64.225 64.257 64.317 64.34 64.36 64.36 64.407 64.395 64.42 64.437 64.42 64.425 64.437 64.417 64.405 64.387 64.345 64.325 64.292 64.307 64.307 64.252 64.232 64.227
77.43 77.207 76.987 76.75 76.55 76.355 76.172 75.93 75.715 75.577 75.422 75.295 75.29 75.275 75.215 75.305 76.127 74.99 73.462 72.062 70.162 67.737 66.01 65.9 62.672 65.62 66.47 66.707 68.275 69.42 68.52 65.452 64.322 62.64 63.482 63.987 63.89 63.71 63.637 63.675 63.717 63.875 63.99 64.027 64.047 64.062 64.067 64.092 64.15 64.177 64.215 64.297 64.32 64.345 64.337 64.355 64.355 64.392 64.41 64.362 64.392 64.375 64.367 64.325 64.355 64.302 64.272 64.255 64.275 64.257 64.2 64.16 64.157
77.495 77.272 77.057 76.817 76.637 76.425 76.257 75.98 75.782 75.645 75.47 75.35 75.342 75.322 75.277 75.347 75.612 74.762 74.41 72.5 70.407 69.71 70.062 63.75 68.297 67.137 66.315 68.867 68.707 70.032 69.797 65.775 65.695 62.482 63.467 64.067 63.86 63.682 63.632 63.667 63.68 63.805 63.925 63.992 63.987 64.005 64.04 64.075 64.127 64.177 64.235 64.25 64.25 64.287 64.307 64.312 64.325 64.34 64.357 64.32 64.345 64.327 64.32 64.312 64.287 64.262 64.212 64.207 64.205 64.16 64.14 64.1 64.115
77.595 77.41 77.135 76.922 76.742 76.482 76.29 76.08 75.875 75.695 75.52 75.43 75.395 75.37 75.345 75.347 75.36 74.852 74.282 72.662 70.597 68.892 69.667 65.625 65.952 65.717 67.57 68.392 67.935 67.445 65.17 64.515 63.575 63.097 64.747 64.17 63.862 63.645 63.615 63.67 63.627 63.747 63.867 63.935 63.947 63.977 64.01 64.04 64.07 64.127 64.192 64.192 64.177 64.245 64.262 64.3 64.287 64.297 64.285 64.285 64.305 64.257 64.252 64.232 64.215 64.22 64.17 64.18 64.162 64.09 64.102 64.095 64.067
77.7 77.487 77.25 77.02 76.835 76.602 76.382 76.19 75.962 75.757 75.587 75.5 75.45 75.412 75.362 75.375 75.355 74.822 74.295 72.377 70.695 68.637 66.94 66.425 64.337 66.982 67.52 69.667 67.427 69.82 68.625 66.317 63.727 64.062 64.062 64.252 63.775 63.605 63.597 63.632 63.577 63.702 63.84 63.865 63.89 63.947 63.955 64.015 64.037 64.09 64.115 64.097 64.137 64.167 64.19 64.202 64.237 64.232 64.232 64.25 64.205 64.2 64.177 64.167 64.192 64.16 64.127 64.14 64.11 64.09 64.092 64.087 64.065
77.82 77.552 77.35 77.12 76.92 76.692 76.465 76.272 76.042 75.84 75.715 75.562 75.542 75.477 75.377 75.41 75.705 75.46 74.085 72.93 70.787 68.962 66.81 66.272 64.652 65.512 65.797 68.437 69.08 68.037 68.387 62.855 66.205 64.682 63.09 63.807 63.712 63.615 63.582 63.587 63.52 63.702 63.78 63.802 63.86 63.89 63.927 63.94 63.962 64.025 64.067 64.07 64.107 64.125 64.15 64.167 64.2 64.207 64.22 64.217 64.15 64.142 64.122 64.13 64.16 64.12 64.077 64.122 64.08 64.072 64.102 64.077 64.062
77.907 77.635 77.42 77.187 76.99 76.79 76.572 76.352 76.127 75.957 75.792 75.635 75.607 75.542 75.41 75.45 75.63 75.192 73.905 72.727 70.797 69.162 67.247 65.497 63.03 63.615 67.23 66.052 69.19 67.382 67.51 65.977 61.995 64.1 63.952 64.227 63.72 63.615 63.587 63.565 63.515 63.557 63.707 63.79 63.832 63.855 63.902 63.902 63.92 63.982 64.025 64.015 64.057 64.092 64.14 64.152 64.192 64.165 64.187 64.172 64.14 64.095 64.097 64.095 64.107 64.077 64.08 64.087 64.082 64.027 64.04 64.012 64.037
77.99 77.725 77.502 77.265 77.057 76.9 76.667 76.46 76.237 76.032 75.85 75.732 75.665 75.615 75.472 75.475 75.53 75.217 73.952 72.857 71.342 69.54 67.602 65.412 63.37 62.682 66.16 67.305 64.272 65.095 65.662 64.772 62.077 62.24 62.935 64.03 64.3 63.817 63.542 63.512 63.505 63.585 63.657 63.752 63.77 63.815 63.867 63.887 63.885 63.922 63.97 64.005 64.037 64.06 64.067 64.092 64.147 64.127 64.137 64.132 64.09 64.05 64.027 64.06 64.032 64.01 64.032 64.035 64.005 63.997 63.975 63.922 63.945
78.08 77.847 77.592 77.355 77.172 76.985 76.755 76.527 76.327 76.087 75.917 75.825 75.742 75.682 75.505 75.502 75.537 75.127 74.177 73.087 71.685 69.992 67.93 65.435 65.162 65.035 68.125 71.152 67.807 62.087 63.715 61.402 61.595 62.815 62.71 63.685 64.327 63.917 63.665 63.492 63.455 63.495 63.595 63.697 63.745 63.775 63.81 63.837 63.887 63.89 63.917 63.96 63.995 63.995 64.05 64.065 64.075 64.075 64.09 64.045 64.027 63.975 63.975 63.982 63.947 63.937 63.95 63.927 63.9 63.887 63.852 63.835 63.827
78.212 77.927 77.702 77.46 77.28 77.065 76.827 76.6 76.37 76.197 76.04 75.887 75.812 75.75 75.6 75.567 75.575 75.247 74.962 73.462 72.362 70.39 68.067 66.027 64.275 63.77 68.252 72.005 66.362 63.287 61.61 61.835 61.735 62.215 62.967 63.767 63.965 63.78 63.507 63.445 63.41 63.392 63.532 63.62 63.68 63.707 63.727 63.767 63.797 63.835 63.86 63.887 63.94 63.962 64.002 64.025 64.005 63.99 64 63.982 63.972 63.917 63.87 63.842 63.86 63.83 63.822 63.78 63.767 63.755 63.76 63.715 63.742
78.345 78.035 77.817 77.597 77.372 77.132 76.912 76.68 76.452 76.282 76.12 75.972 75.885 75.812 75.67 75.6 75.652 75.357 75.402 74.075 73.097 71.37 68.792 66.81 65.31 65.845 73.68 66.652 69.805 62.197 61.532 62.512 61.98 62.12 62.795 65.2 64.13 63.537 63.357 63.392 63.342 63.327 63.462 63.557 63.61 63.655 63.687 63.715 63.71 63.77 63.797 63.82 63.862 63.877 63.895 63.932 63.947 63.955 63.907 63.912 63.882 63.82 63.795 63.765 63.737 63.72 63.722 63.7 63.682 63.682 63.677 63.642 63.662
78.442 78.19 77.97 77.702 77.465 77.235 77.017 76.782 76.56 76.372 76.205 76.052 75.945 75.89 75.777 75.68 75.697 75.425 75.07 74.527 73.457 71.92 69.722 67.745 68.18 68.927 65.507 71.577 67.287 67.202 61.175 61.057 62.442 62.162 63.165 64.815 63.665 63.402 63.307 63.317 63.337 63.292 63.417 63.505 63.562 63.6 63.615 63.637 63.647 63.69 63.727 63.732 63.79 63.835 63.847 63.862 63.832 63.845 63.81 63.81 63.76 63.75 63.727 63.712 63.675 63.66 63.642 63.625 63.612 63.627 63.607 63.607 63.612
78.555 78.31 78.06 77.792 77.562 77.352 77.105 76.887 76.677 76.47 76.305 76.162 76.042 75.952 75.855 75.747 75.715 75.545 75.105 74.722 73.695 72.345 70.43 68.032 68.95 63.482 67.435 65.322 72.212 69.117 63.847 61.032 61.157 61.987 63.53 63.457 63.462 63.337 63.24 63.257 63.295 63.222 63.365 63.445 63.495 63.54 63.53 63.572 63.597 63.607 63.652 63.677 63.705 63.742 63.762 63.762 63.76 63.767 63.75 63.76 63.705 63.69 63.692 63.65 63.632 63.62 63.575 63.575 63.545 63.56 63.517 63.53 63.545
78.665 78.397 78.17 77.9 77.67 77.462 77.24 77.005 76.767 76.567 76.392 76.235 76.092 75.98 75.935 75.78 75.727 75.662 75.415 74.667 73.675 72.175 70.53 68.187 66.98 65.162 64.64 69.657 68.795 71.002 64.252 60.977 60.94 61.435 62.845 63.357 63.485 63.272 63.17 63.177 63.217 63.175 63.357 63.392 63.427 63.457 63.49 63.502 63.507 63.53 63.567 63.582 63.612 63.657 63.672 63.682 63.702 63.667 63.697 63.7 63.645 63.642 63.635 63.595 63.575 63.542 63.502 63.532 63.475 63.47 63.475 63.47 63.485
78.772 78.497 78.242 77.995 77.737 77.555 77.312 77.112 76.89 76.66 76.5 76.282 76.167 76.035 75.942 75.83 75.817 75.685 75.71 74.547 73.507 72.002 70.555 68.482 65.755 63.69 67.847 71.66 71.615 73.145 63.485 60.932 60.915 61.085 62.272 62.905 63.437 63.215 63.135 63.1 63.167 63.155 63.28 63.365 63.425 63.432 63.435 63.435 63.417 63.43 63.477 63.507 63.542 63.572 63.577 63.625 63.62 63.607 63.597 63.582 63.597 63.585 63.567 63.53 63.517 63.487 63.455 63.44 63.415 63.425 63.425 63.415 63.445
78.88 78.61 78.352 78.105 77.857 77.645 77.392 77.187 76.957 76.75 76.552 76.357 76.242 76.107 75.957 75.857 75.807 75.967 75.2 74.475 73.437 72.122 70.88 69.195 66.98 65.785 70.86 71.577 66.602 67.812 63.017 60.852 63.555 65.03 62.185 62.815 63.427 63.157 63.077 63.062 63.102 63.16 63.185 63.32 63.342 63.355 63.355 63.342 63.35 63.357 63.402 63.41 63.46 63.5 63.502 63.56 63.547 63.522 63.522 63.537 63.525 63.53 63.495 63.46 63.437 63.432 63.41 63.365 63.387 63.37 63.38 63.407 63.445
78.98 78.74 78.47 78.237 77.955 77.702 77.507 77.26 77.032 76.82 76.615 76.425 76.287 76.167 75.992 75.88 75.832 75.735 76.072 74.65 73.312 72.292 71.107 69.835 67.827 71.102 65.56 76.705 66.14 66.582 62.535 60.79 61.597 66.132 65.74 63.688 63.363 63.08 63.001 63.011 63.036 63.07 63.158 63.262 63.29 63.302 63.262 63.26 63.287 63.295 63.335 63.382 63.415 63.452 63.467 63.495 63.49 63.47 63.475 63.465 63.452 63.435 63.425 63.397 63.36 63.357 63.342 63.345 63.365 63.337 63.375 63.407 63.422
78.992 78.772 78.52 78.277 78.05 77.787 77.535 77.282 77.072 76.87 76.655 76.48 76.322 76.205 76.03 75.865 75.817 75.65 75.762 74.542 73.585 72.585 71.35 70.175 68.277 65.462 65.215 66.5 67.312 64.402 60.769 60.779 60.768 61.229 62.99 62.8 63.206 63.005 62.975 62.937 62.963 63.042 63.114 63.158 63.182 63.212 63.202 63.192 63.21 63.24 63.282 63.325 63.36 63.387 63.417 63.435 63.415 63.427 63.407 63.397 63.417 63.405 63.357 63.31 63.3 63.307 63.332 63.32 63.322 63.367 63.387 63.397 63.362
78.997 78.812 78.562 78.34 78.14 77.872 77.545 77.322 77.092 76.902 76.7 76.51 76.367 76.217 76.07 75.885 75.837 75.667 75.262 74.745 73.85 72.707 71.685 70.592 69.09 66.432 64.137 63.207 64.702 68.422 62.124 60.787 60.749 60.687 61.329 62.208 63.015 63.017 62.958 62.9 62.896 62.993 62.987 63.049 63.069 63.133 63.147 63.147 63.18 63.217 63.205 63.265 63.322 63.332 63.37 63.345 63.35 63.352 63.315 63.34 63.33 63.322 63.315 63.285 63.262 63.26 63.262 63.275 63.277 63.317 63.317 63.327 63.347
79 78.825 78.59 78.32 78.135 77.912 77.62 77.395 77.112 76.915 76.757 76.575 76.4 76.24 76.1 75.905 75.81 75.747 75.267 74.83 74.317 73.04 72.18 71.307 69.492 67.08 64.385 65.878 66.649 64.26 65.331 61.577 60.684 60.624 61.189 61.996 62.778 63.083 62.986 62.896 62.852 62.879 62.925 62.935 63.009 63.044 63.056 63.079 63.102 63.14 63.162 63.202 63.247 63.272 63.282 63.27 63.285 63.265 63.247 63.277 63.23 63.222 63.212 63.165 63.18 63.177 63.192 63.2 63.17 63.237 63.24 63.262 63.282
78.962 78.78 78.567 78.365 78.097 77.895 77.677 77.435 77.17 76.952 76.782 76.572 76.432 76.275 76.15 75.935 75.83 75.77 75.382 75.1 74.437 73.5 72.835 71.832 69.502 67.085 64.569 62.651 64.715 64.346 65.201 61.798 60.721 60.629 61.213 61.823 62.44 63.056 63.03 63 62.823 62.822 62.845 62.87 62.944 62.957 62.979 62.988 62.992 63.022 63.05 63.115 63.137 63.17 63.15 63.167 63.155 63.14 63.157 63.162 63.132 63.13 63.142 63.09 63.095 63.087 63.092 63.13 63.125 63.145 63.175 63.195 63.232
