data/LIDAR-DSM-2M-NZ24se/nz2542_DSM_2M.asc
ncols 500
nrows 500
xllcorner    425000
yllcorner    542000
cellsize     2
NODATA_value -9999
[rows 320 to 351 of 500, columns 146 to 218 of 500]
88.955 88.703 88.698 89.615 93.35 89.675 88.005 88 86.948 86.813 87.015 86.97 87.053 87.245 87.4 87.438 87.548 87.528 87.548 87.56 87.42 87.348 87.33 87.183 87.203 86.74 86.465 85.845 85.328 85.25 85.158 85.1 85.048 84.795 84.523 84.513 84.52 84.488 84.493 84.488 84.505 84.475 84.458 84.49 84.175 83.643 83.715 83.655 83.678 84.29 88.735 90.108 89.183 91.385 89.428 86.92 90.518 91.193 85.838 83.678 83.79 83.935 83.3 83.735 84.433 85.013 85.573 85.823 85.49 85.423 85.065 84.09 82.308
89.043 89.4 88.755 88.74 88.75 88.62 88.07 88.32 87.32 87.238 86.863 87.008 87 87.135 87.393 87.373 87.51 87.493 87.518 87.55 87.528 87.348 87.268 87.2 87.315 86.743 86.295 85.92 85.37 85.31 85.223 85.135 85.085 84.82 84.518 84.498 84.49 84.503 84.508 84.515 84.503 84.488 84.465 84.433 84.28 83.838 83.763 83.968 83.685 85.718 91.373 89.598 89.543 89.763 87.053 90.59 91.743 90.973 86.253 83.733 83.88 84.05 83.78 83.398 84.608 85.238 85.768 85.698 85.49 85.193 84.855 84.088 85.115
89.095 89.508 88.83 88.908 90.453 89.228 88.285 87.918 87.563 87.163 86.738 86.943 86.97 86.983 87.113 87.29 87.428 87.445 87.46 87.44 87.438 87.36 87.188 87.175 87.053 86.963 86.935 87.198 85.85 85.353 85.258 85.168 85.133 84.965 84.5 84.533 84.513 84.51 84.488 84.48 84.505 84.508 84.5 84.488 84.45 84.053 83.903 84.195 84.503 82.833 84.583 89.448 89.573 90.243 89.22 88.548 91.26 87.483 83.745 83.805 83.935 84.078 83.895 84.328 84.818 85.45 85.815 85.525 85.3 85.023 85.35 88.423 84.795
89.173 89.185 88.915 89.063 93.955 94.1 89.07 90.803 87.758 87.418 86.993 86.725 86.898 86.935 86.985 87.215 87.298 87.388 87.443 87.483 87.408 87.358 87.23 87.173 87.143 87.475 87.988 87.548 87.833 85.425 85.343 85.225 85.195 85.11 84.63 84.51 84.48 84.508 84.463 84.48 84.498 84.495 84.488 84.505 84.54 84.245 84.068 84.103 83.32 83.438 83.985 83.853 82.423 82.495 82.64 85.26 87.768 83.528 83.74 83.84 83.988 84 84.028 84.52 85.09 85.65 85.815 85.4 85.228 85.088 86.355 89.463 89.843
89.285 89.33 88.968 89.098 88.935 90.61 90.503 90.92 87.983 87.673 87.22 86.838 86.808 86.933 86.933 87.033 87.195 87.305 87.495 87.44 87.393 87.36 87.273 87.178 87.115 87.168 86.89 86.748 87.07 85.64 85.468 85.335 85.255 85.195 84.7 84.505 84.503 84.52 84.48 84.483 84.508 84.483 84.458 84.488 84.573 84.358 84.175 84.095 82.548 81.883 81.815 81.763 81.58 81.51 82.108 84.485 83.833 83.74 83.808 83.913 84.04 83.955 84.225 84.705 85.31 85.775 85.618 85.403 85.088 84.845 87.225 90.138 90.378
89.59 89.408 89.07 89.425 88.938 91.98 95.493 91.373 88.275 88.105 87.438 87.108 86.833 86.858 86.905 86.92 87.058 87.173 87.3 87.393 87.395 87.37 87.295 87.308 87.198 87.225 86.86 87.328 89.625 86.358 85.525 85.443 85.303 85.21 84.883 84.523 84.493 84.495 84.478 84.463 84.518 84.495 84.493 84.49 84.488 84.403 84.198 83.575 82.835 83.345 82.23 81.73 81.643 81.553 82.075 84.388 84.39 83.125 82.348 83.655 84.17 83.955 84.42 84.935 85.533 85.845 85.465 85.25 84.888 84.245 83.115 84.03 87.963
89.763 89.41 89.088 89.113 89.03 89.463 91.28 91.9 88.348 88.173 87.74 87.325 87.003 86.753 86.853 86.903 86.938 87.073 87.2 87.35 87.413 87.378 87.36 87.31 87.308 87.338 87 86.778 86.85 86.275 85.573 85.593 85.38 85.308 85.173 84.598 84.51 84.508 84.483 84.505 84.495 84.52 84.523 84.505 84.503 84.455 84.185 83.938 83.563 83.333 82.675 81.785 81.658 81.563 81.48 81.568 83.195 83.02 81.173 81.103 81.633 83.323 84.618 85.2 85.718 85.758 85.258 84.913 84.728 82.82 79.93 80.81 79.545
89.828 89.503 89.178 89.168 89.368 91.975 89.655 88.818 91.355 88.223 87.908 87.593 87.275 87.02 86.753 86.878 86.875 86.928 87.1 87.27 87.368 87.36 87.35 87.335 87.29 87.178 87.048 86.753 86.425 86.553 86.005 85.848 85.505 85.405 85.86 84.64 84.503 84.533 84.505 84.47 84.505 84.51 84.515 84.513 84.51 84.528 84.203 84.185 84.19 83.585 83.333 82.36 81.72 81.595 81.5 81.425 81.373 81.303 81.275 81.163 81.06 80.943 81.003 82.28 84.873 85.578 84.983 84.425 83.835 81.113 80.313 80.383 79.52
89.998 89.548 89.33 89.268 89.888 95.215 94.47 89.865 93.715 91.033 88.135 87.86 87.52 87.503 86.82 86.758 86.843 86.843 86.97 87.158 87.263 87.323 87.34 87.378 87.288 87.245 87.175 87.103 87.198 86.588 85.858 85.678 85.588 85.495 85.683 84.938 84.53 84.513 84.52 84.505 84.515 84.508 84.493 84.523 84.515 84.55 84.268 84.125 83.898 83.798 83.583 83.478 82.913 82.478 81.925 81.433 81.413 81.378 81.348 81.275 81.165 81.048 80.983 80.873 80.768 81.343 83.035 83.595 82.713 80.305 79.913 79.745 79.573
89.875 89.538 89.398 89.328 89.363 90.368 90.583 89.018 92.925 93.883 90.28 88.03 87.95 88.153 89.338 87.59 86.798 86.825 86.875 87.04 87.178 87.273 87.353 87.368 87.333 87.335 87.348 87.25 87.14 86.433 86.135 85.695 85.673 85.555 86.5 85.788 84.54 84.525 84.52 84.533 84.498 84.485 84.465 84.505 84.498 84.503 84.46 84.14 84.025 83.838 83.603 83.575 83.355 83.33 83.25 82.993 81.9 81.545 81.438 81.383 81.278 81.188 81.085 80.99 80.868 80.733 80.633 80.548 80.585 80.168 79.95 79.795 79.623
90.02 89.608 90.188 91.553 90.125 89.14 89.115 88.998 88.835 91.525 95.003 89.948 87.998 89.808 96.558 96.263 88.115 86.768 86.808 86.898 87.103 87.223 87.325 87.353 87.335 87.36 87.23 87.148 86.9 87.833 87.125 85.805 85.72 85.623 87.19 86.698 84.598 84.513 84.498 84.498 84.475 84.488 84.48 84.475 84.468 84.483 84.47 84.153 84.01 83.858 83.858 83.9 83.58 83.843 84.08 84.398 83.538 83.78 82.43 81.513 81.403 81.293 81.185 81.073 80.93 80.803 80.685 80.548 80.375 80.433 80.265 80.045 80.173
90.13 89.663 89.925 91.39 89.343 89.225 89.17 89.085 89.368 91.055 94.565 89.905 88.16 88.588 93.485 92.308 86.735 86.66 86.768 86.82 86.953 87.11 87.253 87.305 87.293 87.273 87.228 87.198 87.063 88.135 89.308 87.365 85.81 85.718 86.508 88.003 84.678 84.493 84.46 84.493 84.463 84.46 84.473 84.463 84.443 84.445 84.495 84.085 84.005 83.98 83.815 83.9 83.853 85.98 88.298 88.793 88.545 87.663 82.45 81.598 81.483 81.378 81.285 81.153 81.003 80.878 80.733 80.913 82.248 81.818 81.21 80.418 79.658
90.445 89.823 89.76 89.418 89.338 89.278 89.243 89.17 89.043 88.925 90.538 91.445 88.3 88.405 88.015 87.605 87.203 86.558 86.65 86.798 86.84 86.958 87.128 87.265 87.3 87.3 87.283 87.195 87.173 88.278 89.765 87.203 85.885 85.79 86.098 87.993 85.22 84.513 84.48 84.493 84.463 84.428 84.458 84.42 84.42 84.43 84.595 84.155 83.973 84.013 83.938 84.03 83.913 86.605 88.318 88.778 88.505 86.668 82.483 81.675 81.578 81.46 81.355 81.24 81.078 80.953 80.835 81.088 82.593 80.47 80.04 79.9 79.735
90.41 89.903 89.815 89.483 89.645 89.395 89.255 91.433 89.17 89.015 88.91 88.655 88.415 88.295 87.988 88.088 88.518 86.958 87.183 86.73 86.813 86.805 86.968 87.21 87.33 87.35 87.313 87.253 87.268 87.443 86.98 86.675 86.023 85.855 85.745 87.828 86.03 84.52 84.495 84.473 84.46 84.445 84.425 84.415 84.418 84.44 84.455 84.31 83.93 83.833 83.703 83.68 83.603 87.045 88.373 88.783 88.498 87.118 82.525 81.74 81.618 81.488 81.405 81.313 81.17 81.088 81.02 81.043 81.405 80.83 80.185 79.92 79.795
90.318 89.89 89.878 89.598 89.6 89.41 89.42 91.853 91.563 89.123 90.78 88.798 88.535 88.378 92.2 95.458 95.485 88.965 88.535 89.563 86.765 86.785 86.855 87.083 87.3 87.328 87.29 87.23 87.238 87.12 87.05 86.625 86.258 85.913 85.818 87.643 86.758 84.553 84.498 84.44 84.42 84.445 84.418 84.425 84.405 84.408 84.408 84.353 83.993 83.883 83.743 83.635 83.555 86.885 88.365 88.8 88.453 87.93 82.485 81.753 81.65 81.52 81.61 81.74 82.055 81.598 81.825 81.87 81.728 81.58 81.64 81.765 81.623
89.97 89.878 89.923 89.695 89.825 89.798 89.623 89.408 89.29 90.58 93.638 92.883 89.283 88.713 88.235 89.495 90.963 94.118 90.898 88.808 86.648 86.748 86.783 86.955 87.175 87.26 87.265 87.225 87.183 87.15 87.533 86.808 86.43 85.993 85.89 86.708 87.375 84.615 84.465 84.448 84.44 84.403 84.423 84.42 84.41 84.403 84.383 84.325 84.035 83.918 83.798 83.683 84.028 87.515 88.405 88.808 88.445 86.873 82.513 81.798 81.658 81.67 84.208 84.488 84.54 84.585 84.583 84.588 84.663 85.065 85.173 85.185 85.225
90.065 89.975 90.01 89.983 90.59 95.07 90.42 89.565 90.395 91.795 89.215 89.068 93.013 93.798 89.398 88.115 91.535 89.545 91.35 88.898 86.523 86.748 86.768 86.835 87.035 87.203 87.233 87.218 87.208 87.148 87.178 87.225 86.545 86.378 85.913 85.935 86.288 84.823 84.43 84.395 84.403 84.395 84.415 84.42 84.388 84.393 84.37 84.45 84.09 83.948 83.843 83.738 83.633 87.348 88.423 88.8 88.41 87.275 82.54 81.84 81.703 81.668 84.445 85.59 85.618 85.645 85.583 85.588 85.563 85.613 86 86.005 85.923
90.148 90.058 89.998 89.945 89.788 91.013 91.765 91.4 91.19 95.57 92.36 89.128 88.858 88.618 88.478 90.255 89.61 87.96 90.965 88.638 88.03 88.068 86.793 86.775 86.895 87.143 87.228 87.213 87.178 87.123 87.253 87.385 86.878 87.743 86.035 85.885 85.96 85.023 84.428 84.415 84.408 84.403 84.41 84.38 84.35 84.348 84.348 84.398 84.218 83.973 83.88 83.783 83.718 87.468 88.438 88.818 88.395 86.69 82.48 81.893 81.718 81.955 84.398 85.613 84.783 84.415 84.365 84.38 83.863 84.753 84.403 84.71 84.72
90.223 90.17 90.055 89.933 89.773 89.768 91.068 93.755 94.638 96.565 94.78 92.098 89.015 89.653 91.475 92.353 92.38 87.938 87.593 88.43 93.433 90.705 86.888 86.738 86.79 86.958 87.133 87.263 87.175 87.1 87.08 87.145 86.918 86.688 86.075 85.928 86.13 85.293 84.455 84.383 84.378 84.398 84.378 84.325 84.35 84.32 84.333 84.318 84.358 84.003 83.92 83.835 84.483 87.925 88.47 88.8 88.368 86.89 82.7 81.93 81.778 81.818 84.393 85.658 84.635 83.578 83.28 81.49 80.705 80.588 81.973 85.6 85.558
90.303 90.245 90.155 90.063 89.8 89.815 89.745 89.64 90.423 93.965 94.303 90.253 89.138 88.918 88.708 92.468 88.368 90.58 87.985 87.493 91.705 92.888 88.34 86.73 86.71 86.798 87.053 87.178 87.163 87.105 87.098 87.13 87.128 86.645 86.233 85.998 86.5 86.928 84.495 84.398 84.403 84.368 84.34 84.348 84.325 84.31 84.335 84.273 84.31 84.013 83.895 83.843 84.358 87.938 88.5 88.808 88.338 86.163 83.428 81.988 81.803 81.875 84.388 85.635 84.668 83.603 83.275 81.528 80.678 80.555 81.545 86.798 86.718
90.348 90.35 90.28 90.273 89.893 89.923 90.08 89.875 93.7 94.76 93.195 91.385 94.853 93.725 88.753 90.385 95.045 91.785 90.653 91.923 87.308 87.62 89.983 87.148 86.703 86.713 86.9 87.103 87.128 87.118 87.095 87.085 87.075 86.678 86.453 86.058 86.183 86.723 84.74 84.375 84.38 84.35 84.33 84.35 84.33 84.305 84.275 84.258 84.26 84.048 83.95 83.89 83.93 87.783 88.5 88.775 88.315 85.793 83.72 82.023 81.848 81.668 84.063 85.533 84.695 83.613 83.273 81.918 80.67 80.565 81.45 85.46 85.395
90.39 90.43 90.468 90.508 89.985 90.795 92.58 92.993 92.235 95.453 89.803 94.313 94.445 92.375 92.08 90.175 93.718 92.125 89.15 90.938 88.808 92.063 95.94 90.653 87.043 86.698 86.765 86.938 87.043 87.083 87.09 87.108 87.018 86.775 86.573 86.185 86.275 88 85.64 84.385 84.385 84.34 84.335 84.305 84.3 84.308 84.27 84.263 84.325 84.195 83.938 83.938 84.708 88.035 88.545 88.798 88.325 86.445 83.123 82.07 81.905 81.833 84.16 85.233 84.703 83.04 82.485 80.92 80.703 80.565 80.888 81.435 83.665
90.438 90.488 90.508 90.595 90.17 94.46 94.885 95.885 91.06 89.733 90.663 89.578 91.195 89.153 89.755 93.18 93.235 88.508 88.185 87.913 88.843 90.87 92.073 91.958 86.635 86.715 86.703 86.79 86.928 87.03 87.048 87.06 87.018 86.865 86.588 86.295 86.138 86.068 85.343 84.403 84.368 84.34 84.323 84.31 84.278 84.293 84.288 84.26 84.248 84.198 83.99 83.978 84.013 84.973 85.88 86.278 86.828 84.675 82.558 82.093 81.985 81.858 83.678 83.598 83.355 81.68 81.338 80.853 80.7 80.578 80.518 80.66 83.593
90.51 90.553 90.495 90.42 90.245 92.785 96.97 93.78 89.913 90.088 94.945 94.603 89.573 89.225 89.148 89.77 95.713 94.24 90.01 87.983 87.753 89.618 87.183 88.543 86.508 86.703 86.698 86.71 86.838 86.98 87.008 86.97 87.113 86.885 86.688 86.385 86.185 86.04 85.613 84.433 84.323 84.305 84.303 84.275 84.275 84.268 84.253 84.285 84.245 84.328 84.043 83.968 84.193 84.493 84.158 84.008 83.553 82.665 82.36 82.205 82.073 81.943 81.915 81.813 81.66 81.458 81.238 80.96 80.75 80.62 80.59 80.565 83.693
90.575 90.605 90.543 90.468 90.323 90.87 91.543 90.293 89.93 89.853 91.285 94.865 90.12 89.265 91.288 89.598 95.903 93.065 88.86 90.798 88.323 87.58 87.223 87.04 86.498 86.648 86.715 86.713 86.74 86.893 86.99 86.96 86.888 86.84 86.73 86.468 86.253 86.18 86.93 84.565 84.305 84.31 84.285 84.26 84.268 84.25 84.24 84.28 84.243 84.368 84.065 83.945 84.438 84.615 83.575 83.148 82.745 82.58 82.443 82.318 82.16 82.03 82.023 81.878 81.743 81.585 81.363 81.138 80.943 80.768 80.665 80.593 81.89
90.645 90.625 90.588 90.553 91.23 90.218 90.258 90.058 94.188 95.193 96.948 98.71 91.078 91.898 89.33 89.038 90.543 94.655 90.585 90.4 89.848 87.698 88.735 87.025 86.72 86.473 86.7 86.7 86.723 86.793 86.925 86.913 86.845 86.773 86.735 86.528 86.263 86.068 87.913 85.508 84.333 84.288 84.26 84.265 84.278 84.275 84.415 84.64 85.275 85.508 84.27 83.91 83.765 83.535 83.31 83.115 82.878 82.69 82.538 82.438 82.343 82.23 83.013 83.518 82.69 83.278 82.458 81.335 81.143 80.985 80.805 80.703 80.638
90.75 90.668 90.658 90.61 91.528 91.175 90.88 91.165 95.628 91.843 90.893 92.118 92.158 92.085 97.325 92.888 89.42 90.618 89.24 91.57 90.35 92.59 87.48 87.183 86.883 86.57 86.573 86.693 86.705 86.71 86.83 86.885 86.825 86.71 86.62 86.478 86.23 86.035 87.158 85.725 84.34 84.338 84.365 84.603 85.405 85.823 85.565 85.288 84.8 84.355 84.073 83.925 83.765 83.56 83.395 83.203 83.025 82.835 82.693 82.768 82.605 82.48 82.8 82.593 82.523 82.435 82.315 81.538 81.328 81.183 81 80.84 80.72
90.798 90.73 90.703 90.668 91.063 90.708 90.268 90.138 90.093 90.15 89.82 90.53 89.555 89.658 96.403 95.66 93.853 95.658 92.515 96.365 94.803 91.715 88.485 89.505 90.138 86.765 86.455 86.73 86.698 86.675 86.725 86.833 86.798 86.64 86.845 86.495 86.19 85.99 86.358 86.353 84.728 85.183 85.32 86.1 85.365 85.118 84.705 84.585 84.423 84.235 84.133 84.01 83.86 83.68 83.518 83.435 83.333 83.535 83.4 83.433 82.745 82.565 82.56 82.508 82.44 82.315 82.53 81.66 81.475 81.32 81.125 81.003 80.795
90.808 90.778 90.758 90.753 90.923 90.6 90.38 90.225 90.145 90.05 94.493 95.953 91.893 95.785 93.958 90.858 90.293 93.163 92.265 93.05 93.488 92.483 94.165 91.118 93.933 89.76 86.71 86.618 86.778 86.71 86.653 86.695 86.75 86.625 86.538 86.313 86.123 85.96 86.103 86.618 85.733 85.673 85.305 85.053 84.925 84.8 84.695 84.573 84.46 84.353 84.275 84.158 84.05 84.268 83.883 84.198 83.82 83.548 83.128 82.923 82.823 82.77 82.758 82.69 82.593 82.473 82.53 82.118 81.585 81.45 81.318 81.19 80.988
90.813 90.803 90.813 90.77 91.375 91.628 93.318 90.318 90.168 90.053 92.413 95.345 90.855 90.43 90.115 89.928 89.255 89.545 90.355 89.493 88.658 88.143 89.135 89.023 89.395 91.713 86.97 86.59 86.993 86.765 86.655 86.593 86.635 86.64 86.513 86.333 86.21 85.965 85.88 85.853 85.463 85.318 85.185 85.058 84.955 84.84 84.775 84.655 84.753 84.72 84.965 84.6 84.52 84.108 83.973 83.803 83.645 83.463 83.205 83.078 82.98 82.963 82.895 82.853 82.755 82.63 82.583 82.185 81.77 81.6 81.513 81.39 81.25
90.76 90.803 90.833 90.808 91.058 94.063 94.995 90.35 90.225 90.085 89.88 89.775 89.825 89.498 89.308 89.543 93.083 91.213 95.17 95.88 91.735 90.475 88.63 89.763 87.53 91.858 92.803 89.383 87.125 86.94 86.683 86.628 86.543 86.633 86.46 86.285 86.088 85.89 85.715 85.575 85.45 85.34 85.24 85.168 85.1 85.123 85.478 85.243 85.055 84.835 84.595 84.443 84.328 84.188 84.078 83.95 83.79 83.62 83.43 83.308 83.205 83.078 83.02 82.94 82.868 82.78 82.653 82.798 81.978 82.113 81.905 81.618 81.803
90.758 90.803 90.865 90.88 90.98 91.9 93.488 91.29 90.195 90.748 93.563 90.973 89.63 89.455 89.723 96.925 91.893 88.765 89.29 90.74 91.843 91.26 95.983 94.055 89.818 87.898 92.068 94.345 88.398 86.983 87.01 86.63 86.55 86.533 86.363 86.17 86.013 85.873 85.785 85.673 85.57 85.608 85.713 85.78 85.408 85.453 85.065 84.945 84.823 84.763 84.643 84.515 84.415 84.295 84.195 84.065 83.948 83.813 83.678 83.513 83.378 83.255 83.155 83.058 82.958 82.815 82.653 82.73 82.38 82.193 81.788 81.653 81.885
