data/LIDAR-DSM-2M-NZ24se/nz2540_DSM_2M.asc
ncols 500
nrows 500
xllcorner    425000
yllcorner    540000
cellsize     2
NODATA_value -9999
[rows 160 to 191 of 500, columns 216 to 287 of 500]
69.317 69.14 69.04 68.922 68.832 68.72 68.637 68.505 68.425 68.277 68.302 67.89 67.912 67.695 67.587 67.42 67.107 66.975 66.842 66.742 66.657 66.527 66.42 66.312 66.192 66.082 65.942 65.842 65.747 65.647 65.535 65.425 65.347 65.275 65.172 65.1 64.975 64.905 64.81 64.732 64.645 64.557 64.5 64.392 64.337 64.25 64.167 64.107 64.047 63.94 63.865 63.742 63.662 63.56 63.43 63.33 63.235 63.132 63.017 62.865 62.74 62.637 62.537 62.417 62.295 62.182 62.087 61.987 61.9 61.84 61.785 61.742
69.402 69.255 69.14 68.962 68.867 68.722 68.632 68.532 68.41 68.31 68.192 68.04 67.985 67.745 67.62 67.327 67.15 67.05 66.915 66.817 66.737 66.607 66.485 66.362 66.235 66.127 65.995 65.892 65.785 65.677 65.572 65.447 65.362 65.285 65.195 65.105 65.037 64.917 64.842 64.74 64.662 64.587 64.532 64.422 64.367 64.282 64.195 64.13 64.065 63.985 63.895 63.79 63.67 63.567 63.455 63.342 63.215 63.1 63.02 62.895 62.757 62.645 62.525 62.412 62.305 62.202 62.105 61.997 61.897 61.837 61.802 61.712
69.495 69.36 69.24 69.05 68.94 68.78 68.637 68.505 68.417 68.312 68.212 68.095 67.95 67.81 67.832 67.43 67.29 67.2 67.05 66.955 66.802 66.677 66.54 66.422 66.302 66.165 66.027 65.922 65.802 65.692 65.595 65.512 65.412 65.31 65.197 65.102 65.037 64.935 64.85 64.767 64.682 64.602 64.527 64.447 64.372 64.262 64.205 64.155 64.07 64.002 63.902 63.825 63.7 63.602 63.477 63.357 63.232 63.12 63.005 62.885 62.772 62.637 62.537 62.405 62.287 62.197 62.092 61.995 61.935 61.852 61.78 61.69
69.585 69.422 69.28 69.145 68.995 68.852 68.727 68.555 68.375 68.302 68.24 68.12 67.975 67.87 67.762 67.602 67.432 67.31 67.172 67.05 66.917 66.77 66.647 66.515 66.385 66.257 66.102 65.97 65.877 65.755 65.647 65.55 65.432 65.362 65.255 65.142 65.027 64.965 64.87 64.81 64.715 64.645 64.58 64.487 64.392 64.327 64.262 64.177 64.105 64.015 63.922 63.82 63.69 63.6 63.49 63.382 63.26 63.132 63.017 62.885 62.755 62.625 62.53 62.42 62.315 62.18 62.09 62.002 61.925 61.857 61.785 61.73
69.657 69.495 69.332 69.21 69.065 68.932 68.79 68.685 68.502 68.425 68.277 68.187 68.057 67.982 67.877 67.762 67.602 67.48 67.325 67.187 67.042 66.91 66.79 66.625 66.457 66.335 66.182 66.065 65.937 65.815 65.695 65.59 65.457 65.357 65.272 65.182 65.082 65.005 64.877 64.82 64.755 64.68 64.62 64.537 64.467 64.38 64.292 64.207 64.12 64.012 63.945 63.845 63.715 63.6 63.49 63.407 63.265 63.152 63.017 62.892 62.782 62.637 62.527 62.415 62.302 62.197 62.095 62.007 61.91 61.837 61.792 61.715
69.685 69.545 69.415 69.26 69.145 69.015 68.855 68.76 68.625 68.535 68.4 68.272 68.16 68.06 67.972 67.837 67.715 67.605 67.455 67.35 67.17 67.025 66.877 66.712 66.557 66.42 66.26 66.107 65.982 65.867 65.717 65.635 65.512 65.405 65.322 65.212 65.125 65.05 64.967 64.845 64.755 64.705 64.63 64.577 64.512 64.41 64.315 64.232 64.147 64.07 63.967 63.865 63.755 63.63 63.507 63.405 63.262 63.155 63.035 62.907 62.817 62.652 62.542 62.442 62.32 62.195 62.102 62.027 61.94 61.832 61.75 61.705
69.73 69.602 69.452 69.32 69.205 69.042 68.905 68.82 68.702 68.602 68.45 68.37 68.277 68.135 68.06 68.025 67.877 67.72 67.6 67.49 67.342 67.152 66.977 66.805 66.655 66.51 66.315 66.175 66.042 65.912 65.78 65.662 65.537 65.455 65.342 65.23 65.102 65.035 64.97 64.88 64.812 64.732 64.647 64.587 64.53 64.45 64.355 64.262 64.165 64.077 63.987 63.867 63.765 63.672 63.542 63.435 63.295 63.16 63.03 62.912 62.807 62.69 62.575 62.437 62.325 62.2 62.087 62.022 61.912 61.857 61.797 61.707
69.8 69.66 69.512 69.385 69.272 69.097 69.002 68.87 68.76 68.665 68.55 68.497 68.38 68.28 68.155 68.167 68.072 67.882 67.73 67.582 67.465 67.3 67.102 66.882 66.732 66.57 66.412 66.242 66.112 65.992 65.867 65.69 65.592 65.462 65.36 65.272 65.17 65.082 64.987 64.93 64.857 64.75 64.72 64.61 64.535 64.45 64.395 64.292 64.195 64.122 64.035 63.902 63.782 63.67 63.572 63.45 63.32 63.185 63.047 62.922 62.785 62.662 62.56 62.417 62.337 62.22 62.102 61.99 61.92 61.852 61.797 61.717
69.837 69.707 69.562 69.435 69.317 69.197 69.062 68.937 68.852 68.78 68.667 68.595 68.512 68.4 68.335 68.25 68.227 68.082 67.9 67.712 67.55 67.395 67.212 66.975 66.81 66.665 66.51 66.357 66.2 66.042 65.902 65.77 65.66 65.525 65.385 65.31 65.215 65.112 65.037 64.957 64.885 64.807 64.75 64.652 64.57 64.487 64.41 64.302 64.22 64.142 64.03 63.917 63.785 63.697 63.585 63.475 63.347 63.212 63.077 62.96 62.82 62.67 62.532 62.407 62.342 62.222 62.11 62.027 61.937 61.84 61.777 61.707
69.857 69.752 69.622 69.495 69.362 69.237 69.115 69.03 68.94 68.855 68.765 68.695 68.607 68.542 68.477 68.392 68.332 68.197 68.055 67.875 67.665 67.49 67.322 67.117 66.932 66.745 66.605 66.392 66.26 66.112 65.965 65.865 65.697 65.595 65.5 65.37 65.245 65.147 65.057 64.965 64.867 64.817 64.752 64.697 64.627 64.525 64.417 64.34 64.252 64.147 64.05 63.932 63.82 63.725 63.605 63.482 63.377 63.252 63.11 62.972 62.85 62.715 62.585 62.44 62.302 62.217 62.102 62.03 61.967 61.855 61.78 61.722
69.927 69.762 69.657 69.552 69.405 69.32 69.195 69.1 69.035 68.935 68.855 68.785 68.717 68.64 68.587 68.512 68.4 68.342 68.2 68.015 67.787 67.572 67.417 67.2 66.992 66.845 66.672 66.497 66.337 66.215 66.037 65.92 65.785 65.662 65.552 65.442 65.307 65.24 65.115 65.025 64.937 64.852 64.78 64.707 64.657 64.552 64.447 64.392 64.29 64.147 64.08 63.945 63.835 63.752 63.652 63.53 63.39 63.275 63.14 62.997 62.855 62.71 62.605 62.495 62.355 62.225 62.112 62.02 61.955 61.857 61.755 61.737
69.99 69.86 69.72 69.62 69.495 69.39 69.295 69.205 69.107 69.017 68.957 68.895 68.817 68.747 68.685 68.597 68.51 68.41 68.275 68.11 67.897 67.675 67.492 67.325 67.115 66.925 66.757 66.602 66.447 66.305 66.142 66.002 65.87 65.732 65.62 65.5 65.38 65.302 65.187 65.095 65.002 64.917 64.852 64.75 64.665 64.567 64.485 64.4 64.29 64.185 64.087 63.992 63.872 63.757 63.68 63.565 63.425 63.32 63.165 63.045 62.9 62.757 62.63 62.512 62.372 62.275 62.165 62.052 61.945 61.855 61.765 61.702
70.022 69.905 69.795 69.67 69.577 69.47 69.375 69.257 69.187 69.122 69.03 68.975 68.865 68.8 68.78 68.7 68.61 68.47 68.31 68.17 67.967 67.767 67.55 67.38 67.217 67.012 66.837 66.682 66.532 66.387 66.257 66.105 65.987 65.827 65.695 65.602 65.465 65.372 65.28 65.175 65.08 64.975 64.872 64.795 64.707 64.61 64.512 64.435 64.33 64.212 64.117 64.025 63.927 63.805 63.69 63.592 63.477 63.327 63.21 63.072 62.937 62.797 62.675 62.555 62.425 62.317 62.17 62.057 61.945 61.812 61.76 61.68
70.09 69.972 69.84 69.712 69.642 69.53 69.48 69.375 69.277 69.2 69.107 69.047 68.99 68.897 68.81 68.73 68.67 68.542 68.357 68.22 68.02 67.792 67.63 67.45 67.292 67.152 66.957 66.792 66.647 66.465 66.35 66.207 66.072 65.932 65.805 65.685 65.56 65.43 65.347 65.257 65.167 65.057 64.96 64.845 64.752 64.655 64.56 64.495 64.417 64.272 64.167 64.042 63.912 63.845 63.77 63.625 63.492 63.347 63.225 63.107 62.972 62.827 62.7 62.56 62.43 62.302 62.187 62.08 61.972 61.842 61.755 61.697
70.13 69.985 69.897 69.772 69.702 69.607 69.522 69.462 69.362 69.29 69.187 69.132 69.055 68.955 68.887 68.76 68.662 68.587 68.415 68.215 68.115 67.91 67.732 67.54 67.352 67.237 67.095 66.912 66.777 66.605 66.455 66.332 66.19 66.077 65.947 65.8 65.682 65.555 65.437 65.36 65.237 65.157 65.042 64.932 64.837 64.74 64.635 64.532 64.43 64.332 64.2 64.082 63.962 63.867 63.775 63.697 63.55 63.43 63.31 63.177 63.02 62.872 62.727 62.587 62.455 62.335 62.2 62.095 61.985 61.875 61.78 61.712
70.21 70.071 69.954 69.85 69.752 69.705 69.592 69.54 69.44 69.357 69.28 69.2 69.122 69.025 68.945 68.84 68.727 68.645 68.475 68.285 68.127 67.997 67.825 67.625 67.445 67.305 67.215 67.04 66.89 66.735 66.567 66.442 66.315 66.205 66.057 65.937 65.795 65.69 65.57 65.445 65.365 65.255 65.142 65.025 64.895 64.81 64.715 64.627 64.51 64.402 64.25 64.137 63.992 63.912 63.795 63.702 63.627 63.492 63.377 63.227 63.067 62.932 62.77 62.657 62.49 62.36 62.242 62.115 61.982 61.89 61.8 61.722
70.23 70.113 70.022 69.933 69.832 69.758 69.682 69.587 69.515 69.42 69.337 69.245 69.16 69.075 68.985 68.865 68.767 68.672 68.515 68.337 68.172 68.042 67.942 67.747 67.585 67.427 67.342 67.212 67.037 66.882 66.755 66.595 66.475 66.355 66.2 66.07 65.94 65.84 65.702 65.55 65.43 65.327 65.212 65.107 64.987 64.912 64.807 64.702 64.585 64.472 64.322 64.2 64.065 63.967 63.84 63.752 63.647 63.532 63.392 63.265 63.135 62.975 62.837 62.687 62.537 62.41 62.277 62.13 62.012 61.882 61.817 61.697
70.287 70.186 70.074 69.982 69.894 69.812 69.758 69.642 69.563 69.467 69.387 69.312 69.232 69.135 69.01 68.907 68.795 68.685 68.567 68.427 68.255 68.087 68.025 67.895 67.68 67.545 67.427 67.36 67.207 67.032 66.912 66.777 66.652 66.505 66.342 66.225 66.102 65.985 65.832 65.692 65.567 65.46 65.322 65.187 65.092 64.997 64.897 64.772 64.675 64.567 64.41 64.272 64.147 64.012 63.9 63.79 63.685 63.562 63.43 63.307 63.132 63.02 62.885 62.74 62.567 62.45 62.312 62.155 62.04 61.912 61.822 61.727
70.324 70.212 70.093 70.049 69.953 69.851 69.793 69.682 69.611 69.5 69.403 69.313 69.232 69.095 69.03 68.95 68.842 68.732 68.582 68.465 68.322 68.17 68.04 68.002 67.862 67.682 67.547 67.485 67.362 67.242 67.085 66.952 66.81 66.675 66.515 66.385 66.247 66.102 65.97 65.835 65.682 65.615 65.477 65.34 65.202 65.127 64.992 64.872 64.755 64.632 64.502 64.372 64.245 64.085 63.965 63.842 63.752 63.6 63.492 63.352 63.227 63.057 62.902 62.762 62.602 62.472 62.337 62.212 62.065 61.94 61.82 61.747
70.346 70.231 70.146 70.068 69.976 69.87 69.824 69.714 69.624 69.515 69.398 69.308 69.234 69.129 69.032 68.942 68.832 68.737 68.622 68.502 68.347 68.217 68.102 68.04 67.957 67.827 67.662 67.562 67.475 67.43 67.267 67.095 67.007 66.875 66.692 66.55 66.432 66.287 66.122 66 65.852 65.725 65.592 65.472 65.35 65.227 65.097 64.972 64.842 64.745 64.582 64.462 64.322 64.2 64.07 63.932 63.83 63.707 63.565 63.437 63.29 63.14 62.975 62.82 62.647 62.48 62.355 62.212 62.092 61.955 61.86 61.76
70.375 70.293 70.201 70.111 70.019 69.9 69.826 69.72 69.612 69.535 69.428 69.321 69.222 69.138 69.054 68.933 68.848 68.754 68.64 68.525 68.43 68.285 68.17 68.08 68.012 67.94 67.802 67.68 67.597 67.525 67.42 67.262 67.155 67.052 66.902 66.742 66.61 66.437 66.315 66.16 66.012 65.877 65.732 65.592 65.475 65.315 65.232 65.08 64.97 64.852 64.76 64.592 64.432 64.292 64.18 64.032 63.91 63.775 63.65 63.537 63.38 63.232 63.05 62.87 62.702 62.53 62.4 62.222 62.092 61.992 61.867 61.785
70.437 70.342 70.236 70.128 70.039 69.909 69.835 69.747 69.627 69.522 69.442 69.325 69.248 69.124 69.041 68.931 68.845 68.728 68.614 68.529 68.441 68.315 68.227 68.11 67.992 67.972 67.897 67.787 67.682 67.597 67.545 67.427 67.297 67.205 67.075 66.955 66.797 66.622 66.497 66.307 66.162 66.012 65.89 65.752 65.62 65.475 65.345 65.215 65.1 64.965 64.86 64.717 64.562 64.432 64.282 64.112 64.01 63.85 63.732 63.6 63.452 63.272 63.105 62.932 62.75 62.595 62.412 62.275 62.135 62.002 61.89 61.81
70.499 70.404 70.284 70.183 70.077 69.956 69.86 69.77 69.654 69.558 69.461 69.351 69.249 69.106 69.036 68.945 68.836 68.735 68.633 68.54 68.445 68.358 68.296 68.194 68.112 68.017 67.975 67.895 67.772 67.66 67.605 67.552 67.457 67.292 67.207 67.085 66.987 66.845 66.672 66.495 66.33 66.2 66.047 65.925 65.767 65.607 65.49 65.36 65.237 65.105 64.942 64.827 64.675 64.527 64.375 64.232 64.087 63.957 63.82 63.71 63.532 63.362 63.18 63.005 62.82 62.632 62.46 62.295 62.165 62.035 61.93 61.812
70.566 70.471 70.358 70.236 70.111 70.027 69.925 69.814 69.703 69.582 69.481 69.356 69.246 69.134 69.031 68.943 68.855 68.754 68.665 68.585 68.493 68.425 68.367 68.257 68.176 68.057 68.024 68.002 67.86 67.752 67.655 67.6 67.567 67.427 67.295 67.212 67.117 67.007 66.875 66.735 66.575 66.385 66.227 66.085 65.937 65.785 65.63 65.502 65.36 65.225 65.09 64.957 64.787 64.627 64.475 64.305 64.165 64.027 63.855 63.74 63.582 63.46 63.28 63.065 62.877 62.67 62.517 62.332 62.185 62.025 61.922 61.835
70.655 70.564 70.452 70.321 70.223 70.12 70.006 69.895 69.799 69.67 69.556 69.43 69.309 69.193 69.104 68.997 68.9 68.806 68.746 68.67 68.6 68.51 68.453 68.362 68.286 68.176 68.076 68.083 68.005 67.876 67.777 67.705 67.65 67.562 67.452 67.365 67.24 67.135 67.065 66.9 66.76 66.587 66.442 66.26 66.095 65.935 65.765 65.642 65.487 65.332 65.207 65.062 64.85 64.735 64.537 64.38 64.25 64.107 63.947 63.8 63.61 63.472 63.287 63.1 62.912 62.717 62.525 62.332 62.197 62.065 61.947 61.825
70.76 70.661 70.553 70.427 70.329 70.223 70.099 69.979 69.879 69.762 69.623 69.543 69.395 69.279 69.186 69.078 68.993 68.896 68.834 68.757 68.701 68.608 68.562 68.477 68.402 68.348 68.239 68.146 68.155 68.05 67.926 67.839 67.788 67.718 67.654 67.53 67.415 67.305 67.207 67.067 66.975 66.797 66.632 66.447 66.262 66.105 65.925 65.777 65.607 65.47 65.31 65.15 64.965 64.8 64.645 64.437 64.285 64.142 64.015 63.862 63.662 63.462 63.29 63.102 62.917 62.712 62.517 62.342 62.21 62.055 61.925 61.812
70.853 70.744 70.614 70.471 70.384 70.267 70.191 70.069 69.924 69.824 69.719 69.617 69.475 69.364 69.27 69.168 69.096 69.021 68.963 68.878 68.795 68.741 68.688 68.645 68.57 68.497 68.424 68.309 68.253 68.24 68.128 68.026 67.973 67.918 67.841 67.738 67.634 67.512 67.38 67.27 67.172 67.005 66.817 66.612 66.432 66.257 66.077 65.882 65.722 65.585 65.42 65.245 65.045 64.837 64.612 64.432 64.287 64.14 64.02 63.847 63.657 63.467 63.247 63.052 62.862 62.677 62.49 62.347 62.187 62.037 61.9 61.805
70.94 70.819 70.683 70.552 70.422 70.312 70.215 70.103 69.985 69.881 69.778 69.655 69.554 69.459 69.364 69.276 69.205 69.126 69.04 69 68.912 68.873 68.834 68.79 68.702 68.657 68.559 68.476 68.367 68.335 68.308 68.227 68.152 68.073 68.037 67.982 67.865 67.751 67.607 67.491 67.339 67.155 66.97 66.792 66.595 66.39 66.215 66.03 65.892 65.677 65.522 65.297 65.105 64.927 64.69 64.51 64.352 64.15 64.025 63.84 63.607 63.395 63.19 63.002 62.807 62.607 62.432 62.297 62.115 61.977 61.885 61.772
70.954 70.858 70.735 70.61 70.473 70.333 70.274 70.112 69.997 69.89 69.829 69.714 69.605 69.517 69.428 69.323 69.265 69.205 69.12 69.09 69.028 69.002 68.932 68.854 68.828 68.746 68.685 68.615 68.507 68.427 68.421 68.376 68.304 68.232 68.2 68.15 68.092 67.977 67.784 67.636 67.48 67.308 67.14 66.962 66.772 66.555 66.362 66.165 65.977 65.797 65.615 65.41 65.15 64.947 64.737 64.552 64.347 64.157 63.96 63.76 63.557 63.35 63.145 62.922 62.737 62.542 62.365 62.197 62.072 61.93 61.842 61.707
70.984 70.895 70.702 70.615 70.512 70.375 70.273 70.117 70.029 69.934 69.814 69.738 69.626 69.58 69.471 69.385 69.302 69.262 69.19 69.132 69.085 69.052 68.993 68.944 68.904 68.811 68.768 68.722 68.638 68.538 68.485 68.476 68.442 68.368 68.31 68.284 68.222 68.136 67.986 67.836 67.629 67.4 67.233 67.058 66.848 66.691 66.462 66.255 66.05 65.87 65.65 65.447 65.195 64.96 64.76 64.54 64.357 64.125 63.92 63.705 63.477 63.267 63.037 62.835 62.642 62.47 62.277 62.15 62.017 61.887 61.772 61.632
70.955 70.835 70.76 70.64 70.521 70.382 70.273 70.16 70.047 69.941 69.822 69.728 69.654 69.558 69.491 69.387 69.336 69.256 69.236 69.175 69.115 69.09 69.064 68.978 68.95 68.881 68.83 68.783 68.697 68.608 68.524 68.495 68.497 68.448 68.393 68.331 68.344 68.266 68.118 67.909 67.717 67.515 67.317 67.125 66.884 66.713 66.536 66.31 66.119 65.897 65.672 65.45 65.205 64.985 64.75 64.5 64.292 64.052 63.827 63.607 63.397 63.162 62.957 62.757 62.572 62.392 62.217 62.06 61.935 61.822 61.705 61.595
70.975 70.852 70.712 70.635 70.517 70.403 70.299 70.169 70.069 69.949 69.856 69.732 69.635 69.575 69.49 69.419 69.355 69.307 69.253 69.2 69.172 69.126 69.072 69.012 68.969 68.93 68.859 68.804 68.727 68.652 68.569 68.496 68.504 68.474 68.429 68.387 68.373 68.302 68.169 67.98 67.772 67.566 67.361 67.159 66.922 66.72 66.518 66.327 66.13 65.883 65.642 65.427 65.147 64.927 64.71 64.467 64.245 63.992 63.75 63.515 63.312 63.102 62.877 62.682 62.51 62.33 62.19 61.992 61.907 61.78 61.647 61.54
