data/LIDAR-DSM-2M-NZ24se/nz2541_DSM_2M.asc
ncols 500
nrows 500
xllcorner    425000
yllcorner    541000
cellsize     2
NODATA_value -9999
[rows 32 to 63 of 500, columns 73 to 145 of 500]
106.25 106.21 106.132 106.087 106.075 106.03 105.982 105.92 105.83 105.817 105.795 105.792 105.75 105.755 105.7 105.655 105.662 105.647 105.63 105.63 105.575 105.507 105.425 105.405 105.38 105.345 105.277 105.182 105.15 105.18 105.13 105.097 105.022 104.967 104.917 104.835 104.772 104.705 104.645 104.607 104.525 104.46 104.405 104.305 104.237 104.155 104.05 103.942 103.862 103.782 103.672 103.567 103.442 103.327 103.192 103.06 102.905 102.73 102.575 102.427 102.242 102.077 101.882 101.68 101.475 101.28 101.087 100.847 100.627 100.372 100.157 100.065 99.982
106.147 106.112 106.062 106.03 105.965 105.917 105.865 105.812 105.73 105.715 105.69 105.66 105.612 105.61 105.53 105.557 105.552 105.542 105.507 105.477 105.417 105.367 105.332 105.292 105.262 105.185 105.157 105.057 105.012 105.005 104.992 104.952 104.94 104.867 104.782 104.705 104.657 104.6 104.537 104.5 104.422 104.35 104.29 104.212 104.115 104.025 103.915 103.85 103.777 103.697 103.607 103.502 103.362 103.26 103.145 103.007 102.875 102.72 102.545 102.415 102.22 102.057 101.887 101.72 101.49 101.317 101.112 100.86 100.657 100.392 100.207 100.082 99.987
106.047 106.015 105.972 105.92 105.875 105.82 105.755 105.73 105.647 105.642 105.605 105.555 105.52 105.485 105.452 105.46 105.435 105.427 105.382 105.37 105.33 105.287 105.225 105.19 105.127 105.047 105.027 104.982 104.925 104.927 104.88 104.84 104.795 104.76 104.702 104.615 104.562 104.52 104.44 104.397 104.312 104.262 104.205 104.105 104.04 103.917 103.802 103.755 103.702 103.635 103.55 103.425 103.327 103.202 103.07 102.952 102.805 102.65 102.5 102.335 102.195 102.05 101.877 101.685 101.482 101.307 101.135 100.882 100.692 100.432 100.23 100.122 100.002
105.922 105.917 105.845 105.815 105.735 105.69 105.652 105.612 105.555 105.525 105.477 105.442 105.4 105.38 105.347 105.332 105.327 105.282 105.242 105.235 105.202 105.16 105.082 105.055 104.997 104.935 104.877 104.847 104.807 104.812 104.792 104.737 104.692 104.612 104.59 104.54 104.477 104.422 104.377 104.29 104.265 104.212 104.127 104.025 103.94 103.867 103.785 103.692 103.642 103.562 103.48 103.407 103.285 103.165 103.047 102.917 102.777 102.632 102.497 102.355 102.232 102.057 101.877 101.7 101.5 101.297 101.14 100.935 100.697 100.467 100.282 100.187 100.055
105.792 105.77 105.727 105.687 105.63 105.602 105.53 105.495 105.442 105.415 105.337 105.32 105.287 105.272 105.217 105.215 105.2 105.132 105.122 105.087 105.06 105.035 104.957 104.917 104.86 104.837 104.78 104.737 104.707 104.707 104.652 104.605 104.575 104.522 104.487 104.412 104.385 104.322 104.28 104.185 104.155 104.102 104.025 103.95 103.872 103.777 103.695 103.635 103.572 103.49 103.415 103.347 103.205 103.142 103.022 102.875 102.745 102.612 102.475 102.327 102.185 102.055 101.905 101.71 101.542 101.345 101.167 100.955 100.74 100.505 100.332 100.207 100.065
105.667 105.645 105.61 105.587 105.522 105.502 105.437 105.362 105.332 105.272 105.25 105.192 105.157 105.14 105.115 105.117 105.062 105.02 105 104.98 104.955 104.907 104.835 104.807 104.725 104.71 104.675 104.617 104.582 104.575 104.527 104.492 104.447 104.422 104.372 104.33 104.275 104.22 104.18 104.117 104.042 103.982 103.902 103.852 103.775 103.692 103.617 103.53 103.467 103.41 103.37 103.252 103.172 103.075 102.955 102.827 102.71 102.587 102.45 102.302 102.165 102.032 101.887 101.7 101.54 101.357 101.172 100.972 100.75 100.562 100.377 100.267 100.132
105.57 105.552 105.495 105.482 105.422 105.412 105.325 105.265 105.237 105.195 105.17 105.102 105.065 105.045 105.02 105 104.967 104.915 104.907 104.875 104.835 104.797 104.757 104.695 104.625 104.582 104.55 104.515 104.49 104.427 104.39 104.382 104.36 104.325 104.262 104.222 104.162 104.105 104.075 104.02 103.975 103.855 103.817 103.762 103.68 103.577 103.53 103.475 103.415 103.352 103.29 103.212 103.132 103.035 102.927 102.812 102.672 102.542 102.412 102.297 102.137 102.005 101.87 101.707 101.545 101.362 101.175 101.007 100.777 100.612 100.41 100.28 100.2
105.48 105.452 105.417 105.397 105.34 105.297 105.25 105.2 105.157 105.107 105.07 105.037 104.987 104.935 104.907 104.882 104.855 104.825 104.78 104.752 104.732 104.692 104.632 104.58 104.532 104.49 104.45 104.4 104.382 104.357 104.362 104.317 104.277 104.21 104.177 104.127 104.085 104.032 103.97 103.912 103.885 103.787 103.747 103.667 103.6 103.52 103.46 103.402 103.34 103.307 103.212 103.14 103.052 102.972 102.862 102.765 102.615 102.485 102.357 102.23 102.115 101.97 101.847 101.687 101.527 101.362 101.182 100.987 100.787 100.622 100.415 100.282 100.24
105.372 105.355 105.317 105.257 105.225 105.177 105.142 105.087 105.06 105.002 104.942 104.915 104.847 104.827 104.802 104.78 104.76 104.737 104.68 104.642 104.617 104.587 104.54 104.487 104.427 104.407 104.357 104.312 104.27 104.242 104.212 104.195 104.162 104.132 104.062 104.042 103.987 103.942 103.89 103.822 103.77 103.715 103.67 103.602 103.515 103.442 103.355 103.307 103.25 103.225 103.14 103.077 103.007 102.925 102.807 102.702 102.577 102.437 102.31 102.197 102.075 101.965 101.827 101.662 101.515 101.335 101.192 101.022 100.792 100.615 100.402 100.305 100.23
105.267 105.252 105.227 105.172 105.12 105.057 105.022 104.99 104.962 104.895 104.852 104.79 104.76 104.722 104.702 104.67 104.64 104.612 104.572 104.54 104.512 104.462 104.417 104.375 104.325 104.29 104.247 104.21 104.175 104.157 104.105 104.095 104.042 104.032 103.97 103.927 103.852 103.817 103.765 103.727 103.66 103.612 103.55 103.48 103.407 103.357 103.292 103.23 103.16 103.122 103.065 103.025 102.935 102.845 102.747 102.64 102.537 102.415 102.295 102.17 102.045 101.922 101.787 101.637 101.48 101.31 101.127 101.012 100.792 100.627 100.44 100.317 100.21
105.185 105.16 105.132 105.09 105.022 104.975 104.93 104.892 104.85 104.805 104.752 104.71 104.652 104.607 104.592 104.572 104.55 104.517 104.472 104.415 104.385 104.352 104.322 104.27 104.24 104.172 104.132 104.085 104.057 104.04 104.015 103.97 103.952 103.92 103.89 103.825 103.747 103.715 103.667 103.635 103.572 103.502 103.435 103.392 103.317 103.245 103.19 103.152 103.09 103.027 102.985 102.94 102.865 102.805 102.692 102.59 102.475 102.347 102.207 102.095 101.995 101.872 101.745 101.597 101.445 101.262 101.12 100.96 100.777 100.607 100.442 100.347 100.22
105.077 105.045 105.037 104.987 104.917 104.872 104.852 104.8 104.757 104.662 104.632 104.6 104.532 104.515 104.47 104.442 104.435 104.42 104.385 104.332 104.305 104.275 104.212 104.18 104.13 104.072 104.04 103.992 103.97 103.967 103.935 103.892 103.865 103.81 103.777 103.705 103.665 103.627 103.575 103.515 103.442 103.4 103.362 103.275 103.23 103.157 103.115 103.052 102.995 102.947 102.91 102.877 102.787 102.707 102.602 102.487 102.392 102.28 102.165 102.042 101.937 101.79 101.69 101.54 101.417 101.237 101.06 100.947 100.78 100.632 100.477 100.345 100.245
104.955 104.937 104.922 104.885 104.82 104.78 104.727 104.68 104.627 104.565 104.512 104.485 104.422 104.397 104.375 104.367 104.307 104.297 104.275 104.225 104.205 104.16 104.107 104.07 104.012 103.962 103.925 103.88 103.872 103.852 103.85 103.792 103.77 103.717 103.657 103.612 103.58 103.51 103.452 103.432 103.382 103.347 103.282 103.195 103.14 103.077 103.035 102.99 102.925 102.882 102.835 102.795 102.722 102.63 102.522 102.41 102.31 102.222 102.115 102 101.9 101.77 101.63 101.507 101.37 101.22 101.042 100.917 100.73 100.61 100.45 100.292 100.24
104.822 104.81 104.777 104.75 104.72 104.677 104.645 104.565 104.487 104.465 104.395 104.352 104.292 104.28 104.27 104.257 104.192 104.182 104.162 104.115 104.072 104.032 104.007 103.952 103.902 103.877 103.832 103.827 103.792 103.762 103.735 103.697 103.675 103.615 103.56 103.522 103.477 103.395 103.37 103.327 103.282 103.235 103.17 103.127 103.072 103.01 102.957 102.912 102.857 102.815 102.762 102.692 102.642 102.57 102.48 102.34 102.25 102.147 102.057 101.94 101.832 101.742 101.582 101.472 101.33 101.187 101.017 100.88 100.702 100.62 100.462 100.272 100.252
104.692 104.677 104.67 104.635 104.62 104.57 104.497 104.447 104.355 104.317 104.267 104.235 104.2 104.162 104.155 104.125 104.072 104.06 104.017 103.99 103.985 103.935 103.912 103.872 103.812 103.77 103.735 103.722 103.68 103.647 103.64 103.61 103.545 103.485 103.45 103.4 103.357 103.327 103.272 103.212 103.17 103.112 103.047 103.027 102.977 102.927 102.875 102.832 102.785 102.737 102.7 102.6 102.557 102.497 102.412 102.292 102.215 102.087 101.987 101.895 101.787 101.67 101.567 101.44 101.3 101.155 101.002 100.86 100.697 100.577 100.445 100.227 100.25
104.607 104.585 104.545 104.495 104.472 104.437 104.395 104.33 104.26 104.197 104.167 104.112 104.09 104.047 104.025 103.975 103.945 103.912 103.917 103.887 103.857 103.832 103.812 103.752 103.707 103.672 103.655 103.64 103.605 103.555 103.537 103.505 103.442 103.407 103.36 103.31 103.267 103.227 103.162 103.13 103.062 103.04 102.962 102.945 102.892 102.85 102.79 102.75 102.685 102.64 102.567 102.517 102.502 102.415 102.345 102.242 102.155 102.045 101.912 101.81 101.74 101.625 101.555 101.412 101.235 101.087 100.957 100.862 100.722 100.592 100.45 100.255 100.217
104.497 104.457 104.43 104.377 104.362 104.285 104.26 104.185 104.137 104.08 104.027 103.957 103.945 103.93 103.897 103.86 103.84 103.822 103.807 103.767 103.75 103.72 103.692 103.667 103.607 103.58 103.567 103.54 103.495 103.475 103.477 103.43 103.372 103.342 103.277 103.24 103.195 103.13 103.095 103.047 103.007 102.972 102.942 102.912 102.84 102.775 102.73 102.685 102.647 102.577 102.532 102.5 102.432 102.362 102.285 102.207 102.087 101.957 101.89 101.777 101.692 101.607 101.487 101.377 101.227 101.1 100.967 100.842 100.73 100.58 100.447 100.267 100.245
104.357 104.352 104.295 104.245 104.2 104.157 104.125 104.07 103.997 103.927 103.867 103.857 103.82 103.81 103.767 103.752 103.705 103.695 103.685 103.657 103.622 103.617 103.587 103.557 103.522 103.467 103.44 103.43 103.395 103.385 103.37 103.32 103.282 103.222 103.177 103.145 103.097 103.05 103.017 102.98 102.942 102.922 102.875 102.817 102.755 102.705 102.662 102.6 102.59 102.525 102.5 102.447 102.382 102.312 102.217 102.147 102.062 101.945 101.842 101.745 101.675 101.557 101.46 101.362 101.235 101.09 100.96 100.845 100.73 100.565 100.455 100.29 100.262
104.212 104.182 104.152 104.092 104.075 104.062 104 103.952 103.877 103.797 103.777 103.715 103.68 103.657 103.647 103.655 103.61 103.59 103.575 103.557 103.527 103.52 103.47 103.42 103.42 103.387 103.345 103.335 103.315 103.3 103.265 103.215 103.182 103.125 103.082 103.037 103 102.96 102.915 102.89 102.855 102.84 102.802 102.742 102.697 102.652 102.585 102.552 102.507 102.485 102.432 102.39 102.325 102.262 102.19 102.107 102.005 101.895 101.802 101.715 101.647 101.545 101.445 101.355 101.202 101.082 100.96 100.827 100.715 100.587 100.46 100.307 100.277
104.077 104.052 104.025 103.975 103.935 103.9 103.86 103.792 103.732 103.677 103.637 103.575 103.557 103.547 103.542 103.542 103.522 103.492 103.46 103.44 103.407 103.382 103.342 103.305 103.312 103.275 103.247 103.245 103.215 103.142 103.135 103.107 103.082 103.04 103.017 102.947 102.922 102.88 102.842 102.805 102.787 102.747 102.74 102.705 102.647 102.585 102.527 102.485 102.455 102.405 102.38 102.317 102.277 102.212 102.12 102.035 101.937 101.867 101.775 101.72 101.63 101.527 101.432 101.325 101.185 101.072 100.965 100.85 100.725 100.6 100.482 100.34 100.3
103.95 103.917 103.89 103.84 103.812 103.747 103.697 103.665 103.615 103.56 103.505 103.48 103.43 103.42 103.437 103.405 103.395 103.375 103.352 103.355 103.315 103.295 103.24 103.225 103.202 103.167 103.137 103.125 103.095 103.042 103.035 102.992 102.965 102.942 102.907 102.87 102.84 102.787 102.755 102.725 102.727 102.7 102.67 102.645 102.592 102.53 102.47 102.425 102.397 102.365 102.325 102.29 102.24 102.162 102.097 102.01 101.935 101.85 101.755 101.682 101.6 101.502 101.415 101.305 101.21 101.07 100.952 100.835 100.73 100.6 100.485 100.34 100.285
103.817 103.795 103.772 103.712 103.672 103.572 103.547 103.512 103.482 103.432 103.407 103.362 103.302 103.285 103.292 103.28 103.277 103.277 103.255 103.227 103.2 103.17 103.165 103.11 103.1 103.055 103.04 102.992 102.987 102.965 102.935 102.905 102.887 102.825 102.78 102.792 102.757 102.722 102.67 102.655 102.632 102.612 102.602 102.567 102.537 102.49 102.425 102.375 102.327 102.3 102.265 102.25 102.195 102.12 102.06 101.98 101.892 101.815 101.742 101.65 101.57 101.465 101.382 101.307 101.207 101.06 100.955 100.825 100.685 100.592 100.485 100.39 100.277
103.66 103.637 103.59 103.545 103.507 103.457 103.43 103.395 103.347 103.31 103.267 103.222 103.185 103.172 103.162 103.172 103.177 103.145 103.147 103.125 103.092 103.067 103.05 103.012 102.992 102.95 102.937 102.9 102.857 102.872 102.84 102.817 102.792 102.742 102.727 102.675 102.672 102.655 102.602 102.592 102.57 102.55 102.55 102.495 102.455 102.382 102.345 102.322 102.272 102.245 102.23 102.197 102.16 102.092 102.015 101.932 101.855 101.777 101.695 101.642 101.535 101.46 101.39 101.31 101.187 101.05 100.94 100.815 100.697 100.585 100.502 100.42 100.287
103.51 103.475 103.45 103.4 103.382 103.335 103.285 103.265 103.202 103.17 103.132 103.105 103.08 103.067 103.07 103.08 103.06 103.037 103.022 103.037 102.962 102.95 102.92 102.932 102.91 102.855 102.85 102.8 102.767 102.765 102.752 102.712 102.687 102.672 102.645 102.61 102.59 102.575 102.547 102.53 102.512 102.467 102.46 102.417 102.387 102.335 102.305 102.28 102.217 102.197 102.2 102.145 102.08 102.06 101.992 101.907 101.84 101.76 101.702 101.612 101.53 101.447 101.375 101.295 101.185 101.045 100.907 100.812 100.742 100.617 100.485 100.395 100.272
103.342 103.335 103.3 103.267 103.237 103.17 103.162 103.127 103.08 103.042 103.01 102.987 102.965 102.96 102.97 102.965 102.957 102.925 102.91 102.927 102.885 102.865 102.84 102.822 102.792 102.765 102.727 102.715 102.7 102.657 102.652 102.622 102.61 102.567 102.545 102.522 102.525 102.475 102.462 102.465 102.427 102.407 102.405 102.375 102.36 102.285 102.247 102.21 102.18 102.155 102.122 102.087 102.057 102.03 101.962 101.892 101.8 101.73 101.667 101.58 101.502 101.427 101.352 101.272 101.157 101.037 100.902 100.782 100.702 100.635 100.472 100.39 100.25
103.215 103.202 103.167 103.157 103.117 103.047 103.022 102.987 102.955 102.93 102.89 102.87 102.86 102.847 102.83 102.83 102.815 102.815 102.815 102.805 102.785 102.76 102.722 102.695 102.667 102.652 102.622 102.595 102.572 102.537 102.56 102.52 102.5 102.477 102.462 102.455 102.427 102.417 102.377 102.38 102.372 102.355 102.332 102.31 102.31 102.242 102.212 102.172 102.152 102.125 102.107 102.047 102.047 101.967 101.922 101.832 101.745 101.715 101.635 101.565 101.49 101.422 101.36 101.265 101.172 101.037 100.912 100.8 100.675 100.595 100.465 100.367 100.25
103.077 103.052 103.032 103.012 102.947 102.9 102.877 102.872 102.817 102.827 102.8 102.74 102.735 102.717 102.712 102.707 102.715 102.727 102.725 102.705 102.66 102.652 102.622 102.59 102.55 102.55 102.517 102.505 102.47 102.46 102.432 102.42 102.415 102.387 102.337 102.36 102.362 102.342 102.312 102.297 102.295 102.275 102.285 102.257 102.225 102.195 102.165 102.117 102.097 102.07 102.045 102.032 101.99 101.922 101.872 101.83 101.752 101.677 101.61 101.545 101.485 101.415 101.345 101.252 101.15 101.007 100.907 100.772 100.655 100.57 100.462 100.367 100.255
102.947 102.935 102.895 102.845 102.812 102.772 102.735 102.735 102.707 102.682 102.645 102.61 102.59 102.577 102.587 102.595 102.612 102.647 102.595 102.575 102.562 102.53 102.525 102.472 102.435 102.417 102.42 102.435 102.395 102.385 102.345 102.337 102.332 102.31 102.295 102.302 102.29 102.282 102.292 102.255 102.247 102.215 102.24 102.2 102.155 102.125 102.12 102.092 102.052 102.022 102 101.975 101.967 101.9 101.842 101.79 101.712 101.66 101.6 101.537 101.487 101.407 101.33 101.242 101.147 101.007 100.887 100.75 100.64 100.555 100.432 100.365 100.23
102.795 102.782 102.75 102.735 102.717 102.675 102.635 102.61 102.57 102.525 102.51 102.497 102.492 102.48 102.497 102.51 102.507 102.512 102.495 102.452 102.455 102.41 102.397 102.382 102.35 102.35 102.35 102.34 102.302 102.285 102.257 102.245 102.25 102.225 102.22 102.227 102.225 102.225 102.212 102.217 102.175 102.145 102.16 102.122 102.117 102.102 102.067 102.035 102.017 101.99 101.965 101.947 101.892 101.857 101.832 101.767 101.697 101.645 101.607 101.51 101.452 101.4 101.305 101.217 101.15 100.997 100.89 100.75 100.587 100.495 100.387 100.332 100.167
102.665 102.675 102.647 102.632 102.592 102.56 102.515 102.48 102.457 102.42 102.407 102.387 102.382 102.372 102.38 102.372 102.377 102.382 102.39 102.37 102.36 102.325 102.312 102.275 102.24 102.265 102.25 102.26 102.215 102.21 102.207 102.185 102.172 102.17 102.162 102.142 102.162 102.14 102.115 102.152 102.11 102.12 102.145 102.112 102.095 102.027 102.002 101.955 101.967 101.932 101.887 101.897 101.882 101.83 101.817 101.762 101.7 101.662 101.59 101.487 101.415 101.367 101.277 101.212 101.105 100.992 100.865 100.74 100.595 100.48 100.36 100.295 100.132
102.562 102.565 102.527 102.51 102.472 102.412 102.385 102.357 102.352 102.322 102.312 102.3 102.265 102.267 102.26 102.28 102.27 102.282 102.307 102.28 102.272 102.242 102.205 102.18 102.185 102.19 102.155 102.15 102.145 102.147 102.145 102.122 102.107 102.122 102.082 102.065 102.07 102.085 102.07 102.082 102.105 102.075 102.07 102.05 102.05 102 101.952 101.925 101.925 101.905 101.89 101.877 101.88 101.817 101.785 101.745 101.65 101.567 101.567 101.477 101.402 101.365 101.292 101.217 101.102 100.985 100.845 100.705 100.567 100.457 100.33 100.242 100.09
102.445 102.425 102.402 102.38 102.352 102.307 102.262 102.252 102.237 102.225 102.202 102.172 102.157 102.185 102.16 102.167 102.19 102.177 102.175 102.177 102.162 102.152 102.107 102.082 102.092 102.105 102.092 102.1 102.085 102.072 102.082 102.037 102.03 102.03 102.01 102.022 102.03 102.035 102.042 102.04 102.04 102.022 102.005 102.015 101.985 101.96 101.947 101.91 101.902 101.892 101.872 101.87 101.84 101.812 101.775 101.715 101.647 101.605 101.552 101.48 101.437 101.36 101.255 101.182 101.067 100.942 100.8 100.695 100.545 100.417 100.317 100.197 100.04
