data/LIDAR-DSM-2M-NZ24se/nz2543_DSM_2M.asc
ncols 500
nrows 500
xllcorner    425000
yllcorner    543000
cellsize     2
NODATA_value -9999
[rows 31 to 61 of 500, columns 0 to 67 of 500]
76.301 76.114 76.306 76.389 76.449 76.474 76.501 76.504 76.521 76.544 76.626 76.724 76.816 76.876 76.889 76.919 76.979 76.969 76.964 76.979 76.971 76.999 77.009 76.999 77.776 77.961 77.571 77.409 77.459 77.481 77.494 77.464 77.456 77.546 77.591 77.649 77.754 77.729 77.821 77.979 78.111 78.124 78.221 78.276 78.299 78.314 78.344 78.364 78.374 78.379 78.434 78.451 78.479 78.486 78.474 78.469 78.481 78.484 78.476 78.481 78.501 78.541 78.544 78.556 78.526 78.564 78.594 78.606
76.224 76.241 76.376 76.409 76.471 76.494 76.539 76.556 76.579 76.614 76.704 76.821 76.864 76.961 77.004 77.021 77.034 77.029 77.026 77.061 77.086 77.071 77.131 77.096 77.404 77.314 77.391 77.441 77.489 77.529 77.554 77.596 77.584 77.539 77.546 77.649 77.661 77.689 77.849 77.946 77.999 78.084 78.164 78.274 78.301 78.311 78.346 78.339 78.344 78.351 78.406 78.416 78.444 78.459 78.464 78.481 78.499 78.509 78.519 78.496 78.529 78.539 78.556 78.549 78.556 78.566 78.594 78.554
76.179 76.369 76.391 76.421 76.471 76.514 76.546 76.596 76.614 76.684 76.779 76.849 76.894 76.951 77.046 77.099 77.119 77.126 77.131 77.156 77.209 77.231 77.196 77.161 77.141 77.409 77.414 77.461 77.514 77.561 77.616 77.634 77.639 77.639 77.659 77.676 77.671 77.641 77.821 77.896 77.944 78.044 78.079 78.236 78.266 78.309 78.366 78.346 78.346 78.386 78.409 78.411 78.434 78.476 78.461 78.471 78.476 78.466 78.504 78.509 78.526 78.509 78.539 78.569 78.556 78.571 78.514 78.494
76.301 76.349 76.416 76.436 76.486 76.546 76.599 76.646 76.684 76.766 76.836 76.896 76.946 77.031 77.069 77.124 77.151 77.159 77.221 77.259 77.269 77.269 77.261 77.266 77.321 77.481 77.491 77.509 77.541 77.581 77.616 77.646 77.656 77.696 77.751 77.744 77.721 77.806 77.729 77.794 77.916 77.969 78.019 78.176 78.211 78.279 78.326 78.331 78.341 78.419 78.416 78.429 78.441 78.481 78.464 78.454 78.446 78.451 78.451 78.499 78.521 78.514 78.549 78.569 78.566 78.539 78.429 78.439
76.424 76.421 76.416 76.449 76.446 76.536 76.596 76.709 76.776 76.834 76.896 76.981 77.024 77.069 77.111 77.146 77.209 77.251 77.276 77.311 77.331 77.329 77.299 77.309 77.439 77.494 77.494 77.521 77.549 77.611 77.616 77.664 77.681 77.701 77.729 77.769 77.776 77.761 77.724 77.841 77.869 77.899 78.029 78.094 78.166 78.236 78.256 78.254 78.309 78.396 78.396 78.436 78.446 78.441 78.446 78.461 78.469 78.474 78.526 78.531 78.519 78.526 78.544 78.531 78.559 78.506 78.379 78.491
76.426 76.419 76.449 76.459 76.486 76.571 76.601 76.714 76.824 76.884 76.929 77.004 77.064 77.124 77.181 77.216 77.236 77.286 77.316 77.364 77.384 77.364 77.359 77.369 77.544 77.956 77.604 77.539 77.624 77.671 77.689 77.699 77.726 77.734 77.764 77.799 77.804 77.841 77.824 77.831 77.826 77.714 77.819 78.004 78.089 78.126 78.019 78.151 78.286 78.381 78.364 78.421 78.441 78.441 78.449 78.461 78.471 78.469 78.519 78.506 78.496 78.499 78.511 78.479 78.491 78.469 78.351 78.499
76.499 76.501 76.574 76.591 76.596 76.639 76.684 76.746 76.816 76.866 76.951 77.024 77.099 77.129 77.181 77.239 77.286 77.316 77.361 77.381 77.396 77.391 77.401 77.156 77.614 78.384 77.934 77.599 77.629 77.709 77.731 77.744 77.766 77.756 77.766 77.789 77.826 77.819 77.889 77.879 77.871 77.771 77.824 77.866 77.931 77.949 77.874 78.009 78.281 78.324 78.359 78.396 78.424 78.404 78.421 78.446 78.471 78.446 78.489 78.496 78.489 78.511 78.494 78.464 78.511 78.534 78.354 78.491
76.536 76.566 76.681 76.721 76.701 76.726 76.756 76.801 76.881 76.926 76.969 77.004 77.086 77.166 77.214 77.254 77.314 77.339 77.384 77.374 77.399 77.381 77.401 77.144 77.771 78.624 78.119 77.609 77.659 77.731 77.764 77.804 77.836 77.806 77.866 77.821 77.844 77.849 77.901 77.929 77.909 77.894 77.849 77.876 77.886 77.839 77.911 77.921 78.266 78.291 78.329 78.386 78.391 78.366 78.416 78.411 78.431 78.444 78.436 78.439 78.454 78.471 78.496 78.486 78.499 78.524 78.419 78.439
76.436 76.564 76.759 76.771 76.779 76.776 76.819 76.901 76.946 76.944 76.971 76.981 77.054 77.179 77.266 77.289 77.324 77.364 77.626 77.434 77.434 77.454 77.494 77.434 77.549 77.949 77.664 77.676 77.729 77.751 77.799 77.851 77.886 77.849 77.844 77.869 77.894 77.886 77.934 77.921 77.934 77.909 77.909 77.934 77.894 77.874 77.976 77.841 78.121 78.116 78.286 78.294 78.359 78.364 78.374 78.379 78.434 78.419 78.401 78.381 78.416 78.419 78.449 78.449 78.464 78.474 78.429 78.379
76.554 76.661 76.804 76.849 76.844 76.889 76.899 76.951 76.961 77.006 77.044 77.071 77.106 77.161 77.254 77.304 77.324 77.356 77.379 77.401 77.441 77.459 77.484 77.574 77.639 77.659 77.659 77.724 77.784 77.794 77.824 77.876 77.896 77.881 77.859 77.899 77.916 77.954 77.956 77.944 77.976 77.974 77.966 77.976 77.944 77.959 77.956 77.959 77.866 77.844 78.119 78.161 78.229 78.314 78.324 78.354 78.351 78.389 78.389 78.384 78.366 78.394 78.396 78.389 78.416 78.426 78.291 78.386
76.709 76.764 76.834 76.884 76.886 76.916 76.996 77.036 77.021 77.021 77.194 77.179 77.126 77.164 77.226 77.261 77.334 77.359 77.434 77.464 77.456 77.484 77.419 77.529 77.671 77.734 77.734 77.736 77.824 77.814 77.826 77.889 77.924 77.951 77.934 77.959 77.976 77.994 77.966 78.011 78.009 77.991 77.976 77.981 77.994 78.004 78.019 77.951 77.876 77.876 77.974 78.094 78.169 78.291 78.289 78.314 78.311 78.349 78.351 78.361 78.234 78.136 78.214 78.349 78.404 78.234 78.289 78.401
76.746 76.824 76.886 76.914 76.946 76.969 77.059 77.091 77.106 77.156 77.196 77.209 77.191 77.151 77.209 77.266 77.344 77.389 77.451 77.486 77.489 77.491 77.381 77.509 77.676 77.724 77.746 77.781 77.784 77.821 77.859 77.894 77.899 77.929 77.974 78.006 78.026 78.076 78.019 78.036 78.011 78.006 77.971 78.006 78.039 78.031 78.009 78.014 77.961 77.844 77.849 77.971 78.056 78.141 78.191 78.259 78.246 78.164 78.246 78.186 78.001 78.036 78.016 78.021 78.071 78.194 78.356 78.394
76.799 76.874 76.934 76.989 77.051 77.059 77.104 77.131 77.211 77.206 77.234 77.131 77.221 77.254 77.231 77.301 77.364 77.411 77.429 77.474 77.479 77.496 77.401 77.471 77.654 77.741 77.771 77.764 77.809 77.839 77.889 77.919 77.936 77.954 77.946 78.024 78.034 78.119 78.004 78.004 78.016 78.019 78.029 78.009 78.051 78.046 78.031 78.004 78.024 77.974 77.924 77.879 77.841 77.931 78.071 78.149 78.101 78.001 77.931 77.924 77.979 78.014 78.079 78.024 78.086 78.351 78.336 78.361
76.821 76.911 76.976 77.036 77.071 77.074 77.136 77.156 77.196 77.219 77.266 77.169 77.219 77.291 77.361 77.384 77.404 77.419 77.444 77.466 77.511 77.509 77.519 77.499 77.669 77.706 77.744 77.796 77.834 77.899 77.924 77.926 78.019 77.984 77.971 78.006 78.024 77.941 78.024 77.991 77.999 78.009 78.029 78.026 78.006 78.064 78.056 78.039 78.026 78.021 77.969 77.914 77.861 77.914 77.879 78.004 77.944 77.921 77.866 77.851 77.914 77.964 78.009 78.071 78.189 78.336 78.236 78.144
76.914 77.004 77.004 77.089 77.124 77.141 77.176 77.209 77.254 77.231 77.324 77.376 77.419 77.386 77.414 77.431 77.439 77.444 77.454 77.444 77.464 77.516 77.479 77.566 77.754 77.716 77.741 77.816 77.829 77.874 77.941 77.954 77.974 77.981 78.001 78.006 78.026 77.984 78.026 78.029 77.979 78.029 78.004 77.996 78.009 78.021 78.051 78.014 77.984 78.016 77.999 77.961 77.944 77.906 77.874 78.109 77.919 77.839 77.799 77.829 77.904 77.899 77.936 77.964 78.204 78.171 78.069 78.086
77.006 77.061 77.059 77.114 77.159 77.201 77.214 77.244 77.286 77.301 77.361 77.361 77.389 77.409 77.451 77.471 77.496 77.514 77.469 77.446 77.466 77.554 77.506 77.689 77.724 77.766 77.829 77.814 77.831 77.861 77.901 77.931 77.951 77.949 77.969 78.019 78.006 77.964 78.006 77.976 78.011 78.009 78.024 78.009 78.049 78.059 78.034 78.081 78.004 77.981 78.021 78.031 77.984 77.959 77.931 77.864 77.964 77.774 77.786 77.861 77.901 77.831 77.854 77.886 78.146 78.091 78.041 78.059
77.049 77.076 77.106 77.151 77.176 77.226 77.246 77.279 77.306 77.331 77.379 77.391 77.421 77.439 77.461 77.519 77.544 77.556 77.541 77.539 77.511 77.561 77.584 77.664 77.769 77.811 77.814 77.839 77.874 77.916 77.896 77.916 77.949 77.904 77.959 77.921 77.944 77.951 78.016 78.011 77.976 77.996 78.006 78.081 78.081 78.056 78.069 78.029 78.069 78.021 78.034 78.049 78.014 77.996 77.956 77.856 77.996 77.796 77.801 77.761 77.859 77.791 77.754 77.869 78.049 78.021 77.954 77.911
77.079 77.111 77.141 77.169 77.201 77.221 77.264 77.281 77.306 77.361 77.404 77.426 77.419 77.441 77.479 77.526 77.559 77.564 77.566 77.556 77.574 77.551 77.599 77.719 77.809 77.841 77.839 77.851 77.859 77.899 77.934 77.936 77.911 77.981 77.994 77.956 77.959 77.976 77.971 77.979 78.001 78.021 78.009 78.031 78.071 78.056 78.099 78.066 78.089 78.059 78.041 78.021 78.019 78.014 77.936 77.884 77.851 77.859 77.831 77.771 77.794 77.789 77.676 77.899 77.926 77.986 77.889 77.796
77.151 77.184 77.166 77.221 77.236 77.246 77.296 77.279 77.319 77.334 77.384 77.434 77.451 77.481 77.504 77.534 77.559 77.606 77.591 77.569 77.604 77.499 77.696 77.734 77.779 77.849 77.846 77.864 77.864 77.929 77.901 77.886 77.911 77.946 77.951 77.964 77.991 77.991 78.009 78.019 78.029 78.051 78.016 78.046 78.054 78.101 78.059 78.051 78.036 78.076 78.036 78.036 78.001 77.994 77.946 77.894 77.919 77.871 77.846 77.831 77.816 77.831 77.774 77.761 77.756 77.899 77.786 77.784
77.206 77.219 77.234 77.254 77.274 77.291 77.294 77.314 77.319 77.336 77.381 77.446 77.486 77.519 77.536 77.546 77.604 77.606 77.609 77.564 77.564 77.596 77.689 77.734 77.786 77.811 77.869 77.916 77.896 77.901 77.909 77.884 77.906 77.949 77.964 77.999 77.969 77.946 77.991 78.034 77.994 78.021 78.054 78.024 78.056 78.071 78.074 78.036 78.064 78.029 78.059 77.981 77.971 77.941 77.904 77.849 77.854 77.894 77.864 77.819 77.794 77.781 77.761 77.809 77.759 77.654 77.691 77.784
77.271 77.281 77.281 77.274 77.311 77.304 77.339 77.346 77.341 77.361 77.389 77.454 77.479 77.541 77.556 77.576 77.604 77.614 77.584 77.554 77.521 77.591 77.804 77.706 77.749 77.799 77.831 77.861 77.846 77.814 77.811 77.866 77.871 77.919 77.914 77.934 77.949 77.976 77.984 78.009 78.001 78.011 78.014 78.029 78.041 78.066 78.071 78.044 78.049 78.026 78.021 77.946 77.956 77.954 77.886 77.861 77.844 77.849 77.859 77.809 77.774 77.739 77.711 77.661 77.686 77.736 77.631 77.689
77.311 77.306 77.336 77.314 77.309 77.344 77.319 77.334 77.364 77.356 77.369 77.434 77.486 77.526 77.541 77.554 77.609 77.579 77.574 77.584 77.559 77.599 77.801 77.649 77.719 77.774 77.786 77.776 77.779 77.784 77.769 77.814 77.881 77.899 77.901 77.906 77.921 77.939 77.946 77.946 77.964 77.976 78.021 78.024 78.031 78.031 78.066 78.039 78.036 78.014 77.971 77.971 77.959 77.941 77.914 77.881 77.856 77.849 77.826 77.786 77.741 77.749 77.734 77.701 77.639 77.666 77.586 77.616
77.359 77.336 77.331 77.351 77.344 77.374 77.386 77.366 77.364 77.424 77.411 77.439 77.491 77.534 77.561 77.594 77.574 77.581 77.604 77.596 77.606 77.574 77.494 77.614 77.681 77.724 77.711 77.744 77.741 77.751 77.769 77.799 77.831 77.844 77.846 77.854 77.864 77.886 77.911 77.894 77.926 77.961 77.969 77.991 78.034 78.046 78.056 78.036 77.996 78.006 77.976 77.969 77.961 77.936 77.889 77.869 77.819 77.804 77.811 77.739 77.764 77.736 77.656 77.644 77.619 77.681 77.654 77.604
77.369 77.364 77.359 77.341 77.376 77.394 77.411 77.401 77.399 77.424 77.441 77.456 77.486 77.506 77.559 77.569 77.581 77.566 77.599 77.584 77.561 77.654 77.706 77.671 77.561 77.634 77.684 77.666 77.696 77.741 77.769 77.766 77.799 77.814 77.791 77.809 77.821 77.841 77.846 77.899 77.886 77.901 77.906 77.984 77.981 78.031 78.016 77.986 77.974 77.971 77.966 77.956 77.946 77.876 77.854 77.826 77.839 77.784 77.724 77.731 77.756 77.699 77.676 77.644 77.646 77.641 77.639 77.599
77.396 77.369 77.346 77.394 77.411 77.431 77.456 77.439 77.411 77.441 77.489 77.591 77.501 77.474 77.514 77.549 77.566 77.561 77.566 77.559 77.521 77.646 77.679 77.559 77.586 77.641 77.581 77.631 77.691 77.709 77.724 77.739 77.756 77.781 77.761 77.789 77.816 77.784 77.794 77.821 77.866 77.856 77.894 77.901 77.934 77.961 77.951 77.961 77.931 77.954 77.946 77.944 77.886 77.914 77.836 77.821 77.809 77.789 77.721 77.704 77.686 77.649 77.631 77.649 77.634 77.616 77.599 77.589
77.411 77.434 77.401 77.424 77.464 77.469 77.476 77.489 77.436 77.454 77.466 77.479 77.479 77.484 77.514 77.514 77.519 77.529 77.534 77.554 77.511 77.636 77.516 77.629 77.626 77.611 77.559 77.521 77.624 77.656 77.684 77.694 77.709 77.719 77.726 77.751 77.766 77.751 77.771 77.774 77.801 77.814 77.829 77.841 77.876 77.884 77.884 77.881 77.879 77.916 77.891 77.891 77.864 77.861 77.856 77.796 77.759 77.744 77.734 77.676 77.664 77.631 77.616 77.569 77.601 77.566 77.596 77.589
77.454 77.431 77.421 77.424 77.469 77.484 77.496 77.516 77.476 77.479 77.516 77.501 77.486 77.496 77.496 77.511 77.504 77.509 77.516 77.511 77.484 77.539 77.529 77.626 77.571 77.564 77.559 77.584 77.674 77.579 77.641 77.674 77.671 77.661 77.696 77.654 77.664 77.704 77.711 77.754 77.776 77.769 77.789 77.819 77.811 77.844 77.851 77.844 77.814 77.851 77.856 77.846 77.841 77.841 77.821 77.789 77.759 77.734 77.719 77.651 77.646 77.584 77.624 77.591 77.564 77.524 77.546 77.546
77.451 77.449 77.466 77.441 77.464 77.509 77.524 77.531 77.544 77.514 77.504 77.506 77.506 77.506 77.499 77.489 77.519 77.511 77.506 77.506 77.441 77.359 77.499 77.551 77.536 77.519 77.521 77.566 77.584 77.581 77.544 77.579 77.571 77.641 77.669 77.651 77.674 77.709 77.686 77.714 77.691 77.704 77.754 77.809 77.766 77.786 77.799 77.834 77.799 77.809 77.814 77.796 77.789 77.794 77.756 77.771 77.764 77.761 77.731 77.684 77.656 77.644 77.576 77.554 77.526 77.479 77.484 77.471
77.476 77.464 77.494 77.461 77.484 77.494 77.509 77.541 77.521 77.541 77.544 77.536 77.511 77.526 77.519 77.471 77.479 77.476 77.484 77.496 77.459 77.514 77.474 77.496 77.501 77.476 77.464 77.491 77.531 77.576 77.551 77.569 77.521 77.549 77.601 77.621 77.626 77.659 77.634 77.639 77.659 77.701 77.714 77.796 77.714 77.754 77.754 77.759 77.751 77.814 77.799 77.776 77.764 77.779 77.726 77.731 77.716 77.696 77.681 77.666 77.661 77.599 77.559 77.561 77.496 77.469 77.466 77.449
77.501 77.459 77.444 77.464 77.481 77.476 77.506 77.531 77.539 77.554 77.579 77.554 77.521 77.504 77.516 77.486 77.479 77.449 77.459 77.471 77.506 77.819 77.591 77.429 77.419 77.444 77.481 77.566 77.639 77.616 77.559 77.494 77.459 77.504 77.534 77.546 77.611 77.591 77.609 77.629 77.596 77.649 77.661 77.709 77.701 77.719 77.724 77.729 77.716 77.739 77.731 77.746 77.709 77.719 77.709 77.669 77.666 77.679 77.649 77.619 77.641 77.556 77.541 77.509 77.481 77.446 77.461 77.464
77.466 77.479 77.466 77.489 77.491 77.501 77.511 77.516 77.529 77.534 77.566 77.561 77.556 77.551 77.516 77.511 77.501 77.491 77.464 77.456 77.641 77.819 77.769 77.574 77.479 77.539 77.739 77.761 77.799 77.734 77.574 77.456 77.479 77.486 77.489 77.466 77.519 77.549 77.566 77.596 77.604 77.646 77.641 77.694 77.676 77.711 77.739 77.714 77.699 77.704 77.701 77.696 77.689 77.696 77.714 77.686 77.629 77.626 77.594 77.584 77.579 77.541 77.521 77.524 77.469 77.419 77.429 77.534
