data/LIDAR-DSM-2M-NZ24se/nz2540_DSM_2M.asc
ncols 500
nrows 500
xllcorner    425000
yllcorner    540000
cellsize     2
NODATA_value -9999
[rows 0 to 31 of 500, columns 144 to 215 of 500]
60.375 60.39 60.42 60.433 60.393 60.388 60.418 60.413 60.45 60.453 60.04 59.41 59.208 59.25 59.303 59.615 59.778 59.875 59.903 60.018 60.02 60.26 60.82 60.75 60.768 60.763 60.713 60.688 60.693 60.76 61.295 60.693 61.8 62.42 62.6 63.715 67.178 66.42 67.42 70.62 69.915 71.098 72.41 75.928 75.993 75.293 76.143 77.988 77.988 77.88 77.095 75.778 75.485 75.733 74.053 73.5 70.17 68.695 67.54 66.512 67.517 64.21 63.172 65.447 63.322 61.597 60.57 60.705 61.78 63.435 63.555 63.682
60.36 60.348 60.393 60.425 60.418 60.388 60.358 60.4 60.405 60.425 59.99 59.218 59.223 59.185 59.318 59.668 59.803 59.845 59.873 59.973 60.065 60.025 60.64 60.73 60.758 60.748 60.76 60.725 60.65 60.653 61.745 61.748 61.198 61.985 62.663 65.53 65.703 66.478 67.908 69.698 69.518 70.87 71.96 73.375 74.338 74.498 76.2 77.935 77.97 77.863 77.053 74.393 74.22 76.443 73.413 72.598 69.757 68.655 67.572 66.267 65.172 64.05 63.102 62.415 63.52 60.85 60.615 60.787 60.735 61.12 61.545 62.03
60.393 60.338 60.358 60.405 60.408 60.358 60.378 60.348 60.368 60.398 60.268 59.163 59.148 59.208 59.483 59.678 59.813 59.865 59.86 59.913 60.063 60.113 60.573 60.713 60.75 60.788 60.75 60.74 60.638 60.655 61.373 62.57 60.948 61.603 63.81 63.418 65.23 67.038 68.41 70.105 69.918 71.258 71.555 72.76 73.658 73.758 76.358 77.888 77.893 77.895 77.413 73.708 74.118 73.45 72.555 74.418 69.467 68.437 67.705 66.3 66.112 63.96 62.972 62.53 63.15 60.862 60.562 60.997 60.812 60.662 60.642 60.692
60.375 60.338 60.345 60.383 60.405 60.363 60.38 60.363 60.39 60.355 60.073 59.21 59.148 59.205 59.488 59.658 59.825 59.845 59.858 59.893 59.983 60.103 60.21 60.715 60.738 60.768 60.76 60.745 60.645 60.66 60.63 60.775 61.035 61.575 63.828 65.313 65.51 65.413 68.153 68.81 69.345 70.253 71.253 72.078 72.883 72.943 74.25 76.933 77.908 77.918 73.895 73.033 75.188 74.318 72.615 70.858 70.485 68.672 66.895 66.057 65.202 65.475 62.992 62.647 62.992 61.247 61.07 61.195 61.125 61.15 61.06 60.817
60.35 60.315 60.308 60.348 60.408 60.395 60.36 60.365 60.365 60.373 60.113 59.155 59.118 59.195 59.38 59.67 59.783 59.828 59.855 59.86 59.925 60.065 60.035 60.445 60.805 60.745 60.818 60.783 60.66 60.635 60.61 60.855 60.983 61.468 62.658 62.993 64.61 65.215 67.52 67.713 69.388 69.785 70.723 71.385 72.05 72.18 74.775 77.873 77.895 77.885 73.933 72.87 74.443 72.755 71.083 70.193 69.942 68.335 66.64 65.657 64.745 64.065 62.805 65.697 61.42 61.377 61.275 61.182 61.155 61.18 61.135 61.072
60.353 60.31 60.29 60.335 60.365 60.343 60.36 60.358 60.345 60.353 59.905 59.025 59.11 59.218 59.333 59.62 59.765 59.81 59.875 59.855 59.893 59.998 59.968 60.028 60.648 60.763 60.778 60.778 60.683 60.623 60.633 60.763 60.99 61.325 61.915 62.588 63.563 65.74 66.935 67.388 68.153 69.11 69.96 70.63 71.265 71.895 75.395 76.613 77.898 77.725 74.478 73.928 73.56 72.603 70.433 69.338 69.91 67.837 66.427 65.657 65.28 65.705 62.652 62.847 61.245 60.95 61.065 60.98 61.155 61.19 61.117 61.07
60.345 60.295 60.323 60.293 60.33 60.328 60.343 60.34 60.358 60.348 59.668 59.098 59.09 59.158 59.313 59.553 59.758 59.858 59.86 59.863 59.873 59.923 59.978 59.92 60.39 60.718 60.75 60.78 60.683 60.633 60.66 60.673 61.143 61.475 61.708 62.298 64.295 67.148 68.995 67.548 67.368 68.453 69.308 69.93 70.568 71.043 73.648 76.89 77.88 77.875 74.125 72.18 71.748 71.725 69.455 68.518 68.272 66.882 66.4 64.917 64.25 63.805 62.237 64.805 62.275 60.682 60.907 60.872 60.96 60.95 60.9 60.942
60.358 60.273 60.288 60.29 60.315 60.305 60.303 60.305 60.305 60.36 59.4 58.973 59.11 59.218 59.32 59.488 59.73 59.825 59.853 59.853 59.878 59.89 59.923 59.913 59.96 60.593 60.673 60.698 60.718 60.588 60.638 60.673 60.955 61.628 61.398 61.945 64.493 65.253 67.94 66.925 66.723 67.8 68.515 69.315 69.873 70.83 72.758 76.99 77.893 77.658 74.228 71.13 70.9 70.308 68.893 68.633 68.607 66.907 65.342 64.487 63.685 62.882 62.477 63.067 62.48 60.8 60.725 60.787 60.83 60.812 60.797 60.787
60.308 60.29 60.243 60.255 60.29 60.29 60.27 60.28 60.32 60.293 59.383 59.165 59.145 59.278 59.333 59.463 59.66 59.815 59.885 59.878 59.875 59.898 59.888 59.91 59.853 60.255 60.63 60.668 60.685 60.6 60.643 60.603 60.725 60.923 61.103 62.785 64.17 64.215 64.245 65.878 68.523 69.778 67.948 68.443 69.013 69.425 73.793 76.508 77.9 77.825 72.89 70.17 70.943 68.95 69.028 67.118 67.185 65.732 64.885 64.017 63.47 63.01 63.905 62.71 60.502 60.702 60.7 60.75 60.682 60.677 60.677 60.665
60.3 60.28 60.243 60.25 60.24 60.263 60.265 60.245 60.303 60.323 59.358 59.108 59.085 59.268 59.343 59.428 59.648 59.705 59.858 59.875 59.858 59.9 59.933 59.883 59.865 59.903 60.505 60.618 60.708 60.63 60.613 60.635 60.648 60.793 60.938 63.02 65.19 62.96 66.08 66.138 66.1 68.018 66.788 67.428 67.85 68.225 70.748 76.475 77.903 76.28 72.21 68.973 69.395 68.418 67.18 66.373 65.985 65.265 64.58 64.695 62.88 62.197 63.647 61.51 61.04 60.702 60.625 60.635 60.58 60.557 60.557 60.522
60.308 60.293 60.248 60.245 60.235 60.25 60.253 60.23 60.283 60.315 59.2 59.128 59.08 59.24 59.335 59.39 59.585 59.633 59.76 59.853 59.873 59.883 59.963 59.925 59.885 59.835 60.233 60.588 60.693 60.653 60.605 60.615 60.615 60.705 60.705 62.823 62.398 62.435 64.155 64.605 66.625 67.203 65.888 66.845 66.943 67.11 71.253 77.428 77.883 76.568 73.18 67.9 67.66 67.2 66.368 66.323 65.722 65.857 65.115 63.905 64.302 61.512 61.03 61.552 60.897 60.565 60.537 60.525 60.535 60.512 60.487 60.417
60.305 60.323 60.255 60.23 60.275 60.275 60.288 60.265 60.298 60.328 59.345 59.06 59.048 59.075 59.298 59.408 59.538 59.653 59.713 59.788 59.835 59.84 59.885 59.94 59.903 59.87 59.958 60.513 60.628 60.64 60.608 60.615 60.58 60.613 60.685 61.613 62.205 62.8 64.463 64.643 65.298 65.838 65.523 65.928 66.285 66.65 73.49 77.853 77.895 74.585 72.513 68.06 67.255 66.755 65.913 65.465 65.497 64.322 63.395 62.767 61.977 61.155 61.057 61.03 60.535 60.43 60.407 60.482 60.507 60.507 60.477 60.357
60.255 60.288 60.288 60.205 60.225 60.225 60.225 60.23 60.318 60.298 59.238 59.098 59.085 -9999 59.178 59.398 59.46 59.663 59.675 59.775 59.813 59.83 59.823 59.895 59.9 59.875 59.833 60.338 60.645 60.63 60.598 60.568 60.568 60.6 60.685 60.883 64.245 65.138 63.785 65.643 65.233 65.365 65.158 65.43 65.643 65.898 73.933 77.368 77.838 77.955 74.19 66.78 66.675 65.888 65.255 64.498 64.402 64.652 62.87 62.61 63.33 60.852 61.697 62.877 61.65 60.5 60.46 60.465 60.485 60.462 60.42 60.33
60.155 60.205 60.208 60.165 60.13 60.168 60.143 60.205 60.275 60.293 59.463 59.15 -9999 -9999 59.143 59.298 59.39 59.523 59.695 59.688 59.765 59.83 59.838 59.798 59.843 59.863 59.818 60.05 60.623 60.598 60.623 60.568 60.55 60.58 60.608 61.048 61.345 61.115 61.985 62.595 63.483 64.648 65.148 65.438 65.163 65.245 72.195 73.663 76.905 77.79 69.385 65.993 65.753 65.598 64.69 65.808 64.407 62.842 62.315 61.687 61.292 60.72 61.762 62.342 61.547 60.887 60.49 60.382 60.42 60.425 60.39 60.312
60.118 60.103 60.133 60.123 60.118 60.065 60.093 60.125 60.228 60.338 60.515 59.455 59.484 59.158 59.188 59.125 59.405 59.455 59.578 59.63 59.73 59.78 59.813 59.81 59.793 59.838 59.808 59.833 60.515 60.593 60.608 60.588 60.535 60.57 60.605 60.603 60.628 60.79 62.353 62.203 62.71 63.758 64.805 65.005 64.398 64.483 70.498 76.278 77.843 73.03 69.025 65.218 65.108 64.915 63.918 64.17 64.947 63.69 62.005 61.55 60.96 61.04 60.607 62.125 62.387 60.765 60.375 60.385 60.35 60.35 60.337 60.297
60.018 60.003 60.043 60.023 60.073 60.078 60.015 60.038 60.093 62.52 61.005 59.6 59.573 59.405 59.328 59.04 -9999 59.298 59.48 59.503 59.593 59.673 59.765 59.76 59.72 59.805 59.783 59.74 60.398 60.605 60.613 60.608 60.535 60.563 60.578 60.57 60.635 60.583 61.055 61.71 63.068 62.925 63.365 63.855 63.685 63.943 69.39 71.72 75.695 74.22 68.443 64.005 64.003 64.145 63.43 63.383 64.065 62.447 61.015 60.732 60.705 62.462 60.757 60.675 60.52 60.387 60.347 60.357 60.34 60.322 60.32 60.325
60.025 59.98 60.038 59.978 59.995 60 60.02 59.943 59.955 60.07 60.098 60.073 59.865 59.775 59.5 -9999 -9999 -9999 59.241 59.398 59.375 59.373 59.49 59.638 59.62 59.625 59.673 59.738 60.235 60.668 60.625 60.618 60.6 60.573 60.543 60.623 60.623 60.698 61.755 61.165 61.958 62.628 62.975 63.675 63.173 63.025 71.773 74.95 75.255 69.815 65.383 63.24 63.16 62.823 62.6 62.66 62.26 63.39 63.03 61.165 62.365 61.837 60.477 60.42 60.427 60.392 60.35 60.367 60.377 60.35 60.34 60.307
59.97 59.97 59.99 59.998 59.993 59.98 59.98 59.908 59.908 59.933 59.96 60.033 60.008 59.843 59.248 59.218 -9999 -9999 59.088 58.995 59.258 59.49 59.408 59.335 59.483 59.535 59.56 59.7 59.958 60.628 60.623 60.625 60.608 60.583 60.563 60.563 60.573 60.855 61.45 60.918 62.193 62.683 62.858 62.975 62.913 63.05 68.168 77.163 77.788 70.94 68.15 62.89 62.565 62.22 61.84 61.595 61.37 62.88 62.67 61.535 60.687 60.505 60.427 60.48 60.415 60.395 60.375 60.397 60.375 60.387 60.34 60.315
60.005 60.008 59.97 60.075 59.963 59.968 60.018 59.918 59.905 59.848 59.863 59.9 59.92 59.945 59.925 59.548 -9999 -9999 59.033 58.878 58.965 59.01 59.235 59.19 59.258 59.315 59.495 59.688 59.815 60.528 60.6 60.6 60.653 60.615 60.593 60.548 60.545 60.583 60.995 61.29 61.778 61.933 62.81 62.793 62.828 62.868 68.88 74.24 77.783 70.695 69.768 62.443 62.148 61.888 61.708 61.89 61.512 61.205 61.192 61.08 60.422 60.417 60.432 60.425 60.415 60.41 60.415 60.437 60.407 60.41 60.37 60.26
60.08 60 59.988 60.123 60.058 60.075 60.02 59.965 59.923 59.858 59.815 59.848 59.828 59.843 59.848 59.88 59.893 59.33 59.373 59.343 59.128 58.955 59.01 58.975 58.968 59.033 59.333 59.585 59.778 60.443 60.635 60.648 60.668 60.655 60.6 60.538 60.523 60.553 60.618 60.66 60.848 61.235 61.818 62.378 63.108 63.573 70.46 77.76 77.26 71.61 70.45 64.388 62.203 61.838 61.995 62.328 62.252 61.2 60.735 60.502 60.385 60.397 60.402 60.44 60.43 60.42 60.427 60.455 60.472 60.31 59.622 58.927
60.32 60.058 60.058 60.125 60.14 60.068 59.995 59.98 59.91 59.823 59.823 59.848 59.85 59.825 59.823 59.848 59.873 59.89 59.885 59.56 59.11 58.995 58.95 58.97 -9999 -9999 59.028 59.28 59.655 60.14 60.598 60.658 60.688 60.683 60.68 60.583 60.538 60.533 60.555 60.65 60.673 60.733 61.413 61.58 63.633 62.24 71.108 74.315 77.773 72.62 67.648 62.078 61.688 61.445 61.24 61.37 61.222 60.535 60.397 60.342 60.367 60.385 60.382 60.377 60.35 60.362 60.417 60.317 60.17 59.675 58.522 58.505
60.905 60.12 60.093 60.168 60.238 60.11 60 59.958 59.873 59.853 59.858 59.8 59.82 59.778 59.803 59.815 59.845 59.875 59.873 59.83 59.775 59.305 59.113 59.05 -9999 -9999 59.025 59.21 59.52 59.99 60.578 60.613 60.633 60.658 60.695 60.683 60.605 60.578 60.543 60.628 60.71 60.695 60.703 60.97 61.623 61.435 71.973 77.725 75.245 70.9 65.188 60.925 61.02 61.093 60.77 60.463 60.407 60.35 60.3 60.29 60.285 60.3 60.26 60.22 60.127 60.085 60.475 59.89 59.612 60.005 58.505 58.495
60.348 60.238 60.195 60.245 60.233 60.128 59.99 59.938 59.995 59.943 59.768 59.783 59.795 59.768 59.783 59.808 59.843 59.888 59.895 59.873 59.92 59.963 59.873 59.708 59.325 59.041 59.028 59.158 59.208 59.883 60.598 60.6 60.623 60.628 60.648 60.675 60.65 60.638 60.645 60.678 60.62 60.648 60.703 60.74 60.688 61.693 73.843 75.585 76.59 77.658 69.018 60.683 60.633 60.563 60.473 60.373 60.34 60.312 60.285 60.32 60.252 60.12 59.975 59.872 59.692 59.522 59.497 -9999 58.741 58.59 58.447 58.437
60.505 60.365 60.288 60.255 60.203 60.123 59.963 60.415 63.498 60.555 59.828 59.855 59.815 59.795 59.793 59.778 59.84 59.86 59.87 59.863 59.933 59.98 59.993 59.838 59.73 59.468 59.06 59.063 59.058 59.55 60.553 60.63 60.665 60.66 60.725 60.69 60.673 60.67 60.698 60.81 60.725 60.65 60.643 60.655 60.678 60.69 71.93 76.778 77.723 77.683 66.918 60.613 60.52 60.448 60.413 60.378 60.395 60.392 60.372 60.342 60.222 59.802 59.552 59.402 59.137 58.692 -9999 -9999 -9999 58.274 58.43 58.647
60.578 60.47 60.375 60.278 60.18 60.1 59.958 60.568 62.103 59.95 59.868 59.838 59.815 59.843 59.843 59.798 59.82 59.84 59.893 59.853 59.915 59.983 60.018 59.913 59.77 59.45 59.088 59.035 59.04 59.363 60.428 60.62 60.65 60.685 60.698 60.7 60.643 60.693 60.7 60.815 60.87 60.798 60.715 60.66 60.605 60.593 65.598 73.388 69.493 71.363 68.02 60.485 60.453 60.433 60.473 60.508 60.487 60.402 60.287 60.185 60.227 59.842 59.352 58.917 58.61 58.505 -9999 -9999 -9999 58.687 58.767 58.952
60.68 60.533 60.425 60.32 60.195 60.095 60.04 59.98 59.938 59.91 59.87 59.915 59.873 59.895 59.865 59.845 59.845 59.878 59.89 59.9 59.95 60.043 60.075 59.988 59.793 59.578 59.165 58.993 59.028 59.168 60.133 60.51 60.578 60.685 60.703 60.675 60.705 60.738 60.95 60.953 60.973 60.95 60.795 60.658 60.628 60.648 73.405 73.433 73.675 71.983 65.72 60.488 60.5 60.533 60.525 60.573 60.405 60.627 60.257 61.04 61.895 59.217 -9999 58.54 58.44 58.487 58.59 58.611 58.664 58.897 59.055 59.127
60.82 60.648 60.528 60.368 60.265 60.195 60.12 60.025 59.945 59.898 59.915 59.908 59.915 59.885 59.893 59.9 59.883 59.913 59.958 59.945 59.98 60.018 60.023 60.05 59.813 59.735 59.428 58.995 58.993 59.088 59.38 60.398 60.493 60.618 60.625 60.62 60.648 60.743 60.903 60.833 60.825 60.688 60.645 60.708 60.75 61.123 72.638 74.74 75.518 70.89 65.025 60.543 60.588 60.615 60.485 60.425 60.227 60.435 60.047 59.622 60.15 -9999 -9999 -9999 58.337 58.532 58.652 58.792 59.042 59.157 59.212 59.265
60.918 60.745 60.643 60.503 60.345 60.263 60.155 60.085 59.953 59.928 59.89 59.9 59.908 59.908 59.913 59.95 59.955 59.943 59.97 59.985 59.973 60.013 60 60 59.833 59.77 59.463 59.023 59.018 58.995 58.948 59.673 60.433 60.518 60.575 60.588 60.62 60.605 60.668 60.67 60.738 60.765 60.685 60.638 60.625 60.578 69.8 74.713 72.993 68.51 64.478 60.54 60.54 60.598 60.383 60.585 60.94 59.457 59.307 -9999 -9999 -9999 -9999 -9999 58.524 58.825 58.997 59.147 59.242 59.297 59.315 59.362
61.03 60.863 60.743 60.603 60.46 60.36 60.225 60.135 60.013 59.955 59.89 59.913 59.9 59.928 59.933 59.933 59.975 59.968 60.003 59.98 59.988 59.988 60.005 59.99 59.815 59.74 59.595 59.088 58.868 58.9 58.895 59.308 60.373 60.44 60.508 60.52 60.54 60.54 60.725 60.703 60.768 60.615 60.575 60.665 60.65 60.713 75.7 75.995 69.423 69.648 61.163 60.54 60.565 60.428 60.043 60.083 59.617 59.022 59.13 -9999 -9999 58.487 58.697 58.874 59.012 59.21 59.277 59.312 59.312 59.337 59.297 59.247
61.19 61.013 60.81 60.665 60.53 60.38 60.255 60.12 60.013 59.953 59.968 59.898 59.9 59.92 59.893 59.93 59.968 59.96 59.993 59.983 59.993 59.983 60 59.963 59.778 59.613 59.453 59.058 58.8 58.883 58.94 59.628 60.31 60.345 60.428 60.45 60.475 60.525 60.613 60.573 60.575 60.823 60.81 60.773 60.733 60.638 68.185 71.34 77.453 70.67 61.09 60.523 60.333 59.863 59.583 59.21 59.097 -9999 58.547 58.411 58.461 58.787 59.047 59.122 59.262 59.327 59.352 59.362 59.61 59.287 59.115 59.06
61.298 61.153 60.92 60.763 60.608 60.438 60.268 60.135 60.048 60.003 59.995 60.018 60.013 59.985 59.968 59.948 59.953 60.003 59.988 60.01 59.998 60.02 59.963 59.838 59.668 59.638 59.583 59.195 58.818 58.915 58.94 59.993 60.228 60.293 60.35 60.423 60.46 60.488 60.498 60.555 60.673 60.713 60.673 60.68 60.678 60.608 70.46 76.42 74.048 73.298 62.89 60.32 59.928 59.48 58.905 58.758 -9999 -9999 -9999 58.62 58.965 59.185 59.227 59.3 59.347 59.387 59.342 59.28 59.435 59.16 59.255 59.762
61.373 61.21 61.035 60.87 60.698 60.495 60.33 60.165 60.053 60.025 59.998 59.973 60.035 60.088 60.095 60.045 60.015 60.008 60.055 60.043 60.038 59.925 59.88 59.743 59.618 59.658 59.56 59.22 58.873 58.925 58.948 59.905 60.175 60.278 60.378 60.403 60.433 60.46 60.468 60.495 60.623 60.633 60.57 60.598 60.573 60.69 77.488 77.588 73.67 71.12 62.843 59.7 59.338 58.835 58.535 58.673 58.732 58.657 58.867 59.182 59.307 59.232 59.26 59.267 59.34 59.305 59.317 59.295 59.397 59.705 60.142 60.44
