data/LIDAR-DSM-2M-NZ24se/nz2543_DSM_2M.asc
ncols 500
nrows 500
xllcorner    425000
yllcorner    543000
cellsize     2
NODATA_value -9999
[rows 248 to 278 of 500, columns 136 to 203 of 500]
100.071 100.189 100.241 100.316 100.374 100.441 100.461 100.491 100.579 100.671 100.761 100.836 100.899 101.006 101.102 101.197 101.279 101.354 101.424 101.479 101.547 101.609 101.652 101.669 101.742 101.794 101.899 101.964 102.042 102.144 102.217 102.274 102.292 102.349 102.369 102.382 102.459 102.537 102.597 102.617 102.669 102.752 102.784 102.822 102.849 102.869 102.944 103.017 103.039 102.999 103.022 103.057 103.114 103.134 103.144 103.199 103.197 103.214 103.249 103.277 103.269 103.257 103.252 103.227 103.219 103.204 103.172 103.159
100.041 100.141 100.179 100.194 100.256 100.331 100.376 100.409 100.494 100.589 100.676 100.729 100.819 100.944 101.017 101.117 101.192 101.254 101.332 101.402 101.447 101.484 101.534 101.609 101.659 101.702 101.782 101.884 101.929 101.977 102.044 102.107 102.152 102.199 102.224 102.242 102.327 102.389 102.432 102.472 102.539 102.592 102.657 102.694 102.792 102.837 102.934 102.947 102.969 102.949 102.969 102.984 103.024 103.062 103.132 103.169 103.167 103.197 103.219 103.227 103.274 103.279 103.247 103.279 103.249 103.249 103.212 103.202
99.974 100.064 100.144 100.121 100.194 100.264 100.311 100.401 100.426 100.511 100.604 100.694 100.749 100.851 100.951 101.016 101.076 101.144 101.221 101.304 101.331 101.389 101.446 101.506 101.546 101.631 101.681 101.764 101.816 101.874 101.954 102.006 102.026 102.036 102.079 102.121 102.189 102.261 102.306 102.309 102.384 102.439 102.529 102.621 102.681 102.806 102.824 102.836 102.844 102.874 102.869 102.896 102.924 102.971 103.026 103.049 103.144 103.166 103.171 103.206 103.211 103.259 103.266 103.244 103.249 103.247 103.262 103.277
99.856 99.956 100.059 100.059 100.144 100.186 100.256 100.321 100.369 100.444 100.544 100.634 100.694 100.804 100.854 100.921 100.944 101.061 101.161 101.214 101.261 101.331 101.324 101.396 101.461 101.514 101.546 101.581 101.666 101.741 101.819 101.879 101.851 101.911 101.941 101.974 102.031 102.131 102.126 102.166 102.286 102.364 102.431 102.501 102.634 102.681 102.679 102.684 102.719 102.756 102.776 102.781 102.839 102.914 102.964 103.036 103.081 103.091 103.099 103.129 103.216 103.241 103.276 103.279 103.257 103.252 103.252 103.284
99.796 99.861 99.899 99.986 100.069 100.124 100.209 100.289 100.349 100.394 100.476 100.566 100.634 100.721 100.744 100.801 100.876 100.946 101.039 101.124 101.181 101.239 101.264 101.279 101.329 101.424 101.429 101.524 101.531 101.626 101.671 101.721 101.741 101.774 101.804 101.864 101.916 101.954 102.014 102.074 102.154 102.246 102.321 102.391 102.441 102.494 102.551 102.576 102.614 102.629 102.664 102.681 102.749 102.801 102.869 102.924 103.006 103.031 103.066 103.111 103.196 103.174 103.236 103.269 103.272 103.262 103.289 103.322
99.681 99.749 99.844 99.949 100.029 100.114 100.149 100.229 100.331 100.369 100.439 100.484 100.569 100.634 100.634 100.739 100.821 100.861 100.921 100.989 101.079 101.099 101.124 101.194 101.224 101.276 101.321 101.374 101.419 101.466 101.511 101.571 101.611 101.611 101.669 101.724 101.771 101.789 101.856 101.941 101.981 102.051 102.136 102.204 102.266 102.324 102.366 102.424 102.481 102.494 102.554 102.589 102.646 102.696 102.771 102.856 102.919 102.939 103.006 103.069 103.111 103.174 103.209 103.231 103.227 103.254 103.264 103.312
99.634 99.686 99.804 99.911 99.976 100.056 100.114 100.136 100.219 100.294 100.341 100.411 100.476 100.561 100.594 100.654 100.689 100.734 100.821 100.906 100.929 100.994 101.001 101.071 101.134 101.154 101.214 101.199 101.246 101.274 101.354 101.381 101.406 101.496 101.506 101.551 101.591 101.651 101.696 101.729 101.839 101.891 101.936 102.004 102.064 102.119 102.164 102.244 102.354 102.396 102.434 102.491 102.544 102.596 102.674 102.756 102.806 102.871 102.949 103.021 103.069 103.161 103.206 103.221 103.287 103.242 103.252 103.319
99.559 99.646 99.724 99.836 99.881 99.939 99.994 100.041 100.121 100.184 100.216 100.309 100.344 100.431 100.476 100.494 100.591 100.644 100.679 100.744 100.814 100.849 100.879 100.964 101.026 101.046 101.056 101.089 101.151 101.184 101.196 101.204 101.246 101.276 101.341 101.374 101.414 101.499 101.511 101.541 101.616 101.691 101.731 101.801 101.856 101.934 101.999 102.111 102.216 102.299 102.311 102.351 102.431 102.509 102.601 102.659 102.756 102.826 102.899 102.996 103.044 103.129 103.156 103.191 103.242 103.252 103.272 103.322
99.474 99.526 99.604 99.719 99.764 99.836 99.911 99.939 100.061 100.091 100.151 100.239 100.261 100.349 100.419 100.456 100.481 100.514 100.546 100.584 100.624 100.694 100.734 100.799 100.824 100.881 100.941 100.916 100.971 100.994 101.011 101.034 101.051 101.114 101.129 101.174 101.209 101.284 101.291 101.334 101.386 101.486 101.581 101.634 101.694 101.784 101.871 101.964 102.044 102.116 102.179 102.231 102.284 102.384 102.491 102.586 102.676 102.769 102.844 102.966 103.056 103.119 103.161 103.164 103.159 103.224 103.292 103.329
99.396 99.466 99.519 99.614 99.689 99.751 99.804 99.879 99.941 100.011 100.071 100.141 100.211 100.261 100.271 100.289 100.299 100.354 100.364 100.441 100.499 100.579 100.631 100.666 100.679 100.711 100.724 100.754 100.801 100.816 100.816 100.851 100.866 100.889 100.929 100.966 100.974 101.026 101.099 101.149 101.204 101.281 101.366 101.449 101.501 101.609 101.699 101.789 101.886 101.949 102.021 102.146 102.246 102.319 102.399 102.484 102.629 102.671 102.774 102.874 103.024 103.044 103.139 103.176 103.137 103.194 103.239 103.289
99.301 99.371 99.426 99.506 99.596 99.676 99.709 99.766 99.814 99.909 100.001 100.006 100.074 100.106 100.119 100.151 100.164 100.209 100.279 100.346 100.389 100.436 100.474 100.521 100.526 100.539 100.589 100.619 100.619 100.629 100.619 100.681 100.706 100.689 100.701 100.736 100.771 100.794 100.891 100.921 100.999 101.081 101.149 101.234 101.304 101.381 101.489 101.579 101.719 101.821 101.951 102.064 102.126 102.189 102.289 102.426 102.546 102.624 102.686 102.804 102.909 102.991 103.031 103.076 103.139 103.169 103.229 103.317
99.216 99.301 99.359 99.389 99.479 99.536 99.604 99.691 99.749 99.836 99.869 99.931 99.974 100.031 100.074 100.079 100.079 100.081 100.119 100.184 100.231 100.244 100.266 100.299 100.339 100.374 100.434 100.426 100.431 100.421 100.446 100.454 100.459 100.484 100.541 100.546 100.564 100.589 100.689 100.731 100.811 100.861 100.939 101.009 101.076 101.194 101.281 101.409 101.544 101.701 101.851 101.901 102.009 102.101 102.209 102.314 102.444 102.561 102.634 102.729 102.781 102.881 103.019 103.034 103.139 103.184 103.222 103.257
99.121 99.206 99.276 99.324 99.376 99.421 99.534 99.581 99.634 99.731 99.784 99.839 99.859 99.949 99.989 99.941 99.921 99.934 99.976 100.016 100.096 100.091 100.104 100.154 100.176 100.231 100.221 100.231 100.274 100.259 100.241 100.239 100.264 100.309 100.344 100.366 100.391 100.436 100.514 100.546 100.569 100.646 100.756 100.821 100.889 100.991 101.116 101.236 101.366 101.536 101.656 101.741 101.889 101.986 102.086 102.179 102.301 102.409 102.519 102.619 102.741 102.819 102.944 103.031 103.067 103.134 103.194 103.229
98.984 99.036 99.134 99.194 99.254 99.319 99.426 99.471 99.534 99.604 99.709 99.764 99.751 99.829 99.869 99.834 99.831 99.831 99.836 99.869 99.921 99.919 99.949 100.001 100.014 100.049 100.044 100.086 100.094 100.069 100.039 100.074 100.076 100.116 100.146 100.194 100.241 100.244 100.324 100.371 100.399 100.451 100.534 100.601 100.721 100.839 100.959 101.086 101.209 101.331 101.451 101.571 101.716 101.841 101.966 102.054 102.159 102.261 102.406 102.531 102.669 102.774 102.834 102.916 102.997 103.034 103.122 103.174
98.916 98.969 99.026 99.074 99.124 99.216 99.301 99.384 99.459 99.519 99.614 99.649 99.649 99.684 99.719 99.751 99.769 99.784 99.716 99.721 99.764 99.764 99.786 99.804 99.806 99.824 99.841 99.859 99.871 99.851 99.899 99.906 99.886 99.901 99.966 100.011 100.044 100.116 100.141 100.159 100.199 100.271 100.336 100.454 100.539 100.649 100.776 100.909 101.054 101.174 101.269 101.411 101.551 101.679 101.789 101.921 102.034 102.144 102.294 102.399 102.529 102.634 102.744 102.789 102.882 102.934 103.047 103.134
98.799 98.884 98.944 98.976 99.054 99.164 99.219 99.294 99.334 99.421 99.446 99.511 99.576 99.609 99.619 99.636 99.621 99.634 99.589 99.576 99.601 99.611 99.609 99.604 99.639 99.664 99.736 99.696 99.781 99.716 99.741 99.704 99.716 99.736 99.776 99.844 99.884 99.924 99.946 99.984 100.039 100.109 100.189 100.271 100.354 100.454 100.599 100.731 100.846 100.964 101.109 101.249 101.369 101.501 101.601 101.751 101.921 102.046 102.189 102.301 102.396 102.496 102.619 102.699 102.779 102.904 103.014 103.112
98.724 98.766 98.824 98.891 98.921 99.049 99.126 99.206 99.239 99.286 99.354 99.434 99.464 99.484 99.499 99.531 99.541 99.491 99.434 99.419 99.391 99.434 99.469 99.444 99.486 99.481 99.516 99.526 99.524 99.529 99.549 99.554 99.576 99.591 99.631 99.676 99.724 99.754 99.796 99.859 99.904 99.944 99.979 100.066 100.151 100.269 100.391 100.499 100.644 100.821 100.946 101.081 101.209 101.349 101.504 101.651 101.794 101.904 102.054 102.181 102.309 102.446 102.534 102.656 102.717 102.844 102.934 103.039
98.611 98.654 98.731 98.811 98.874 98.969 99.006 99.056 99.129 99.179 99.246 99.276 99.336 99.354 99.374 99.356 99.404 99.371 99.314 99.266 99.294 99.309 99.309 99.306 99.311 99.324 99.321 99.371 99.349 99.344 99.366 99.399 99.416 99.416 99.451 99.549 99.629 99.669 99.671 99.681 99.716 99.764 99.784 99.896 99.966 100.084 100.176 100.319 100.489 100.631 100.771 100.859 101.021 101.241 101.424 101.584 101.689 101.864 101.961 102.086 102.206 102.311 102.451 102.554 102.642 102.767 102.929 103.002
98.541 98.586 98.659 98.711 98.791 98.871 98.921 98.971 99.029 99.041 99.171 99.191 99.196 99.234 99.239 99.254 99.274 99.266 99.219 99.141 99.139 99.151 99.121 99.124 99.159 99.169 99.196 99.194 99.194 99.214 99.276 99.284 99.281 99.271 99.356 99.434 99.466 99.469 99.454 99.461 99.496 99.564 99.639 99.699 99.749 99.906 100.004 100.116 100.256 100.379 100.521 100.686 100.879 101.094 101.291 101.429 101.519 101.674 101.819 101.941 102.074 102.201 102.346 102.496 102.644 102.739 102.872 102.954
98.499 98.524 98.569 98.619 98.704 98.766 98.809 98.854 98.896 98.959 99.021 99.056 99.099 99.176 99.156 99.169 99.151 99.129 99.061 99.034 99.056 99.016 99.009 98.991 99.011 99.019 99.034 99.061 99.091 99.099 99.159 99.174 99.191 99.181 99.254 99.256 99.291 99.296 99.276 99.291 99.316 99.389 99.476 99.531 99.581 99.674 99.781 99.914 100.044 100.204 100.391 100.561 100.766 100.946 101.099 101.264 101.384 101.551 101.704 101.849 102.006 102.149 102.276 102.444 102.587 102.684 102.809 102.932
98.404 98.441 98.466 98.544 98.634 98.679 98.706 98.764 98.834 98.866 98.884 98.929 99.016 99.089 99.109 99.104 99.049 99.044 98.974 98.931 98.936 98.921 98.909 98.896 98.889 98.931 98.946 98.944 98.986 98.991 99.001 99.044 99.049 99.066 99.099 99.076 99.106 99.089 99.129 99.109 99.134 99.211 99.289 99.361 99.401 99.464 99.591 99.724 99.874 100.071 100.259 100.444 100.616 100.754 100.921 101.086 101.239 101.416 101.566 101.729 101.881 102.016 102.184 102.334 102.482 102.609 102.737 102.842
98.284 98.311 98.399 98.491 98.526 98.604 98.636 98.696 98.754 98.739 98.801 98.856 98.916 98.941 98.959 98.976 98.959 98.946 98.911 98.866 98.864 98.841 98.801 98.784 98.816 98.771 98.809 98.791 98.821 98.799 98.849 98.896 98.879 98.906 98.914 98.911 98.886 98.889 98.941 98.944 98.976 99.054 99.119 99.166 99.216 99.306 99.436 99.561 99.731 99.909 100.081 100.284 100.434 100.564 100.726 100.884 101.059 101.249 101.444 101.611 101.786 101.919 102.086 102.209 102.392 102.547 102.674 102.794
98.186 98.241 98.324 98.394 98.434 98.516 98.584 98.616 98.624 98.659 98.706 98.741 98.781 98.816 98.814 98.871 98.881 98.884 98.809 98.796 98.816 98.794 98.751 98.731 98.744 98.696 98.706 98.661 98.671 98.656 98.721 98.794 98.734 98.741 98.736 98.751 98.764 98.751 98.811 98.801 98.806 98.899 98.976 99.021 99.139 99.224 99.334 99.444 99.606 99.761 99.919 100.094 100.279 100.431 100.571 100.769 100.934 101.131 101.321 101.519 101.671 101.834 101.969 102.154 102.342 102.462 102.562 102.727
98.141 98.166 98.229 98.294 98.351 98.411 98.481 98.526 98.564 98.601 98.656 98.651 98.674 98.724 98.761 98.824 98.809 98.809 98.759 98.749 98.739 98.679 98.639 98.579 98.599 98.549 98.536 98.489 98.544 98.544 98.614 98.676 98.601 98.619 98.621 98.616 98.581 98.576 98.606 98.646 98.696 98.749 98.836 98.936 99.041 99.131 99.214 99.316 99.486 99.626 99.789 99.959 100.124 100.281 100.424 100.636 100.834 101.004 101.201 101.361 101.551 101.716 101.894 102.119 102.269 102.374 102.492 102.589
98.071 98.156 98.191 98.246 98.286 98.354 98.436 98.474 98.511 98.536 98.591 98.609 98.624 98.686 98.764 98.739 98.749 98.694 98.664 98.644 98.639 98.569 98.494 98.449 98.439 98.381 98.379 98.369 98.446 98.436 98.546 98.521 98.489 98.481 98.454 98.441 98.434 98.469 98.506 98.541 98.616 98.649 98.761 98.829 98.929 99.031 99.141 99.214 99.339 99.479 99.661 99.861 99.991 100.156 100.334 100.499 100.701 100.884 101.081 101.256 101.439 101.599 101.789 101.954 102.124 102.252 102.339 102.474
98.029 98.086 98.124 98.209 98.256 98.286 98.341 98.439 98.451 98.476 98.554 98.571 98.589 98.631 98.664 98.631 98.629 98.616 98.579 98.551 98.531 98.494 98.429 98.404 98.326 98.301 98.291 98.301 98.374 98.376 98.366 98.356 98.371 98.361 98.321 98.371 98.381 98.411 98.431 98.496 98.569 98.606 98.649 98.751 98.824 98.964 99.039 99.109 99.226 99.379 99.541 99.689 99.866 100.066 100.241 100.406 100.589 100.754 100.939 101.124 101.309 101.486 101.661 101.811 101.972 102.107 102.267 102.379
97.979 98.039 98.089 98.159 98.211 98.281 98.336 98.406 98.461 98.489 98.481 98.516 98.514 98.501 98.539 98.516 98.496 98.496 98.526 98.486 98.439 98.411 98.329 98.309 98.286 98.244 98.244 98.224 98.226 98.229 98.231 98.236 98.274 98.276 98.286 98.299 98.319 98.329 98.379 98.414 98.449 98.486 98.604 98.691 98.751 98.864 98.939 99.021 99.136 99.239 99.394 99.549 99.744 99.931 100.126 100.274 100.441 100.609 100.809 100.996 101.176 101.374 101.526 101.674 101.847 101.974 102.157 102.312
97.941 98.006 98.076 98.136 98.224 98.284 98.336 98.381 98.416 98.439 98.474 98.471 98.421 98.391 98.421 98.409 98.384 98.396 98.434 98.404 98.374 98.274 98.269 98.219 98.151 98.109 98.139 98.144 98.144 98.151 98.146 98.179 98.186 98.191 98.209 98.234 98.259 98.286 98.316 98.316 98.374 98.401 98.521 98.571 98.659 98.756 98.839 98.939 99.071 99.166 99.276 99.454 99.644 99.806 99.981 100.131 100.289 100.506 100.684 100.866 101.059 101.241 101.401 101.529 101.714 101.872 102.012 102.177
97.901 97.991 98.091 98.146 98.206 98.244 98.261 98.324 98.336 98.394 98.399 98.399 98.414 98.361 98.331 98.341 98.324 98.281 98.296 98.316 98.276 98.249 98.186 98.139 98.121 98.121 98.126 98.114 98.099 98.109 98.106 98.129 98.126 98.119 98.136 98.156 98.166 98.229 98.234 98.294 98.314 98.341 98.389 98.474 98.559 98.654 98.761 98.864 98.979 99.049 99.154 99.306 99.496 99.656 99.844 100.021 100.181 100.371 100.554 100.724 100.909 101.089 101.246 101.419 101.582 101.762 101.889 102.049
97.921 97.974 98.051 98.104 98.166 98.189 98.199 98.264 98.261 98.321 98.344 98.359 98.319 98.301 98.286 98.269 98.229 98.201 98.224 98.231 98.216 98.154 98.134 98.139 98.126 98.104 98.071 98.059 98.049 98.079 98.056 98.059 98.041 98.036 98.061 98.074 98.109 98.134 98.161 98.191 98.244 98.261 98.324 98.406 98.469 98.584 98.694 98.776 98.869 98.984 99.076 99.221 99.359 99.546 99.716 99.904 100.069 100.231 100.414 100.591 100.776 100.956 101.159 101.321 101.442 101.629 101.802 101.979
97.929 97.974 98.004 98.036 98.071 98.111 98.134 98.194 98.194 98.234 98.249 98.274 98.301 98.271 98.191 98.174 98.164 98.116 98.124 98.149 98.154 98.149 98.121 98.116 98.076 98.056 98.031 98.024 98.019 98.026 98.014 97.971 97.964 97.974 98.004 98.024 98.021 98.049 98.091 98.096 98.146 98.204 98.246 98.334 98.401 98.481 98.599 98.704 98.791 98.896 98.976 99.124 99.279 99.466 99.659 99.811 99.951 100.121 100.284 100.459 100.649 100.846 101.016 101.169 101.332 101.502 101.694 101.852
