data/LIDAR-DSM-2M-NZ24se/nz2543_DSM_2M.asc
ncols 500
nrows 500
xllcorner    425000
yllcorner    543000
cellsize     2
NODATA_value -9999
[rows 0 to 30 of 500, columns 408 to 475 of 500]
110.295 110.185 110.087 109.992 109.907 109.837 109.765 109.672 109.625 109.582 109.912 109.805 108.99 108.802 108.712 108.717 108.64 108.585 108.505 108.432 108.227 107.985 107.847 107.82 107.717 107.565 107.467 107.4 107.382 107.347 107.292 107.23 107.22 107.185 107.235 107.28 107.39 107.207 107.46 106.94 108.342 109.54 107.425 108.147 111.577 112.362 110.24 106.91 106.587 106.322 106.195 106.18 106.4 106.135 106.245 108.52 108.202 106.537 107.275 106.667 106.242 106.207 106.18 106.16 106.205 106.215 106.235 106.215
110.277 110.182 110.077 109.96 109.855 109.75 109.682 109.59 109.497 109.43 109.35 109.74 109.387 108.84 108.615 108.547 108.57 108.532 108.44 108.395 108.33 108.115 107.902 107.832 107.802 107.657 107.55 107.465 107.382 107.287 107.26 107.237 107.235 107.227 107.267 106.937 106.857 107.105 106.702 106.572 107.025 108.925 109.337 106.72 107.487 111.615 111.262 108.57 106.395 106.385 106.302 106.132 106.16 106.42 106.88 106.902 108.715 107.757 107.412 106.267 106.285 106.217 106.165 106.19 106.2 106.22 106.242 106.377
110.265 110.175 110.072 109.932 109.84 109.725 109.585 109.497 109.41 109.29 109.202 109.155 109.302 109.397 108.735 108.527 108.422 108.46 108.407 108.357 108.277 108.19 107.975 107.867 107.76 107.697 107.602 107.522 107.392 107.285 107.245 107.192 107.232 107.265 107.222 106.72 106.585 106.64 106.62 106.47 106.437 107.262 106.9 107.147 107.502 106.987 109.332 108.437 106.225 106.35 107.457 106.137 106.157 106.195 106.632 107.13 106.702 107.18 106.567 106.307 106.29 106.217 106.185 106.18 106.28 106.427 106.305 106.292
110.245 110.132 110.055 109.93 109.81 109.687 109.567 109.45 109.312 109.197 109.072 108.98 108.942 109.11 108.922 108.64 108.46 108.395 108.33 108.27 108.222 108.182 108.12 107.96 107.75 107.69 107.64 107.475 107.355 107.305 107.22 107.242 107.297 107.28 106.68 106.427 106.402 106.675 106.487 106.487 106.405 106.682 107.085 109.825 109.83 106.66 106.922 107.07 106.265 106.352 106.732 106.76 106.307 106.182 106.25 106.457 106.362 106.325 106.337 106.275 106.227 106.275 106.237 106.202 106.37 106.585 106.297 106.33
110.25 110.177 110.045 109.92 109.802 109.647 109.532 109.365 109.232 109.11 108.972 108.9 108.792 108.757 108.73 108.992 108.542 108.312 108.22 108.205 108.195 108.167 108.057 108.04 107.867 107.735 107.597 107.412 107.347 107.285 107.195 107.22 107.24 107.247 106.565 106.395 106.275 106.42 106.355 106.415 106.51 108.845 110.21 110.327 109.112 106.467 106.822 107.62 107.08 106.627 106.225 106.255 107.377 106.412 106.187 106.222 106.33 106.392 106.352 106.31 106.23 106.24 106.225 106.25 106.302 106.272 106.247 106.342
110.255 110.155 110.05 109.915 109.772 109.65 109.507 109.335 109.177 109.042 108.905 108.79 108.67 108.592 108.547 108.587 108.635 108.477 108.23 108.177 108.112 108.102 108.032 107.997 107.852 107.715 107.58 107.442 107.297 107.277 107.192 107.215 107.26 107.095 106.372 106.26 106.297 106.23 106.255 107.73 109.425 110.722 110.715 108.48 106.78 107.082 107.172 107.525 107.632 108.765 106.707 106.515 106.945 106.915 106.247 106.345 106.362 106.377 106.34 106.355 106.355 106.322 106.3 106.365 106.355 106.222 106.232 106.362
110.215 110.142 110.035 109.897 109.735 109.607 109.472 109.327 109.13 108.985 108.847 108.705 108.605 108.487 108.38 108.347 108.412 108.515 108.367 108.1 108.015 108.02 107.982 107.94 107.86 107.74 107.635 107.522 107.387 107.375 107.28 107.235 107.247 107.06 106.175 106.172 106.31 106.185 106.492 109.487 110.932 111.785 111.46 110.185 108.205 106.862 106.712 106.93 107.435 109.09 108.59 106.875 106.435 106.355 106.385 106.382 106.35 106.395 106.37 106.375 106.39 106.355 106.332 106.407 106.31 106.302 106.35 106.41
110.157 110.08 109.975 109.88 109.742 109.602 109.41 109.27 109.13 108.967 108.802 108.667 108.545 108.44 108.287 108.2 108.155 108.155 108.657 108.167 108.02 107.935 107.93 107.88 107.83 107.737 107.687 107.562 107.482 107.407 107.332 107.275 107.177 107.05 106.132 106.12 106.107 106.152 106.17 107.872 110.542 111.635 112.042 111.115 109.925 107.517 109.127 110.052 107.195 108.582 109.097 107.712 106.375 106.402 106.38 106.337 106.362 106.415 106.397 106.435 106.415 106.445 106.4 106.38 106.382 106.367 106.395 106.422
110.12 110.03 109.942 109.84 109.727 109.602 109.43 109.252 109.097 108.94 108.762 108.58 108.472 108.365 108.217 108.112 108.005 107.927 108.035 108.362 108.115 107.915 107.827 107.815 107.822 107.745 107.692 107.647 107.582 107.482 107.355 107.27 107.15 107.027 106.297 106.107 106.102 106.117 106.16 106.59 109.61 110.892 111.982 111.875 110.772 110.182 110.457 109.27 108.962 109.477 107.582 106.817 106.432 106.405 106.347 106.387 106.61 106.437 106.422 106.412 106.807 106.627 106.45 106.587 106.452 106.445 106.487 106.535
110.097 110.015 109.905 109.792 109.682 109.565 109.435 109.257 109.09 108.915 108.752 108.575 108.417 108.305 108.165 108.057 107.927 107.802 107.78 107.76 108.275 107.99 107.875 107.812 107.765 107.767 107.74 107.705 107.607 107.595 107.42 107.235 107.177 107.032 106.68 106.097 106.135 106.12 106.107 107.092 107.992 110.127 111.255 111.842 111.042 110.31 108.482 106.58 108.692 108.04 106.65 106.545 106.535 106.652 106.447 106.537 106.617 106.505 106.515 106.48 106.46 106.532 106.49 106.882 106.575 106.552 106.63 106.587
110.055 109.982 109.875 109.75 109.627 109.482 109.37 109.26 109.087 108.887 108.73 108.572 108.42 108.257 108.125 108.01 107.857 107.755 107.677 107.615 107.765 108.192 107.975 107.755 107.707 107.725 107.68 107.66 107.627 107.565 107.565 107.392 107.25 107.125 106.935 106.715 107.077 106.605 107.025 106.807 106.357 108.512 110.482 110.817 109.662 108.672 106.987 106.777 106.822 106.682 106.595 106.575 106.785 107.025 106.65 106.622 106.615 106.56 106.512 106.582 106.587 106.602 106.605 106.585 106.63 106.65 106.64 106.617
110.01 109.917 109.85 109.73 109.577 109.43 109.32 109.21 109.057 108.93 108.702 108.54 108.395 108.232 108.085 107.98 107.857 107.74 107.617 107.53 107.53 107.667 107.855 107.76 107.7 107.647 107.63 107.637 107.617 107.542 107.53 107.53 107.375 107.23 107.057 106.962 106.895 107.022 106.497 106.357 106.37 106.4 108.915 108.517 106.897 106.547 107.437 106.817 106.602 106.62 106.635 106.577 106.535 106.562 106.685 106.762 106.625 106.56 106.525 106.595 106.66 106.702 106.685 106.65 106.625 106.732 106.75 106.707
109.937 109.882 109.772 109.695 109.56 109.405 109.272 109.155 109.027 108.9 108.735 108.552 108.375 108.205 108.052 107.947 107.825 107.707 107.597 107.487 107.402 107.39 107.405 107.66 107.89 107.662 107.617 107.59 107.585 107.555 107.545 107.515 107.507 107.355 107.215 107.072 106.952 106.777 106.43 106.37 106.385 106.397 106.75 106.447 106.467 106.55 106.67 106.742 106.707 106.697 106.657 106.657 106.635 106.617 106.667 106.727 106.74 106.727 106.63 106.632 106.722 106.757 106.807 106.695 106.67 106.675 106.78 106.83
109.892 109.812 109.742 109.635 109.545 109.412 109.262 109.125 108.98 108.855 108.712 108.555 108.367 108.17 108.07 107.917 107.775 107.67 107.57 107.457 107.355 107.295 107.277 107.297 107.96 107.92 107.61 107.552 107.555 107.55 107.547 107.535 107.552 107.467 107.337 107.215 107.115 106.977 106.907 106.427 106.435 106.427 106.485 106.467 107.142 106.777 106.675 106.752 106.757 106.715 106.7 106.8 106.845 106.73 106.725 106.742 106.672 106.71 106.727 106.695 106.722 106.75 106.755 106.78 106.785 106.777 106.775 106.887
109.852 109.752 109.67 109.545 109.48 109.36 109.245 109.085 108.93 108.82 108.69 108.54 108.372 108.2 108.047 107.887 107.765 107.64 107.54 107.45 107.345 107.257 107.185 107.21 107.25 107.745 107.732 107.52 107.497 107.535 107.587 107.555 107.497 107.47 107.472 107.385 107.227 107.327 106.987 106.795 106.957 107.137 106.53 107.48 111.045 108.882 106.927 107.347 107.92 106.762 106.795 106.895 106.877 106.83 106.852 106.782 106.777 106.785 106.82 106.86 106.79 106.745 106.815 106.837 106.877 106.855 106.797 106.827
109.83 109.7 109.612 109.52 109.41 109.305 109.205 109.06 108.912 108.772 108.625 108.532 108.362 108.2 108.037 107.872 107.757 107.62 107.522 107.425 107.33 107.255 107.182 107.15 107.217 107.23 107.67 107.747 107.475 107.452 107.502 107.517 107.52 107.482 107.512 107.472 108.475 108.865 107.337 107.02 107.142 107.335 106.6 106.85 110.53 108.307 107.092 109.302 108.865 106.862 107.28 107.132 106.932 107.24 106.94 106.88 106.867 106.83 106.837 106.87 106.867 106.88 106.955 106.927 106.947 106.94 106.91 106.892
109.752 109.65 109.567 109.472 109.335 109.24 109.122 109.007 108.887 108.757 108.587 108.475 108.347 108.235 108.07 107.877 107.752 107.63 107.52 107.432 107.34 107.252 107.207 107.165 107.11 107.155 107.182 107.657 107.547 107.475 107.46 107.495 107.52 107.532 107.535 107.462 107.61 108.165 107.302 107.13 106.96 106.762 106.93 106.995 107.117 106.99 106.83 107.545 107.437 106.847 108.732 108.447 107.745 107.602 107.022 106.942 106.92 106.855 106.852 106.912 106.995 107.06 107.075 107.027 107 107.027 107.037 107.017
109.697 109.6 109.517 109.41 109.295 109.185 109.09 108.962 108.832 108.742 108.6 108.432 108.31 108.212 108.072 107.922 107.772 107.67 107.527 107.425 107.327 107.262 107.22 107.177 107.117 107.107 107.145 107.087 107.575 107.672 107.502 107.422 107.447 107.505 107.542 107.562 107.545 107.515 107.357 107.21 107.115 107.027 107.135 107.16 107.302 107.172 106.927 106.875 106.905 106.96 106.96 107.472 107.842 107.91 107.117 106.915 106.895 106.925 106.975 107.02 107.117 107.172 107.205 107.117 107.127 107.1 107.122 107.12
109.635 109.542 109.45 109.37 109.247 109.127 109.027 108.927 108.802 108.682 108.595 108.455 108.31 108.182 108.072 107.945 107.822 107.655 107.545 107.422 107.335 107.257 107.212 107.165 107.125 107.092 107.115 107.07 107.235 107.905 107.527 107.492 107.452 107.467 107.485 107.52 107.54 107.54 107.442 107.395 107.29 107.2 107.195 107.357 107.31 107.215 107.357 106.975 106.94 107.042 107.097 107.122 107.147 107.122 106.967 106.935 106.927 107.02 107.102 107.112 107.137 107.2 107.177 107.21 107.195 107.215 107.23 107.21
109.605 109.472 109.402 109.317 109.205 109.107 108.98 108.86 108.772 108.66 108.56 108.447 108.307 108.16 108.042 107.955 107.84 107.712 107.572 107.435 107.325 107.252 107.202 107.157 107.137 107.12 107.112 107.132 107.39 107.757 107.517 107.56 107.485 107.4 107.5 107.517 107.532 107.542 107.507 107.512 107.507 107.427 107.282 107.325 107.41 107.412 107.51 107.24 107.217 107.275 107.21 107.21 107.217 107.217 107.117 107.017 107.055 107.177 107.172 107.19 107.21 107.257 107.397 107.28 107.295 107.552 107.315 107.292
109.567 109.457 109.36 109.272 109.16 109.075 108.945 108.855 108.745 108.642 108.535 108.422 108.337 108.165 108.042 107.935 107.85 107.757 107.65 107.48 107.36 107.287 107.195 107.187 107.167 107.135 107.115 107.18 107.697 107.647 107.53 107.585 107.585 107.465 107.48 107.5 107.565 107.562 107.582 107.575 107.56 107.622 107.53 107.432 107.41 107.602 107.587 107.52 107.452 107.572 107.475 107.405 107.337 107.315 107.267 107.24 107.267 107.3 107.242 107.275 107.345 107.64 107.387 107.355 107.397 107.402 107.442 107.427
109.522 109.432 109.325 109.21 109.095 109.017 108.92 108.81 108.72 108.592 108.487 108.402 108.295 108.197 108.077 107.97 107.867 107.777 107.702 107.567 107.442 107.342 107.215 107.18 107.192 107.137 107.112 107.155 107.472 107.862 107.505 107.542 107.585 107.575 107.535 107.52 107.527 107.6 107.592 107.677 107.637 107.627 107.712 107.667 107.505 107.535 107.607 107.657 107.502 107.662 107.54 107.44 107.427 107.46 107.38 107.382 107.44 107.397 107.352 107.385 107.412 107.375 107.367 107.42 107.475 107.472 107.54 107.592
109.457 109.395 109.312 109.17 109.057 108.96 108.865 108.782 108.685 108.567 108.472 108.357 108.285 108.207 108.105 107.982 107.89 107.787 107.732 107.61 107.485 107.39 107.285 107.185 107.185 107.167 107.152 107.147 107.222 107.705 107.907 107.607 107.612 107.652 107.582 107.517 107.535 107.575 107.622 107.697 107.695 107.695 107.72 107.82 107.757 107.647 107.647 107.722 107.687 107.852 107.857 107.45 107.505 107.532 107.532 107.482 107.49 107.492 107.5 107.48 108.007 107.49 107.48 107.53 107.622 107.52 107.587 107.647
109.452 109.322 109.267 109.175 109.032 108.935 108.812 108.725 108.662 108.552 108.452 108.345 108.28 108.197 108.107 108.027 107.907 107.842 107.76 107.675 107.572 107.445 107.352 107.245 107.205 107.177 107.18 107.155 107.192 107.245 107.77 108.152 107.69 107.955 108.93 107.702 107.567 107.595 107.64 107.72 107.737 107.777 107.79 107.805 107.892 107.867 107.747 107.737 107.792 107.807 107.985 108.147 107.757 107.592 107.65 107.662 107.585 107.557 107.595 107.647 107.605 107.775 107.582 107.67 107.657 107.66 107.692 107.747
109.432 109.33 109.24 109.14 109.037 108.907 108.795 108.707 108.632 108.542 108.47 108.372 108.282 108.217 108.132 108.057 107.955 107.885 107.792 107.715 107.627 107.517 107.412 107.33 107.247 107.195 107.185 107.19 107.182 107.22 107.292 107.775 108.16 107.722 108.465 109.032 107.667 107.652 107.635 107.692 107.745 107.822 107.865 107.87 107.88 108.015 107.98 107.892 107.862 107.955 108.04 109.21 108.025 107.637 107.652 107.672 107.64 107.667 107.667 107.77 107.797 107.902 107.727 107.907 107.74 107.765 107.81 107.8
109.41 109.33 109.237 109.135 109.022 108.912 108.78 108.69 108.582 108.527 108.455 108.372 108.282 108.227 108.147 108.062 107.982 107.895 107.837 107.77 107.667 107.577 107.487 107.425 107.35 107.255 107.232 107.217 107.217 107.227 107.267 107.39 107.757 108.382 107.937 108.17 107.75 107.73 107.672 107.7 107.74 107.835 107.872 107.87 107.93 107.977 108.057 108.982 108.235 108.02 108.082 108.377 108.227 107.975 107.822 107.745 107.785 107.792 107.832 107.962 108.005 107.94 108.07 107.927 107.99 107.86 107.912 107.905
109.36 109.312 109.242 109.137 109.027 108.92 108.81 108.687 108.607 108.495 108.462 108.4 108.312 108.225 108.162 108.1 108.025 107.937 107.877 107.802 107.745 107.675 107.585 107.5 107.432 107.347 107.29 107.265 107.255 107.247 107.262 107.302 107.402 107.747 108.28 107.93 107.79 107.767 107.81 107.8 107.77 107.84 107.875 107.937 107.99 108.045 108.077 108.545 109.83 108.26 108.127 108.185 108.367 108.372 108.83 107.937 107.877 107.93 108 108.087 108.125 108.115 108.077 108.23 108.84 108.012 107.97 108.017
109.357 109.29 109.22 109.135 109.045 108.935 108.822 108.695 108.615 108.492 108.437 108.415 108.317 108.255 108.192 108.13 108.067 108.007 107.91 107.845 107.79 107.752 107.652 107.547 107.457 107.42 107.36 107.307 107.305 107.3 107.302 107.322 107.342 107.41 107.66 108.282 108.102 107.832 107.882 107.892 107.915 107.892 107.912 107.975 107.997 108.065 108.122 108.17 108.54 108.437 108.287 108.247 108.347 108.727 108.772 108.272 108.317 108.282 108.185 108.142 108.2 108.212 108.137 108.09 108.36 108.207 108.097 108.132
109.355 109.262 109.195 109.115 109.052 108.95 108.842 108.745 108.642 108.552 108.44 108.4 108.375 108.275 108.207 108.142 108.082 108.045 107.975 107.895 107.822 107.795 107.74 107.672 107.527 107.495 107.44 107.372 107.357 107.325 107.33 107.377 107.397 107.435 107.507 107.705 108.535 108.21 107.922 107.992 107.995 107.987 107.997 107.995 107.992 108.11 108.182 108.24 108.255 108.317 108.407 108.427 108.41 108.467 108.55 108.455 108.587 108.282 108.21 108.197 108.33 108.367 108.487 108.422 108.202 108.895 108.27 108.262
109.34 109.27 109.175 109.097 109.037 108.952 108.87 108.757 108.662 108.597 108.497 108.4 108.352 108.297 108.245 108.192 108.125 108.072 108.027 107.977 107.867 107.812 107.792 107.737 107.65 107.6 107.535 107.475 107.405 107.377 107.382 107.415 107.43 107.45 107.49 107.58 107.635 108.347 108.31 108.057 108.08 108.105 108.07 108.057 108.047 108.112 108.155 108.222 108.307 108.34 108.43 108.54 108.547 108.53 108.557 108.535 108.487 108.45 108.595 108.3 108.29 108.36 109.162 108.805 108.405 108.927 108.955 108.51
109.315 109.252 109.175 109.09 109.017 108.965 108.9 108.802 108.7 108.617 108.537 108.46 108.347 108.285 108.275 108.22 108.155 108.092 108.06 108.027 107.957 107.862 107.855 107.827 107.777 107.722 107.64 107.58 107.545 107.49 107.475 107.47 107.487 107.51 107.525 107.597 107.69 107.797 108.69 108.465 108.135 108.217 108.167 108.125 108.112 108.11 108.182 108.28 108.342 108.407 108.43 108.502 108.635 108.69 108.617 108.6 108.572 109.087 108.885 109.035 108.555 108.722 108.507 108.475 108.487 108.482 108.56 108.862
