data/LIDAR-DSM-2M-NZ24se/nz2541_DSM_2M.asc
ncols 500
nrows 500
xllcorner    425000
yllcorner    541000
cellsize     2
NODATA_value -9999
[rows 448 to 479 of 500, columns 0 to 72 of 500]
81.145 78.513 82.48 82.635 78.18 77.953 77.773 77.708 77.648 77.595 77.503 77.408 77.345 77.263 77.155 77.045 76.92 76.758 76.605 76.403 76.238 76.088 75.968 75.88 75.738 75.608 75.52 75.393 75.28 75.203 76.038 75.643 76.008 75.9 75.415 75.065 74.925 74.778 74.698 74.605 74.503 74.418 74.363 74.32 74.248 74.205 74.16 74.07 74.103 74.273 74.788 75.568 76.285 77.673 78.688 79.82 81.508 84.75 85.623 84.58 84.833 84.913 84.93 84.99 85.123 85.018 84.683 84.35 84.168 83.893 83.415 82.775 81.818
78.585 78.495 80.093 80.565 78.07 78.02 77.913 77.83 77.998 77.643 77.523 77.46 77.4 77.245 77.12 76.985 76.823 76.695 76.498 76.388 76.188 76.105 75.98 75.878 75.715 75.608 75.633 76.155 76.255 76.47 76.723 75.818 75.59 75.365 75.218 75.108 74.958 74.823 74.72 74.58 74.483 74.425 74.353 74.265 74.218 74.18 74.078 74.035 74.203 74.545 75.423 76.275 76.89 77.935 79.308 80.37 81.623 82.94 84.203 84.895 84.965 84.988 84.963 85.245 85.108 84.958 84.693 84.495 84.278 83.788 83.085 82.2 81.003
78.598 78.48 78.343 78.258 78.17 78.055 77.943 77.885 78.073 77.768 77.62 77.533 77.363 77.215 77.113 76.93 76.778 76.64 76.488 76.34 76.235 76.043 75.983 75.96 76.19 76.028 76.305 76.218 76.213 76.01 75.743 75.62 75.498 75.395 75.245 75.083 74.975 74.825 74.685 74.538 74.438 74.375 74.318 74.263 74.238 74.21 74.115 74.245 74.508 75.025 75.935 77.44 77.48 78.403 79.908 80.955 82.063 83.248 84.53 84.955 84.928 85.03 85.068 85.29 85.083 84.9 84.738 84.573 84.308 83.268 83.273 81.798 80.175
78.648 78.52 78.405 78.293 78.225 78.128 78.033 77.945 78.015 77.773 77.61 77.488 77.373 77.235 77.11 76.963 76.835 76.65 76.525 76.408 76.405 76.608 76.688 77.538 77.145 76.395 76.283 76.088 75.973 75.843 75.735 75.633 75.48 75.378 75.23 75.078 74.88 74.773 74.69 74.575 74.495 74.428 74.358 74.263 74.215 74.248 74.215 74.803 75.228 75.895 76.79 77.955 78.248 79.1 80.77 82.393 83.28 83.75 84.563 84.93 85.023 85.15 85.323 85.373 85.04 84.863 84.758 84.423 83.918 82.8 82.328 81.028 79.4
78.665 78.568 78.455 78.385 78.295 78.2 78.095 77.97 77.893 77.993 77.688 77.57 77.438 77.35 77.225 77.038 76.775 77.388 77.818 77.375 77.39 77.208 76.915 76.583 76.438 76.32 76.2 76.095 75.983 75.835 75.72 75.58 75.435 75.29 75.175 75.068 74.933 74.868 74.72 74.595 74.508 74.48 74.383 74.26 74.33 74.473 74.955 75.903 75.945 76.485 78.885 78.48 78.918 79.705 80.798 82.068 83.453 84.415 85.12 85.02 85.12 85.323 85.405 85.078 84.903 84.848 84.605 84.103 83.48 82.628 81.825 79.89 79.133
78.745 78.64 78.558 78.435 78.315 78.208 78.115 78.02 77.96 77.843 77.893 77.635 77.468 77.348 77.283 77.045 77.1 78.273 78.438 77.358 76.945 76.775 76.658 76.548 76.428 76.305 76.2 76.065 75.933 75.803 75.653 75.543 75.455 75.345 75.23 75.105 74.973 74.865 74.748 74.613 74.553 74.47 74.39 74.273 74.3 74.823 75.818 76.585 76.773 77.023 77.63 78.508 80.128 80.375 81.243 82.53 83.958 85.223 85.113 85.058 85.083 85.305 85.225 84.915 84.863 84.915 84.485 83.62 82.88 82.93 80.685 78.965 79.09
78.83 78.695 78.565 78.463 78.34 78.21 78.125 78.06 78.008 77.998 78.128 77.588 77.713 77.865 77.218 77.463 77.518 77.343 77.275 76.973 76.898 76.775 76.67 76.575 76.433 76.283 76.14 76.055 75.925 75.823 75.728 75.613 75.505 75.38 75.23 75.1 75.01 74.87 74.74 74.658 74.588 74.488 74.41 74.335 74.425 75.188 76.04 77.068 77.388 77.563 77.868 78.61 79.6 80.718 81.79 82.968 84.338 85.2 85.133 85.063 85.075 85.27 85.01 84.888 84.855 84.825 84.193 83.12 82.21 80.84 79.678 78.515 77.798
78.808 78.68 78.545 78.445 78.33 78.893 78.373 78.793 78.85 78.605 78.553 78.248 78.255 78.41 77.788 77.445 77.33 77.213 77.113 76.998 76.888 76.8 76.673 76.503 76.348 76.253 76.175 76.098 76.02 75.895 75.753 75.66 75.5 75.378 75.273 75.13 74.98 74.89 74.75 74.668 74.625 74.505 74.438 74.435 74.643 75.54 76.27 76.778 77.34 78.053 78.305 78.923 80.068 81.418 82.525 83.56 84.733 85.143 85.045 84.943 84.943 84.933 84.893 84.868 84.91 84.713 84.065 82.59 81.22 80.303 79.485 78.058 77.185
78.773 78.633 78.543 78.46 79.57 78.995 79.26 80.28 80.083 78.463 78.553 78.043 77.85 77.678 77.59 77.463 77.35 77.243 77.125 76.998 76.853 76.693 76.615 76.493 76.41 76.338 76.243 76.15 76.048 75.923 75.8 75.645 75.52 75.4 75.25 75.133 75.01 74.883 74.778 74.705 74.638 74.54 74.468 74.998 75.47 77.003 76.593 77.445 77.73 78.385 78.635 79.478 81 82.083 83.303 84.285 86.695 85.095 85.008 84.918 84.878 84.923 84.88 84.853 84.985 84.318 83.423 82.153 80.69 79.64 78.638 77.505 76.65
78.825 78.743 78.708 78.638 79.858 80.345 79.5 78.713 78.585 78.238 78.08 77.948 77.818 77.72 77.595 77.473 77.328 77.2 77.075 76.968 76.865 76.773 76.67 76.583 76.463 76.378 76.265 76.17 76.055 75.925 75.8 75.665 75.523 75.388 75.288 75.158 75.013 74.883 74.808 74.725 74.643 74.568 74.513 75.873 75.378 77.075 76.91 77.54 78.365 78.98 79.1 80.095 81.123 82.66 83.88 84.45 85.73 85.02 85.025 84.978 84.835 84.855 84.85 84.86 84.618 83.905 82.918 81.608 80.105 78.793 77.84 77.018 75.595
78.985 79.203 79.29 79.058 79.24 78.99 78.555 78.44 78.308 78.228 78.123 78.005 77.84 77.728 77.573 77.423 77.31 77.168 77.095 77.018 76.943 76.823 76.708 76.628 76.505 76.365 76.288 76.185 76.053 75.938 75.788 75.655 75.533 75.403 75.255 75.16 75.01 74.88 74.813 74.758 74.683 74.588 74.865 75.955 75.883 76.62 77.213 77.863 78.635 79.238 79.365 80.25 81.653 84.3 84.54 84.76 84.993 85.098 85.215 85.088 84.815 84.83 84.773 85.253 85.315 85.015 82.615 82.78 83.73 78.573 77.008 75.893 74.898
79.708 79.733 79.3 78.958 78.803 78.7 78.583 78.463 78.343 78.215 78.115 77.98 77.808 77.693 77.56 77.475 77.363 77.27 77.145 77.045 76.96 76.855 76.74 76.628 76.508 76.398 76.278 76.195 76.065 75.91 75.788 75.633 75.523 75.385 75.295 75.145 75.02 74.913 74.858 74.745 74.68 74.628 76.23 75.515 76.245 76.905 77.93 78.35 78.798 79.155 79.705 81.12 82.305 83.893 84.755 84.953 85.055 85.233 85.448 85.09 84.805 84.748 84.813 84.548 87.595 86.33 83.373 84.658 88.253 80.42 76.34 75.223 74.22
79.653 79.258 79.065 78.953 78.815 78.715 78.585 78.438 78.328 78.188 78.063 77.95 77.88 77.745 77.635 77.503 77.428 77.308 77.2 77.118 76.995 76.848 76.745 76.648 76.53 76.428 76.313 76.198 76.028 75.91 75.763 75.648 75.485 75.388 75.273 75.138 75.015 74.925 74.858 74.735 74.698 74.793 75.63 75.645 76.385 77.05 77.823 79.003 79.103 79.665 80.523 81.783 83.178 84.803 85.023 84.94 85.108 85.12 85.448 84.935 84.79 84.658 84.303 83.778 83.785 85.238 83.993 81.673 80.49 77.028 75.87 74.805 73.625
79.273 79.173 79.085 78.953 78.815 78.68 78.513 78.405 78.305 78.248 78.138 78.053 77.928 77.785 77.7 77.58 77.47 77.34 77.225 77.135 76.998 76.868 76.783 76.67 76.558 76.448 76.323 76.158 76.02 75.88 75.76 75.64 75.498 75.395 75.265 75.138 75.02 74.925 74.878 74.758 74.695 75.148 74.998 76.008 76.77 77.478 78.333 79.225 79.618 80.348 81.338 83.07 84.505 84.513 84.903 85.018 85.03 85.065 85.193 84.815 84.718 84.475 83.913 83.25 82.71 83.21 80.055 78.785 78.99 79.34 75.74 74.678 73.415
79.315 79.2 79.083 78.948 78.778 78.665 78.593 78.515 78.413 78.318 78.213 78.098 77.963 77.843 77.74 77.615 77.518 77.415 77.27 77.158 77.015 76.9 76.788 76.673 76.568 76.428 76.298 76.158 76.025 75.87 75.745 75.605 75.483 75.38 75.235 75.13 75.038 74.923 74.853 74.788 74.728 75.22 75.268 76.338 77.1 78.048 78.84 79.43 80.108 80.983 82.225 83.64 84.425 84.77 84.99 85.08 84.998 84.87 84.845 84.743 84.585 84.22 83.438 82.725 81.63 80.708 80.233 78.2 77.278 78.318 77.408 74.883 73.47
79.31 79.2 79.078 78.955 78.858 78.755 78.648 78.585 78.49 78.363 78.243 78.103 78.008 77.913 77.76 77.648 77.535 77.423 77.283 77.16 77.043 76.89 76.8 76.67 76.543 76.44 76.278 76.15 76.005 75.855 75.73 75.6 75.45 75.373 75.223 75.105 75.02 74.958 74.858 74.778 74.87 75.163 77.088 76.61 79.953 78.558 78.935 79.878 80.75 81.543 82.98 83.808 84.645 84.968 85.11 85.143 84.945 85.968 84.748 84.7 84.405 83.768 83.04 82.128 81.153 79.628 78.785 78.223 77.215 75.703 74.828 74.078 73.613
79.305 79.218 79.128 79.048 78.903 78.855 78.763 78.623 78.545 78.433 78.283 78.18 78.048 77.915 77.823 77.675 77.548 77.415 77.293 77.14 77.035 76.945 76.805 76.668 76.555 76.408 76.265 76.13 76.015 75.853 75.735 75.59 75.46 75.325 75.218 75.103 75.025 74.95 74.848 74.788 75.003 76.548 76.303 77.063 78.218 78.783 79.065 80.353 81.303 82.065 83.038 84.05 84.873 85.005 85.063 85.753 84.855 84.768 84.7 84.555 84.173 83.52 82.483 81.393 80.223 79.21 81.353 82.563 76.625 75.62 74.678 73.785 73.035
79.375 79.305 79.203 79.113 78.998 78.905 78.82 78.688 78.598 78.47 78.35 78.223 78.088 77.975 77.823 77.685 77.568 77.43 77.303 77.148 77.038 76.925 76.803 76.668 76.545 76.398 76.258 76.12 75.985 75.833 75.695 75.578 75.463 75.315 75.2 75.103 74.988 74.943 74.828 74.85 75.408 76.423 78.275 77.465 78.505 79.013 79.503 80.635 81.808 82.458 83.298 84.345 84.94 84.99 84.965 84.893 84.738 84.653 84.583 84.46 83.933 82.873 82.313 80.638 79.708 78.915 82.98 81.903 77.27 77.183 74.65 73.575 72.798
79.46 79.368 79.263 79.168 79.085 78.983 78.878 78.728 78.633 78.538 78.418 78.273 78.125 77.99 77.87 77.698 77.558 77.433 77.278 77.168 77.045 76.925 76.8 76.665 76.525 76.398 76.255 76.11 75.948 75.825 75.685 75.563 75.415 75.31 75.163 75.098 75.018 74.938 74.9 74.98 75.878 77.528 77.298 78.095 78.703 79.135 80.053 81.29 82.338 83.27 83.963 84.813 84.975 85.04 84.888 84.795 84.663 84.55 84.605 84.065 83.268 82.218 80.99 79.99 79.355 78.323 77.638 79.35 79.05 78.498 74.51 73.608 72.778
79.495 79.423 79.34 79.25 79.14 79.055 78.92 78.79 78.68 78.578 78.423 78.28 78.14 78.015 77.87 77.703 77.57 77.43 77.288 77.125 77.02 76.895 76.793 76.673 76.508 76.38 76.23 76.06 75.928 75.818 75.68 75.54 75.398 75.29 75.178 75.07 74.99 74.975 75.373 75.34 76.05 78.088 78.233 78.435 78.995 79.695 80.615 82.073 82.86 83.585 84.595 84.903 85.025 85.063 84.91 84.728 84.578 84.5 84.273 83.663 82.87 81.903 80.53 81.113 78.67 77.898 77.195 79.75 75.915 81.408 75.8 75.845 73.698
79.583 79.495 79.39 79.303 79.213 79.1 78.958 78.843 78.713 78.608 78.445 78.303 78.183 78.023 77.868 77.723 77.58 77.435 77.278 77.16 77.023 76.91 76.78 76.633 76.48 76.343 76.195 76.038 75.908 75.788 75.675 75.525 75.4 75.265 75.145 75.05 74.958 75.433 75.693 75.715 76.175 77.233 79.223 83.995 80.073 80.635 81.405 82.658 83.27 84.165 84.868 85.023 85.26 85.19 85.033 84.61 84.51 84.313 83.943 83.243 82.21 82.008 80.265 78.873 77.993 77.455 76.803 76.61 76.665 77.463 74.853 75.033 73.128
79.63 79.533 79.453 79.375 79.25 79.123 79.015 78.875 78.765 78.6 78.473 78.333 78.18 78.033 77.89 77.75 77.603 77.428 77.3 77.158 77.023 76.898 76.753 76.608 76.45 76.323 76.183 76.023 75.918 75.778 75.635 75.503 75.385 75.233 75.13 75.023 74.973 75.728 75.935 76.165 77.068 77.773 83.11 83.418 80.203 80.915 81.983 83.22 83.808 84.92 84.96 85.345 85.738 85.848 84.92 84.558 84.46 84.295 83.945 82.675 81.418 80.208 79.235 78.328 77.618 77 76.425 75.793 76.168 74.493 73.46 74.315 72.265
79.658 79.595 79.505 79.405 79.285 79.168 79.06 78.92 78.773 78.64 78.483 78.35 78.183 78.068 77.898 77.73 77.593 77.435 77.308 77.173 77.033 76.883 76.725 76.575 76.46 76.313 76.158 76.033 75.888 75.753 75.615 75.475 75.34 75.233 75.108 75.003 75.553 75.795 76.255 76.923 77.53 78.198 79.033 82.033 81.463 81.63 82.838 83.488 84.178 84.938 85.248 85.428 85.59 85.323 84.66 84.503 84.36 84.188 83.455 82.025 80.658 79.523 78.61 77.818 77.23 76.695 76.125 75.473 74.795 74.003 73.43 73.275 72.165
79.708 79.635 79.533 79.433 79.33 79.203 79.06 78.95 78.803 78.655 78.52 78.373 78.228 78.053 77.9 77.753 77.595 77.463 77.293 77.158 77.03 76.865 76.713 76.558 76.438 76.288 76.138 75.983 75.85 75.705 75.578 75.44 75.325 75.195 75.085 75 75.448 76.023 76.62 77.878 77.603 78.8 79.575 80.393 81.07 82.125 83.025 83.725 84.753 84.935 85.02 85.245 85.295 84.758 84.56 84.408 84.213 83.843 82.543 81.243 80.033 79.813 77.913 77.298 76.758 76.263 75.703 75.168 74.498 73.613 73.548 72.318 72.18
79.775 79.683 79.583 79.48 79.353 79.235 79.11 78.96 78.803 78.668 78.538 78.38 78.205 78.058 77.903 77.765 77.585 77.433 77.293 77.143 76.995 76.86 76.698 76.553 76.38 76.248 76.098 75.943 75.8 75.673 75.513 75.403 75.325 75.173 75.07 75.08 75.725 76.38 76.918 77.455 78.53 79.335 80.24 80.833 81.61 82.24 83.135 84.66 85.123 84.995 85.09 85.163 84.995 84.62 84.513 84.255 83.84 83.16 82.018 80.568 79.495 78.45 77.56 76.96 76.455 76.245 76.685 74.545 74.05 73.313 72.56 72.288 72.223
79.808 79.718 79.643 79.493 79.373 79.258 79.113 78.963 78.83 78.673 78.525 78.365 78.195 78.063 77.91 77.745 77.583 77.413 77.275 77.12 76.963 76.835 76.653 76.518 76.36 76.208 76.048 75.905 75.758 75.618 75.508 75.39 75.273 75.175 75.105 75.558 76.413 76.805 77.395 78.058 78.943 79.818 80.693 81.39 82.415 82.883 83.658 84.68 84.913 85.095 85.113 85.21 84.748 84.58 84.468 84.083 83.24 82.2 81.083 79.91 78.885 77.915 77.198 76.638 76.02 75.333 74.683 74.105 73.648 73.038 72.4 72.345 72.308
79.858 79.74 79.645 79.523 79.408 79.263 79.105 78.988 78.835 78.69 78.525 78.373 78.205 78.055 77.88 77.725 77.58 77.415 77.268 77.115 76.96 76.775 76.623 76.493 76.31 76.145 76.02 75.868 75.733 75.6 75.453 75.385 75.275 75.188 75.223 76.04 76.758 77.233 77.973 78.643 79.643 80.473 81.363 81.848 82.908 83.808 84.455 84.788 85.113 85.095 85.09 84.96 84.67 84.515 84.263 83.725 84.075 81.478 80.36 79.318 78.515 77.748 76.835 76.258 75.455 74.683 74.213 73.698 73.128 72.525 72.443 72.42 72.405
79.893 79.798 79.645 79.555 79.395 79.263 79.12 78.965 78.833 78.658 78.523 78.35 78.213 78.05 77.883 77.725 77.53 77.405 77.25 77.098 76.91 76.748 76.588 76.418 76.265 76.118 75.973 75.823 75.688 75.585 75.448 75.365 75.31 75.185 75.363 76.31 76.988 77.738 78.513 79.248 80.29 81.643 81.893 82.765 83.505 84.425 84.648 84.853 85.163 85.263 85.188 84.713 84.608 84.36 84.108 83.25 82.258 81.03 79.915 79.33 78.22 77.418 76.573 75.67 74.893 74.363 73.965 73.325 72.733 72.555 72.498 72.495 72.445
79.945 79.808 79.698 79.558 79.405 79.27 79.123 78.973 78.83 78.685 78.51 78.36 78.208 78.035 77.86 77.695 77.538 77.365 77.223 77.055 76.873 76.703 76.54 76.378 76.203 76.07 75.93 75.793 75.67 75.58 75.483 75.385 75.253 75.308 75.615 76.87 78.14 78.215 79.083 79.863 81.013 81.53 82.31 83.17 83.998 84.605 84.773 84.95 85.49 85.438 85.473 84.623 84.473 84.238 83.755 82.71 81.833 80.658 79.405 79.665 77.815 76.85 76.068 75.163 74.575 74.088 73.728 73.025 72.67 72.618 72.563 72.525 72.415
79.963 79.84 79.685 79.565 79.42 79.268 79.1 78.953 78.84 78.673 78.505 78.343 78.158 77.988 77.848 77.668 77.515 77.353 77.178 77.01 76.835 76.675 76.493 76.325 76.178 76.055 75.938 75.79 75.663 75.565 75.46 75.373 75.298 76.02 75.905 76.718 77.973 78.518 79.453 80.738 81.52 82.233 82.898 83.845 84.615 84.795 84.795 84.888 85.195 85.03 84.86 84.56 84.335 83.978 83.47 82.033 81.77 80.033 78.81 78.185 77.22 76.48 75.603 74.89 74.555 73.943 73.318 72.845 72.738 72.72 72.558 72.485 72.413
79.985 79.853 79.708 79.563 79.413 79.273 79.1 78.955 78.805 78.648 78.488 78.318 78.16 77.988 77.815 77.66 77.468 77.31 77.138 76.958 76.8 76.63 76.468 76.288 76.165 76.045 75.893 75.77 75.675 75.59 75.49 75.405 75.39 76.173 76.235 77.13 77.968 79.013 80.24 81.043 81.795 82.858 83.625 84.335 84.723 84.813 84.8 84.835 84.878 84.783 84.648 84.5 84.185 83.873 82.738 81.723 80.965 79.18 78.318 77.51 76.78 76.083 75.243 74.703 74.223 73.648 73.423 72.833 72.87 72.66 72.518 72.468 72.383
80 79.875 79.728 79.56 79.413 79.268 79.1 78.955 78.79 78.615 78.473 78.288 78.143 77.975 77.78 77.63 77.425 77.273 77.103 76.91 76.758 76.588 76.425 76.288 76.178 76.03 75.908 75.768 75.695 75.598 75.503 75.433 75.478 75.748 76.563 77.325 78.373 79.37 80.463 81.32 82.42 83.893 84.075 84.595 84.798 84.738 84.768 84.873 84.973 84.685 84.625 84.47 83.958 83.203 81.775 81.655 81.363 79.07 78.183 77.225 76.528 75.63 75.038 74.498 74.598 74.448 73.303 72.86 72.73 72.565 72.505 72.43 72.335
