data/LIDAR-DSM-2M-NZ24se/nz2542_DSM_2M.asc
ncols 500
nrows 500
xllcorner    425000
yllcorner    542000
cellsize     2
NODATA_value -9999
[rows 384 to 415 of 500, columns 146 to 218 of 500]
91.705 91.643 91.6 91.56 91.51 91.473 91.423 91.373 91.323 91.263 91.228 91.173 91.108 91.033 90.973 90.915 90.87 90.813 90.795 90.743 90.658 90.73 90.538 92.65 96.013 92.435 94.453 97.448 90.058 89.333 89.685 87.81 88.923 94.098 88.77 90.698 89.953 87.078 86.203 90.315 91.083 90.118 89.895 85.85 85.913 85.935 85.983 86.698 90.095 88.528 88.285 88.323 87.965 87.588 87.363 87.223 87.108 86.94 86.823 86.643 86.503 86.35 86.173 86.008 85.845 85.665 85.52 85.39 85.243 85.05 84.9 84.735 84.558
91.718 91.693 91.65 91.605 91.565 91.548 91.503 91.46 91.403 91.348 91.3 91.275 91.193 91.125 91.053 90.985 90.915 90.858 90.813 90.783 90.68 90.693 90.93 95.843 95.735 93.013 91.273 93.66 91.37 88.605 89.688 90.175 88.32 91.388 92.515 90.475 89.58 86.465 86.248 88.89 92.773 86.43 86.04 85.795 85.905 85.923 85.93 86.238 88.708 88.428 88.293 88.24 88.085 87.69 87.433 87.255 87.168 87.065 87.173 86.66 86.555 86.413 86.265 86.09 85.94 85.775 85.595 85.448 85.303 85.138 84.973 84.778 84.61
91.793 91.768 91.728 91.69 91.638 91.6 91.555 91.515 91.453 91.415 91.375 91.333 91.283 91.208 91.135 91.038 90.975 90.903 90.84 90.818 90.75 90.723 90.73 92.418 94.193 90.64 90.568 90.668 93.303 90.018 94.223 95.363 91.378 91.445 89.088 94.448 91.77 92 86.685 86.175 88.268 87.71 85.873 85.69 85.885 85.898 85.928 86.015 87.158 87.95 88.198 88.168 88.143 87.813 87.635 87.298 87.228 87.24 86.928 86.783 86.63 86.47 86.318 86.145 85.98 85.84 85.655 85.49 85.345 85.198 84.99 84.853 84.675
91.883 91.84 91.795 91.763 91.703 91.675 91.623 91.575 91.513 91.46 91.425 91.363 91.305 91.258 91.163 91.098 91.028 90.955 90.903 90.865 90.828 90.738 90.82 90.445 90.833 91.083 90.653 90.653 91.918 90.273 91.063 98.488 95.195 91.7 95.62 94.033 93.705 88.665 86.445 86.43 87.058 86.16 85.978 85.853 85.83 85.918 85.938 85.873 87.328 87.528 88.16 88.233 88.173 88.028 87.625 87.385 87.23 87.105 86.988 86.83 86.69 86.515 86.375 86.205 86.025 85.87 85.713 85.533 85.365 85.228 85.075 84.903 84.72
91.943 91.925 91.865 91.828 91.785 91.743 91.705 91.608 91.57 91.513 91.453 91.385 91.333 91.285 91.198 91.135 91.048 90.993 90.953 90.913 90.868 90.798 90.798 90.628 91.788 92.995 90.755 90.705 95.163 96.57 95.943 97.288 93.903 87.518 88.235 89.768 91.063 92.368 89.358 87.548 94.243 93.27 87.188 88.66 88.973 85.9 85.96 85.925 86.055 87.02 87.893 88.345 88.265 88.14 87.743 87.453 87.248 87.12 87.015 86.87 86.725 86.555 86.418 86.25 86.07 85.935 85.77 85.598 85.433 85.27 85.133 84.98 84.818
92.058 92.013 91.95 91.898 91.848 91.775 91.73 91.655 91.58 91.53 91.453 91.415 91.36 91.308 91.238 91.153 91.12 91.028 90.993 90.975 90.945 90.86 90.788 90.803 93.813 97.765 93.413 90.615 91.43 92.685 93.148 97.008 95.545 87.623 88.483 94.015 89.3 86.855 89.358 88.475 86.485 87.583 88.568 88.725 91.02 85.778 85.913 85.918 85.91 86.665 87.663 88.725 88.455 88.253 87.885 87.555 87.303 87.143 87.025 86.903 86.748 86.583 86.448 86.285 86.138 85.998 85.845 85.683 85.518 85.333 85.17 85.023 84.883
92.12 92.065 91.993 91.923 91.848 91.79 91.758 91.668 91.605 91.548 91.46 91.418 91.363 91.32 91.273 91.208 91.16 91.09 91.033 91.02 90.98 90.918 90.823 90.803 93.3 96.353 92.75 90.663 90.545 92.313 89.65 93.533 97.965 90.743 87.535 92.435 89.718 89.278 91.793 93.583 97.393 88.513 97.163 92.915 86.285 85.78 85.888 85.938 85.908 86.11 88.243 90.16 90.153 88.238 88.03 87.678 87.395 87.203 87.07 86.95 86.778 86.613 86.475 86.35 86.195 86.04 85.903 85.765 85.598 85.42 85.215 85.075 84.933
92.175 92.115 92.033 91.94 91.86 91.823 91.765 91.68 91.633 91.575 91.5 91.465 91.42 91.38 91.333 91.265 91.21 91.143 91.06 91.04 90.995 90.963 90.85 90.903 91.51 92.188 93.363 93.4 90.565 91.165 92.2 90.758 93.438 88.553 89.398 92.323 96.9 95.15 96.09 89.12 91.243 89.018 93.383 94.053 89.588 87.15 85.82 85.868 85.865 85.87 86.945 90.203 91.02 88.348 88.158 87.75 87.485 87.278 87.095 86.983 86.833 86.703 86.55 86.413 86.268 86.108 85.963 85.818 85.658 85.498 85.298 85.163 84.995
92.243 92.145 92.058 91.983 91.918 91.863 91.793 91.748 91.673 91.62 91.56 91.508 91.465 91.41 91.368 91.295 91.228 91.155 91.063 91.043 91.005 90.993 90.913 90.843 90.853 90.51 93.023 96.92 91.26 90.57 90.945 92.188 98.538 93.893 94.803 97.668 97.418 91.495 92.08 90 86.613 87.45 91.348 95.91 96.345 89.878 85.713 87.063 87.035 85.833 86.138 88.61 89.213 88.29 88.175 87.915 87.583 87.333 87.133 87.02 86.885 86.765 86.615 86.473 86.328 86.163 86.008 85.88 85.725 85.563 85.418 85.248 85.068
92.29 92.213 92.15 92.053 91.993 91.928 91.845 91.798 91.723 91.65 91.595 91.533 91.488 91.41 91.373 91.305 91.218 91.153 91.083 91.063 91.023 90.993 90.958 90.865 90.89 90.66 91.44 93.17 91.36 93.38 91.118 94.168 94.93 93.545 91.903 91.445 88.633 91.398 88.075 95.96 95.705 86.645 87.235 94.458 92.88 86.833 85.833 89.65 87.948 85.833 85.958 86.843 87.79 88.168 88.26 88.23 87.698 87.398 87.18 87.06 86.91 86.805 86.675 86.51 86.39 86.235 86.075 85.945 85.813 85.68 85.508 85.36 85.198
92.34 92.288 92.225 92.128 92.033 91.965 91.895 91.823 91.765 91.67 91.578 91.53 91.47 91.415 91.355 91.313 91.245 91.2 91.138 91.078 91.04 91.003 90.995 90.92 90.855 90.89 90.765 94.763 96.245 98.645 97.28 90.735 89.898 93.388 92.51 92.213 88.66 87.128 88.888 96.368 90.943 89.42 91.895 92.67 86.868 86.805 90.683 88.18 87.783 85.803 85.818 86.343 87.245 88.105 88.34 88.338 87.855 87.485 87.253 87.083 86.958 86.84 86.743 86.595 86.453 86.328 86.168 86.013 85.888 85.775 85.618 85.463 85.29
92.378 92.318 92.25 92.155 92.063 91.988 91.923 91.813 91.743 91.673 91.613 91.538 91.47 91.423 91.375 91.32 91.25 91.213 91.158 91.105 91.065 91.025 91.005 90.965 90.878 90.895 91.04 95.023 93.9 91.97 93.343 91.44 91.715 90.483 94.378 90.68 87.26 87.073 86.875 87.018 89.188 88.86 92.003 93.643 89.12 85.998 86.828 89.555 88.755 88.763 85.758 85.913 86.878 87.778 88.183 88.15 87.985 87.64 87.31 87.113 86.998 86.89 86.798 86.713 86.538 86.39 86.263 86.098 85.97 85.855 85.725 85.558 85.403
92.41 92.355 92.268 92.185 92.1 92.005 91.9 91.83 91.768 91.695 91.63 91.568 91.495 91.45 91.403 91.338 91.285 91.223 91.15 91.105 91.063 91.03 90.995 91.01 90.928 90.915 90.828 92.17 93.328 94.308 92.985 90.38 90.383 89.873 94.778 93.958 91.828 88.118 87.923 89.398 93.64 92.905 87.2 86.825 90.585 86.845 87.858 92.16 89.255 88.875 85.725 85.738 86.873 87.578 88.168 88.185 88.058 87.81 87.425 87.193 87.033 86.925 86.855 86.76 86.64 86.485 86.353 86.18 86.038 85.898 85.785 85.645 85.498
92.415 92.35 92.288 92.198 92.103 92.028 91.938 91.86 91.825 91.735 91.64 91.565 91.518 91.468 91.408 91.348 91.308 91.228 91.158 91.115 91.05 91.033 91.02 91.025 90.975 90.933 90.948 90.673 91.06 90.84 93.238 96.118 96.333 89.155 95.175 93.96 93.46 94.408 95.708 95.795 92.675 89.708 86.235 86.588 88.188 93.203 87.39 89.493 85.693 86.38 86.248 85.685 85.91 88.89 88.878 88.413 88.108 87.99 87.58 87.285 87.1 86.985 86.9 86.798 86.708 86.593 86.44 86.268 86.12 85.968 85.835 85.698 85.575
92.428 92.358 92.288 92.238 92.153 92.073 91.975 91.908 91.835 91.76 91.65 91.59 91.543 91.478 91.398 91.358 91.285 91.233 91.175 91.14 91.098 91.07 91.055 91.055 91.05 90.978 91.028 90.748 90.98 92.148 93.433 97.898 94.375 90.035 87.978 88.093 87.303 90.903 87.475 89.635 89.725 87.615 88.353 86.14 87.448 88.255 86.398 85.705 85.633 88.24 88.488 85.698 85.703 88.46 88.86 88.21 88.188 88.103 87.858 87.418 87.185 87.055 86.943 86.825 86.74 86.643 86.5 86.335 86.178 86.005 85.87 85.73 85.633
92.45 92.383 92.33 92.26 92.185 92.093 92.013 91.93 91.848 91.77 91.67 91.633 91.545 91.475 91.408 91.35 91.318 91.27 91.215 91.175 91.135 91.11 91.118 91.095 91.053 90.988 91.008 90.908 90.733 91.393 94.428 94.568 96.548 92.205 88.35 88.993 95.11 87.563 88.045 96.91 95.648 86.39 89.83 90.03 91.753 93.318 88.26 86.335 86.478 85.833 87.603 85.753 85.698 86.313 87.21 88.053 88.19 88.15 88.018 87.588 87.283 87.105 87 86.865 86.773 86.68 86.575 86.423 86.26 86.07 85.96 85.808 85.703
92.455 92.39 92.34 92.262 92.192 92.127 92.05 91.952 91.87 91.78 91.705 91.632 91.545 91.502 91.435 91.415 91.36 91.342 91.3 91.257 91.222 91.197 91.14 91.13 91.092 91.052 91.025 91.077 90.627 91.127 91.972 92.422 91.465 93.327 89.162 89.592 95.8 94.21 87.015 92.345 92.94 87.385 86.307 86.007 88.967 88.94 87.635 87.525 90.912 87.942 93.205 88.602 85.672 85.75 86.825 87.857 88.227 88.202 88.165 87.767 87.43 87.187 87.047 86.93 86.82 86.725 86.62 86.507 86.315 86.145 86.01 85.887 85.747
92.48 92.41 92.33 92.275 92.21 92.122 92.045 91.96 91.9 91.817 91.755 91.687 91.63 91.597 91.53 91.482 91.467 91.422 91.36 91.29 91.257 91.222 91.157 91.135 91.127 91.09 90.997 91.042 90.772 91.075 95.642 94.867 90.76 96.655 93.885 90.515 96.695 92.12 95.557 92.637 91.867 92.702 93.832 86.022 91.577 86.145 89.152 88.702 87.587 87.107 86.562 86.142 85.672 85.7 86.49 87.72 88.087 88.22 88.19 88.032 87.552 87.292 87.122 86.987 86.875 86.805 86.685 86.56 86.422 86.232 86.067 85.942 85.815
92.482 92.407 92.34 92.277 92.235 92.14 92.065 92.012 91.95 91.895 91.857 91.765 91.707 91.67 91.612 91.565 91.497 91.435 91.397 91.347 91.282 91.225 91.175 91.14 91.13 91.115 91.025 91.02 91.035 91.112 94.22 91.26 94.277 94.63 96.405 89.592 97.285 95.462 94.912 92.302 93.817 92.285 92.662 94.292 90.272 88.08 93.942 91.332 85.265 85.545 85.735 85.66 85.665 85.68 85.842 86.75 87.79 88.277 88.272 88.217 87.77 87.392 87.205 87.052 86.945 86.867 86.735 86.615 86.487 86.317 86.16 86.007 85.86
92.497 92.41 92.362 92.302 92.265 92.202 92.15 92.095 92.032 91.965 91.902 91.82 91.765 91.695 91.647 91.597 91.535 91.462 91.43 91.357 91.282 91.255 91.21 91.187 91.132 91.13 91.067 90.992 91.05 90.585 93.155 95.01 94.415 94.902 95.22 89.517 90.665 89.962 88.945 92.937 93.775 93.07 89.47 90.915 89.84 89.327 89.847 86.86 85.212 85.425 85.697 85.602 85.625 85.635 85.732 86.295 87.335 88.21 88.307 88.562 87.962 87.52 87.282 87.127 87.01 86.927 86.785 86.687 86.545 86.392 86.207 86.052 85.882
92.542 92.467 92.407 92.387 92.327 92.267 92.192 92.13 92.055 92.002 91.94 91.86 91.8 91.737 91.682 91.63 91.577 91.53 91.485 91.4 91.345 91.28 91.217 91.19 91.157 91.152 91.095 91.015 90.972 90.772 92.225 98.237 92.442 91.465 90.27 89.09 89.7 88.277 86.927 89.34 86.25 86.297 89.975 93.03 89.47 87.015 85.627 85.182 85.255 85.345 85.477 85.582 85.615 85.68 85.7 86.182 87.357 88.022 88.377 88.947 88.227 87.872 87.357 87.192 87.067 86.952 86.852 86.692 86.577 86.45 86.287 86.135 85.932
92.62 92.552 92.492 92.43 92.377 92.317 92.247 92.165 92.1 92.022 91.965 91.897 91.83 91.77 91.717 91.675 91.617 91.572 91.52 91.457 91.397 91.327 91.262 91.205 91.162 91.145 91.112 91.005 90.95 90.99 91.102 93.402 90.9 90.67 93.435 94.18 91.34 93.685 88.365 93.245 91.46 87.99 90.127 87.305 89.19 88.807 85.235 85.012 85.275 85.285 85.392 85.535 85.605 85.657 85.7 85.822 86.795 87.712 88.287 88.285 88.302 88.03 87.467 87.272 87.14 87.012 86.872 86.74 86.61 86.487 86.33 86.152 85.98
92.717 92.63 92.567 92.482 92.432 92.372 92.3 92.225 92.137 92.062 92.012 91.937 91.887 91.835 91.77 91.705 91.66 91.627 91.557 91.487 91.42 91.345 91.287 91.232 91.167 91.145 91.122 91.042 90.922 91.007 90.897 92.222 93.367 95.277 93.615 95.787 90.067 90.417 94.095 97.852 97.582 93.615 88.457 87.202 85.222 86.525 88.28 84.952 85.185 85.18 85.275 85.42 85.542 85.617 85.687 85.69 86.162 87.232 88.122 88.245 88.155 87.972 87.58 87.372 87.212 87.082 86.92 86.795 86.675 86.535 86.377 86.225 86.075
92.755 92.665 92.612 92.535 92.48 92.415 92.347 92.27 92.192 92.107 92.047 92.012 91.947 91.885 91.825 91.757 91.717 91.652 91.6 91.535 91.46 91.39 91.327 91.262 91.18 91.13 91.102 91.062 90.965 90.982 91.47 92.88 98.87 99.727 98.322 96.272 93.715 87.962 91.882 95.245 94.122 90.97 90.457 88.087 86.332 85.112 86.27 84.925 85.077 85.097 85.165 85.322 85.485 85.56 85.625 85.675 86.285 87.39 87.807 88.345 88.195 88.185 87.815 87.47 87.275 87.117 86.962 86.822 86.702 86.585 86.445 86.297 86.147
92.822 92.747 92.67 92.595 92.542 92.462 92.395 92.305 92.26 92.15 92.1 92.06 91.99 91.937 91.86 91.817 91.745 91.7 91.627 91.572 91.512 91.417 91.342 91.255 91.195 91.122 91.07 91.055 90.995 90.987 90.862 90.805 95.557 95.307 94.47 92.182 90.422 88.305 91.617 92.177 92.15 93.66 88.925 90.027 92.635 85.15 85.195 84.867 84.92 84.957 85.052 85.215 85.425 85.535 85.575 85.64 85.962 87.11 87.562 88.235 88.332 88.242 87.877 87.557 87.342 87.185 87.037 86.892 86.777 86.645 86.507 86.357 86.207
92.882 92.8 92.735 92.675 92.597 92.54 92.46 92.377 92.29 92.207 92.127 92.075 92.017 91.957 91.892 91.85 91.79 91.705 91.662 91.607 91.525 91.43 91.342 91.245 91.182 91.132 91.077 91.05 91.005 90.93 90.977 90.582 92.322 91.185 90.83 90.595 90.065 88.687 87.565 87.39 88.245 90.702 88.557 91.247 89.62 86.225 84.967 84.97 84.842 84.847 84.975 85.142 85.335 85.512 85.547 85.652 85.652 86.08 87.017 88.022 88.207 88.305 88.305 87.642 87.375 87.212 87.085 86.955 86.832 86.697 86.57 86.42 86.257
92.945 92.875 92.81 92.725 92.652 92.59 92.512 92.43 92.317 92.242 92.142 92.08 92.025 91.982 91.917 91.86 91.802 91.727 91.637 91.587 91.517 91.422 91.342 91.252 91.182 91.13 91.095 91.077 91.057 90.97 91.025 91.885 91.987 91.145 92.992 93.04 90.442 89.052 87.89 92.125 92.852 89.61 96.817 90.655 88.007 84.797 84.98 85.007 84.877 84.922 84.96 85.105 85.255 85.462 85.485 85.61 85.65 85.805 86.585 87.662 88.18 88.17 88.142 87.86 87.467 87.282 87.14 87.007 86.892 86.732 86.605 86.45 86.325
93.015 92.94 92.865 92.782 92.695 92.645 92.525 92.447 92.355 92.262 92.18 92.102 92.035 91.97 91.917 91.842 91.782 91.682 91.61 91.57 91.497 91.427 91.347 91.272 91.232 91.18 91.125 91.092 91.087 91.005 90.98 92.632 95.417 91.152 93.395 93.007 90.49 89.472 88.282 88.277 93.007 90.745 95.38 88.777 84.935 84.822 84.865 84.882 84.885 84.862 84.95 85.107 85.197 85.432 85.542 85.595 85.615 85.655 86.157 87.475 88.125 88.14 88.192 88.342 87.55 87.335 87.182 87.05 86.935 86.775 86.622 86.485 86.347
93.047 92.992 92.905 92.805 92.722 92.637 92.552 92.482 92.402 92.29 92.167 92.08 92.005 91.967 91.852 91.795 91.745 91.677 91.627 91.562 91.51 91.477 91.385 91.332 91.292 91.217 91.155 91.122 91.095 91.025 90.985 91.452 92.4 91.152 90.985 90.67 90.612 89.875 88.67 87.622 87.672 89.13 87.6 85.35 84.885 85.527 84.86 84.877 84.86 84.925 84.927 85.032 85.142 85.377 85.55 85.542 85.642 85.64 85.87 88.335 88.07 88.34 88.107 88.092 87.64 87.37 87.205 87.082 86.955 86.835 86.665 86.512 86.367
93.09 93.005 92.932 92.837 92.755 92.67 92.567 92.475 92.37 92.24 92.137 92.05 91.972 91.935 91.84 91.807 91.762 91.73 91.69 91.612 91.572 91.53 91.457 91.367 91.32 91.242 91.19 91.122 91.102 91.047 90.982 91.042 90.567 90.935 91.01 90.687 90.61 90.257 89.017 87.757 86.742 86.22 85.652 85.205 84.892 84.955 84.84 84.817 84.892 84.83 84.855 84.945 85.092 85.34 85.545 85.532 85.58 85.627 85.7 86.747 88.035 88.265 88.127 88.122 87.755 87.447 87.245 87.085 86.972 86.865 86.71 86.545 86.41
93.13 93.025 92.94 92.847 92.742 92.642 92.537 92.407 92.322 92.217 92.145 92.07 91.997 91.947 91.905 91.862 91.827 91.785 91.735 91.68 91.617 91.562 91.507 91.432 91.342 91.252 91.182 91.155 91.097 91.077 91.002 90.997 90.757 90.605 91.172 90.785 90.642 90.487 89.455 88.21 87.15 86.847 85.96 85.315 84.91 84.84 84.837 84.795 84.832 85.02 84.925 84.952 85.045 85.32 85.522 85.515 85.56 85.607 85.59 86.122 87.252 88.752 88.245 88.225 88.017 87.515 87.302 87.132 86.985 86.892 86.752 86.595 86.427
93.147 93.052 92.935 92.837 92.725 92.607 92.515 92.442 92.365 92.25 92.195 92.115 92.065 91.982 91.962 91.925 91.872 91.802 91.762 91.712 91.65 91.587 91.517 91.445 91.362 91.29 91.212 91.16 91.095 91.092 91.032 90.98 91.042 90.412 91.14 91.015 90.635 90.62 89.917 88.587 87.56 86.892 86.16 85.537 85.02 84.85 84.82 84.847 84.837 84.79 84.895 84.99 84.997 85.222 85.5 85.552 85.547 85.557 85.6 85.987 87.17 89.065 88.15 88.52 88.122 87.575 87.345 87.18 87.01 86.897 86.767 86.62 86.472
