data/LIDAR-DSM-2M-NZ24se/nz2541_DSM_2M.asc
ncols 500
nrows 500
xllcorner    425000
yllcorner    541000
cellsize     2
NODATA_value -9999
[rows 64 to 95 of 500, columns 0 to 72 of 500]
99.265 99.31 99.322 99.377 99.402 99.377 99.39 99.352 99.382 99.512 99.615 99.845 101.237 100.09 100.07 100.01 100.072 100.127 100.172 100.21 100.217 100.202 100.237 100.307 100.374 100.433 100.491 100.538 100.584 100.615 100.634 100.658 100.675 100.698 100.738 100.758 100.781 100.794 100.851 100.883 100.941 100.995 101.062 101.087 101.112 101.152 101.177 101.202 101.26 101.325 101.367 101.412 101.492 101.557 101.652 101.697 101.79 101.875 101.95 101.992 102.05 102.107 102.165 102.225 102.25 102.297 102.335 102.38 102.375 102.332 102.325 102.307 102.287
99.152 99.205 99.217 99.257 99.302 99.275 99.297 99.265 99.322 99.435 99.56 99.752 100.265 99.99 99.957 99.932 99.965 99.995 100.077 100.12 100.1 100.12 100.15 100.22 100.269 100.295 100.382 100.432 100.471 100.5 100.523 100.553 100.581 100.582 100.617 100.63 100.647 100.669 100.727 100.754 100.805 100.86 100.895 100.93 100.955 101 101.007 101.045 101.11 101.155 101.197 101.277 101.337 101.39 101.492 101.552 101.635 101.735 101.785 101.857 101.91 101.985 102.032 102.072 102.102 102.155 102.17 102.22 102.227 102.202 102.182 102.165 102.17
99.055 99.1 99.142 99.192 99.205 99.182 99.21 99.172 99.222 99.34 99.43 99.622 100.645 99.887 99.86 99.807 99.875 99.935 99.962 100.002 100.015 100.005 100.067 100.085 100.149 100.217 100.27 100.297 100.336 100.385 100.391 100.424 100.446 100.45 100.493 100.498 100.508 100.547 100.573 100.611 100.682 100.7 100.727 100.78 100.8 100.845 100.86 100.907 100.962 101.02 101.067 101.132 101.192 101.257 101.32 101.397 101.497 101.587 101.652 101.7 101.77 101.852 101.895 101.942 101.99 102.035 102.055 102.075 102.077 102.077 102.045 102.055 102.042
98.957 99.01 99.012 99.08 99.105 99.09 99.11 99.047 99.142 99.267 99.352 99.507 99.955 99.785 99.75 99.7 99.765 99.85 99.882 99.902 99.935 99.922 99.97 100 100.073 100.113 100.155 100.212 100.228 100.247 100.271 100.304 100.338 100.327 100.334 100.381 100.385 100.437 100.46 100.49 100.535 100.552 100.592 100.625 100.657 100.692 100.74 100.762 100.837 100.887 100.932 100.982 101.045 101.1 101.17 101.272 101.337 101.422 101.482 101.562 101.617 101.67 101.722 101.797 101.827 101.885 101.917 101.94 101.94 101.922 101.942 101.937 101.905
98.885 98.887 98.937 98.985 99.01 99 99.02 98.98 99.045 99.17 99.29 99.407 99.77 99.755 99.615 99.61 99.692 99.762 99.802 99.835 99.852 99.827 99.862 99.905 99.968 99.994 100.057 100.078 100.124 100.14 100.172 100.2 100.204 100.223 100.232 100.249 100.256 100.285 100.354 100.37 100.397 100.447 100.452 100.487 100.53 100.575 100.575 100.61 100.69 100.737 100.77 100.847 100.9 100.972 101.042 101.135 101.197 101.267 101.335 101.417 101.462 101.527 101.577 101.642 101.69 101.745 101.75 101.787 101.787 101.787 101.79 101.8 101.797
98.777 98.795 98.852 98.88 98.935 98.94 98.93 98.88 98.962 99.09 99.205 99.345 99.725 99.61 99.552 99.54 99.59 99.655 99.712 99.707 99.7 99.712 99.762 99.823 99.866 99.93 99.965 99.993 100.015 100.037 100.067 100.068 100.089 100.096 100.101 100.119 100.139 100.175 100.197 100.242 100.255 100.297 100.325 100.385 100.402 100.42 100.442 100.485 100.555 100.56 100.617 100.707 100.777 100.84 100.91 100.975 101.067 101.127 101.212 101.242 101.312 101.387 101.447 101.517 101.545 101.612 101.617 101.657 101.67 101.675 101.662 101.662 101.665
98.672 98.702 98.75 98.777 98.84 98.84 98.817 98.805 98.835 99.047 99.142 100.027 99.617 99.505 99.465 99.445 99.512 99.555 99.625 99.62 99.622 99.625 99.675 99.714 99.767 99.815 99.841 99.881 99.921 99.935 99.955 99.955 99.954 99.972 99.979 100.012 100.028 100.056 100.045 100.075 100.122 100.175 100.19 100.235 100.227 100.267 100.312 100.347 100.415 100.422 100.477 100.552 100.6 100.69 100.755 100.8 100.927 101.012 101.052 101.107 101.185 101.247 101.307 101.377 101.412 101.46 101.495 101.515 101.545 101.547 101.545 101.527 101.515
98.56 98.582 98.64 98.687 98.717 98.737 98.72 98.725 98.785 98.955 99.055 99.205 99.47 99.365 99.375 99.36 99.435 99.497 99.55 99.567 99.51 99.515 99.57 99.627 99.644 99.714 99.742 99.771 99.781 99.832 99.833 99.816 99.835 99.847 99.855 99.893 99.918 99.916 99.882 99.92 99.967 100.04 100.057 100.132 100.11 100.112 100.15 100.205 100.25 100.312 100.365 100.412 100.477 100.557 100.6 100.672 100.77 100.845 100.912 100.992 101.057 101.087 101.145 101.207 101.262 101.315 101.352 101.385 101.407 101.407 101.402 101.392 101.377
98.477 98.495 98.557 98.57 98.63 98.662 98.647 98.65 98.73 98.825 99 99.08 99.352 99.305 99.28 99.265 99.347 99.402 99.417 99.445 99.43 99.42 99.465 99.525 99.579 99.612 99.643 99.672 99.702 99.713 99.713 99.707 99.709 99.741 99.756 99.765 99.771 99.794 99.767 99.857 99.875 99.947 99.945 99.982 99.967 100 100.03 100.082 100.127 100.16 100.242 100.282 100.307 100.412 100.465 100.552 100.645 100.727 100.78 100.862 100.902 100.935 100.995 101.062 101.127 101.182 101.225 101.232 101.265 101.277 101.237 101.242 101.255
98.342 98.41 98.437 98.47 98.52 98.57 98.542 98.555 98.62 98.75 98.925 99 99.39 99.242 99.187 99.177 99.24 99.3 99.345 99.347 99.32 99.332 99.367 99.444 99.468 99.513 99.549 99.578 99.599 99.612 99.611 99.598 99.606 99.617 99.635 99.637 99.665 99.677 99.715 99.712 99.737 99.787 99.837 99.817 99.837 99.882 99.925 99.97 100.002 100.037 100.092 100.152 100.2 100.285 100.357 100.445 100.53 100.6 100.642 100.69 100.775 100.81 100.89 100.95 101.005 101.037 101.095 101.1 101.115 101.127 101.157 101.15 101.17
98.24 98.292 98.33 98.372 98.42 98.45 98.445 98.48 98.555 98.657 98.865 98.937 99.34 99.16 99.125 99.055 99.165 99.242 99.242 99.245 99.245 99.265 99.285 99.338 99.377 99.411 99.438 99.478 99.466 99.492 99.474 99.494 99.488 99.481 99.5 99.511 99.526 99.567 99.58 99.627 99.642 99.675 99.695 99.675 99.722 99.74 99.782 99.845 99.87 99.922 99.955 100.032 100.075 100.15 100.22 100.307 100.375 100.437 100.497 100.58 100.662 100.692 100.757 100.817 100.855 100.915 100.975 100.972 101.025 101.027 101.032 101.04 101.052
98.16 98.207 98.24 98.307 98.327 98.34 98.32 98.375 98.457 98.595 98.75 98.907 99.185 99.067 99.015 98.985 99.06 99.137 99.16 99.167 99.14 99.162 99.182 99.205 99.26 99.294 99.338 99.358 99.352 99.375 99.38 99.364 99.379 99.369 99.385 99.384 99.391 99.434 99.462 99.485 99.512 99.555 99.562 99.577 99.607 99.62 99.675 99.7 99.75 99.797 99.817 99.897 99.95 100.007 100.065 100.17 100.242 100.282 100.38 100.457 100.525 100.557 100.622 100.682 100.737 100.785 100.832 100.862 100.877 100.88 100.895 100.912 100.932
98.062 98.087 98.14 98.185 98.235 98.272 98.257 98.275 98.365 98.472 98.672 98.882 99.157 98.98 98.902 98.902 98.967 99.045 99.095 99.075 99.057 99.082 99.077 99.143 99.138 99.166 99.208 99.224 99.255 99.248 99.255 99.248 99.248 99.247 99.268 99.25 99.273 99.282 99.342 99.367 99.402 99.417 99.437 99.452 99.482 99.487 99.54 99.58 99.622 99.667 99.72 99.765 99.817 99.89 99.937 100.02 100.082 100.167 100.247 100.325 100.392 100.455 100.532 100.552 100.627 100.662 100.705 100.745 100.772 100.767 100.802 100.805 100.825
97.952 98.025 98.025 98.085 98.13 98.177 98.16 98.167 98.275 98.385 98.59 98.89 99.122 98.892 98.815 98.815 98.887 98.95 98.957 98.952 98.922 98.94 98.985 99.022 99.025 99.072 99.066 99.113 99.111 99.122 99.158 99.125 99.131 99.145 99.148 99.151 99.153 99.176 99.197 99.225 99.255 99.272 99.32 99.33 99.365 99.37 99.402 99.44 99.485 99.532 99.597 99.615 99.67 99.742 99.805 99.887 99.95 100.01 100.105 100.197 100.24 100.345 100.377 100.43 100.49 100.532 100.562 100.605 100.655 100.692 100.692 100.695 100.707
97.86 97.927 97.93 98.012 98.067 98.077 98.075 98.057 98.137 98.275 98.51 98.772 99.02 98.805 98.745 98.715 98.805 98.87 98.852 98.86 98.817 98.847 98.865 98.917 98.931 98.926 98.944 98.989 98.994 98.987 99.022 98.998 99.003 99.009 98.989 99.018 99.057 99.052 99.072 99.102 99.125 99.14 99.175 99.175 99.215 99.232 99.267 99.32 99.357 99.422 99.467 99.51 99.567 99.617 99.64 99.735 99.802 99.892 99.962 100.022 100.122 100.207 100.247 100.31 100.352 100.41 100.45 100.49 100.545 100.552 100.555 100.565 100.577
97.762 97.835 97.852 97.927 97.955 97.952 97.982 97.972 98.042 98.19 98.402 98.717 98.94 98.707 98.635 98.625 98.687 98.727 98.765 98.777 98.752 98.74 98.757 98.799 98.793 98.826 98.855 98.865 98.891 98.875 98.891 98.881 98.885 98.868 98.866 98.893 98.897 98.92 98.939 98.967 98.987 99.02 99.045 99.065 99.107 99.122 99.165 99.185 99.23 99.277 99.337 99.387 99.417 99.48 99.525 99.595 99.69 99.755 99.815 99.885 99.987 100.052 100.092 100.145 100.232 100.28 100.325 100.367 100.395 100.435 100.46 100.457 100.485
97.68 97.722 97.772 97.83 97.852 97.895 97.872 97.86 97.97 98.097 98.34 98.765 98.845 98.592 98.525 98.507 98.57 98.615 98.66 98.655 98.632 98.635 98.627 98.645 98.65 98.698 98.735 98.743 98.753 98.749 98.765 98.767 98.768 98.734 98.733 98.757 98.786 98.808 98.815 98.87 98.862 98.902 98.917 98.925 98.967 99.002 99.022 99.055 99.117 99.147 99.22 99.255 99.285 99.332 99.397 99.452 99.537 99.61 99.69 99.772 99.862 99.935 99.972 100.025 100.092 100.16 100.185 100.227 100.272 100.315 100.325 100.362 100.365
97.565 97.615 97.662 97.737 97.767 97.792 97.74 97.77 97.89 98.015 98.267 98.695 98.85 98.5 98.452 98.415 98.47 98.502 98.55 98.547 98.507 98.527 98.497 98.535 98.539 98.576 98.6 98.621 98.61 98.641 98.663 98.639 98.635 98.61 98.633 98.639 98.671 98.693 98.713 98.73 98.742 98.765 98.797 98.805 98.837 98.865 98.88 98.927 98.965 99.025 99.055 99.08 99.122 99.202 99.24 99.31 99.387 99.475 99.56 99.622 99.702 99.782 99.85 99.885 99.955 100.015 100.102 100.112 100.167 100.212 100.222 100.26 100.285
97.485 97.52 97.557 97.642 97.662 97.69 97.657 97.702 97.827 97.912 98.185 98.69 98.792 98.392 98.357 98.325 98.357 98.45 98.447 98.44 98.387 98.392 98.38 98.405 98.426 98.437 98.455 98.489 98.511 98.504 98.524 98.501 98.512 98.496 98.517 98.538 98.528 98.556 98.564 98.585 98.58 98.61 98.625 98.645 98.69 98.715 98.73 98.777 98.822 98.87 98.897 98.94 98.985 99.06 99.08 99.15 99.252 99.315 99.385 99.465 99.555 99.635 99.705 99.78 99.847 99.89 99.952 99.98 100.032 100.08 100.095 100.125 100.16
97.372 97.437 97.47 97.555 97.57 97.605 97.567 97.617 97.71 97.827 98.182 98.66 98.83 98.335 98.257 98.24 98.252 98.345 98.345 98.325 98.28 98.247 98.247 98.282 98.292 98.31 98.338 98.364 98.36 98.366 98.362 98.356 98.361 98.385 98.388 98.394 98.381 98.415 98.422 98.455 98.44 98.457 98.482 98.492 98.522 98.55 98.6 98.632 98.68 98.717 98.752 98.795 98.842 98.9 98.935 99.012 99.102 99.182 99.237 99.337 99.42 99.51 99.59 99.655 99.712 99.752 99.835 99.86 99.93 99.967 100.005 100.027 100.057
97.297 97.347 97.37 97.445 97.465 97.497 97.487 97.532 97.665 97.73 98.095 98.592 98.767 98.252 98.16 98.122 98.157 98.2 98.217 98.217 98.167 98.137 98.16 98.15 98.127 98.153 98.169 98.192 98.2 98.201 98.233 98.231 98.224 98.221 98.211 98.223 98.255 98.283 98.31 98.312 98.287 98.295 98.337 98.365 98.38 98.385 98.415 98.44 98.51 98.57 98.615 98.655 98.687 98.715 98.782 98.857 98.962 99.037 99.11 99.197 99.28 99.387 99.485 99.555 99.587 99.65 99.722 99.76 99.812 99.87 99.902 99.925 99.957
97.212 97.262 97.3 97.395 97.39 97.42 97.41 97.43 97.555 97.662 97.957 98.817 98.772 98.18 98.062 98.04 98.08 98.09 98.117 98.087 98.042 98.012 98.025 98.012 98.007 98.026 98.053 98.037 98.035 98.07 98.09 98.083 98.086 98.088 98.062 98.048 98.096 98.126 98.143 98.159 98.15 98.135 98.152 98.207 98.222 98.217 98.22 98.26 98.327 98.402 98.452 98.485 98.51 98.52 98.625 98.72 98.8 98.895 98.98 99.075 99.14 99.215 99.32 99.385 99.467 99.525 99.6 99.642 99.687 99.752 99.8 99.837 99.86
97.125 97.16 97.227 97.27 97.305 97.332 97.3 97.345 97.477 97.595 97.82 98.35 98.457 98.042 97.962 97.912 97.95 97.975 97.977 97.982 97.93 97.882 97.88 97.892 97.857 97.898 97.87 97.896 97.904 97.923 97.938 97.937 97.94 97.941 97.947 97.94 97.953 97.964 97.967 97.999 97.997 97.997 98.022 98.022 98.035 98.075 98.072 98.132 98.165 98.245 98.29 98.332 98.36 98.4 98.482 98.555 98.657 98.752 98.817 98.932 99.007 99.085 99.185 99.252 99.367 99.402 99.42 99.512 99.57 99.642 99.715 99.745 99.762
97.052 97.09 97.145 97.187 97.225 97.245 97.225 97.265 97.392 97.495 97.772 98.227 98.177 97.922 97.867 97.807 97.847 97.857 97.87 97.855 97.78 97.79 97.74 97.752 97.712 97.733 97.714 97.75 97.771 97.786 97.779 97.778 97.799 97.793 97.805 97.787 97.807 97.828 97.84 97.835 97.84 97.802 97.84 97.885 97.915 97.922 97.957 97.985 98.05 98.085 98.142 98.147 98.215 98.262 98.337 98.41 98.532 98.622 98.692 98.812 98.902 98.982 99.07 99.162 99.227 99.315 99.365 99.425 99.49 99.535 99.592 99.65 99.667
96.96 96.977 97.047 97.09 97.102 97.14 97.12 97.175 97.287 97.442 97.707 98.297 98.11 97.845 97.767 97.705 97.725 97.73 97.752 97.712 97.665 97.645 97.607 97.622 97.59 97.597 97.595 97.588 97.617 97.618 97.642 97.62 97.632 97.634 97.648 97.643 97.65 97.667 97.674 97.676 97.677 97.685 97.71 97.705 97.755 97.792 97.797 97.812 97.885 97.922 97.997 98.037 98.08 98.155 98.21 98.297 98.41 98.5 98.58 98.7 98.775 98.887 98.982 99.077 99.115 99.207 99.262 99.347 99.397 99.435 99.482 99.535 99.56
96.84 96.885 96.942 96.995 97.012 97.032 97.007 97.095 97.215 97.355 97.532 98.127 97.947 97.77 97.677 97.62 97.632 97.61 97.647 97.615 97.542 97.495 97.47 97.457 97.452 97.477 97.452 97.466 97.468 97.485 97.484 97.486 97.515 97.496 97.489 97.516 97.51 97.525 97.524 97.528 97.527 97.55 97.562 97.575 97.612 97.642 97.657 97.715 97.755 97.81 97.86 97.9 97.955 98.015 98.107 98.19 98.275 98.362 98.467 98.56 98.65 98.772 98.872 98.962 99.032 99.11 99.155 99.23 99.307 99.355 99.405 99.44 99.482
96.745 96.802 96.84 96.892 96.897 96.925 96.93 97.025 97.117 97.287 97.245 97.415 97.84 97.632 97.55 97.54 97.517 97.512 97.55 97.49 97.412 97.382 97.337 97.35 97.335 97.335 97.318 97.312 97.319 97.347 97.35 97.351 97.349 97.349 97.339 97.368 97.374 97.387 97.402 97.419 97.412 97.415 97.427 97.45 97.467 97.475 97.512 97.582 97.615 97.665 97.73 97.767 97.825 97.912 97.977 98.06 98.152 98.245 98.352 98.47 98.545 98.657 98.735 98.822 98.915 98.99 99.055 99.127 99.205 99.257 99.327 99.347 99.377
96.642 96.712 96.747 96.775 96.797 96.83 96.827 96.9 97.012 97.125 96.86 97.247 97.8 97.537 97.46 97.462 97.417 97.412 97.432 97.372 97.327 97.282 97.25 97.195 97.202 97.167 97.185 97.183 97.201 97.21 97.205 97.195 97.216 97.236 97.232 97.237 97.252 97.274 97.278 97.285 97.29 97.287 97.297 97.315 97.347 97.355 97.377 97.46 97.49 97.54 97.58 97.645 97.687 97.782 97.845 97.945 98.025 98.13 98.237 98.365 98.44 98.515 98.625 98.71 98.795 98.897 98.955 99.047 99.112 99.142 99.202 99.26 99.295
96.572 96.577 96.637 96.65 96.715 96.74 96.73 96.797 96.93 97.002 96.572 97.545 97.732 97.47 97.36 97.322 97.29 97.33 97.305 97.247 97.19 97.17 97.125 97.082 97.075 97.092 97.056 97.08 97.087 97.105 97.083 97.097 97.094 97.099 97.121 97.121 97.126 97.159 97.144 97.15 97.137 97.14 97.175 97.175 97.21 97.26 97.28 97.312 97.372 97.417 97.437 97.505 97.552 97.65 97.74 97.812 97.902 98.015 98.115 98.232 98.32 98.417 98.527 98.622 98.712 98.795 98.865 98.97 99.005 99.045 99.107 99.16 99.207
96.47 96.502 96.545 96.577 96.63 96.597 96.615 96.675 96.792 96.945 96.475 97.28 97.555 97.382 97.255 97.24 97.222 97.227 97.207 97.145 97.097 97.057 97.045 96.987 96.937 96.96 96.929 96.922 96.947 96.942 96.955 96.956 96.963 96.972 96.964 96.964 96.979 96.994 97.001 97.015 97.027 97.025 97.045 97.052 97.06 97.122 97.15 97.185 97.225 97.285 97.342 97.39 97.44 97.51 97.585 97.685 97.795 97.885 98.002 98.11 98.227 98.332 98.425 98.517 98.627 98.687 98.77 98.86 98.91 98.96 99.015 99.042 99.13
96.41 96.417 96.447 96.467 96.502 96.47 96.515 96.582 96.715 96.89 96.787 97.722 97.685 97.252 97.17 97.112 97.077 97.11 97.117 97.04 96.992 96.94 96.905 96.842 96.807 96.827 96.825 96.799 96.788 96.802 96.796 96.828 96.83 96.813 96.838 96.838 96.838 96.855 96.877 96.882 96.9 96.915 96.92 96.962 96.98 96.975 97.005 97.07 97.125 97.165 97.227 97.297 97.32 97.41 97.475 97.585 97.657 97.78 97.875 98.005 98.115 98.23 98.302 98.41 98.52 98.595 98.655 98.772 98.827 98.895 98.94 98.985 99.04
96.275 96.31 96.362 96.375 96.395 96.387 96.38 96.44 96.607 96.772 96.812 97.412 97.442 97.132 97.057 96.985 96.96 96.995 96.992 96.897 96.88 96.812 96.792 96.722 96.712 96.672 96.666 96.662 96.685 96.68 96.696 96.679 96.685 96.677 96.697 96.715 96.712 96.732 96.765 96.735 96.78 96.797 96.8 96.822 96.84 96.847 96.872 96.945 96.995 97.06 97.115 97.175 97.222 97.302 97.372 97.465 97.54 97.672 97.787 97.897 98.015 98.13 98.23 98.325 98.417 98.507 98.582 98.655 98.725 98.802 98.86 98.922 98.952
