data/LIDAR-DSM-2M-NZ24se/nz2540_DSM_2M.asc
ncols 500
nrows 500
xllcorner    425000
yllcorner    540000
cellsize     2
NODATA_value -9999
[rows 0 to 31 of 500, columns 72 to 143 of 500]
72.088 72.005 71.905 71.825 71.688 71.583 71.478 71.435 71.348 71.243 71.16 71.09 71.038 70.963 70.86 70.77 70.67 70.613 70.54 70.425 70.338 70.233 70.145 70.133 70.105 70.073 70.033 70.003 70.025 70.08 70.058 69.968 69.803 69.705 69.61 69.545 69.555 69.525 69.5 69.445 69.408 69.353 69.315 69.258 69.183 69.15 69.128 69.15 69.16 69.19 69.108 68.708 68.25 67.55 66.77 66.23 65.605 63.333 62.845 61.658 61.838 62.573 60.688 60.663 60.598 60.505 60.473 60.425 60.395 60.38 60.413 60.423
72.055 71.965 71.888 71.785 71.688 71.578 71.52 71.45 71.385 71.305 71.225 71.163 71.073 70.985 70.86 70.788 70.715 70.623 70.51 70.435 70.318 70.263 70.193 70.16 70.105 70.058 70.003 69.985 70.01 70.038 70.048 70.018 69.89 69.765 69.65 69.565 69.545 69.565 69.54 69.463 69.403 69.37 69.365 69.273 69.213 69.188 69.143 69.175 69.13 69.17 69.16 68.923 68.698 68.34 67.6 67.858 66.838 64.178 62.865 61.893 61.21 60.965 60.808 60.8 60.753 60.498 60.475 60.408 60.353 60.368 60.403 60.418
72.06 71.988 71.863 71.773 71.685 71.65 71.553 71.493 71.423 71.37 71.303 71.205 71.09 70.995 70.895 70.83 70.73 70.623 70.533 70.418 70.358 70.3 70.228 70.155 70.093 70.038 70.02 70.025 70.013 70.018 70.04 70.043 69.948 69.81 69.698 69.613 69.538 69.565 69.563 69.565 69.433 69.383 69.355 69.258 69.235 69.22 69.158 69.128 69.123 69.153 69.245 69.145 68.945 68.718 68.288 67.513 66.37 64.92 63.448 63.238 62.358 61.053 60.878 60.888 60.903 60.55 60.415 60.385 60.363 60.355 60.37 60.388
72.065 71.965 71.878 71.788 71.74 71.678 71.6 71.53 71.473 71.413 71.353 71.25 71.12 71.008 70.95 70.863 70.713 70.655 70.55 70.475 70.413 70.34 70.223 70.145 70.068 70.053 70.035 70.03 69.998 70.035 70.02 70.03 69.99 69.905 69.808 69.665 69.563 69.528 69.568 69.558 69.5 69.368 69.338 69.275 69.248 69.193 69.148 69.135 69.11 69.18 69.225 69.233 69.06 68.823 68.653 68.17 67.023 65.425 63.858 62.58 61.933 61.108 60.838 60.743 60.82 60.553 60.403 60.375 60.363 60.368 60.353 60.365
72.07 71.978 71.885 71.845 71.775 71.698 71.658 71.585 71.518 71.468 71.373 71.258 71.155 71.085 70.98 70.835 70.758 70.653 70.575 70.523 70.428 70.335 70.228 70.153 70.103 70.078 70.055 70.033 70.018 70.02 70.038 69.998 70.018 69.975 69.818 69.725 69.588 69.52 69.548 69.535 69.46 69.335 69.298 69.295 69.23 69.178 69.143 69.108 69.153 69.208 69.238 69.268 71.45 69.428 68.75 68.285 67.145 65.66 64.245 63.598 63.038 61.218 60.95 60.6 60.56 60.538 60.413 60.395 60.348 60.37 60.36 60.388
72.063 72 71.958 71.908 71.823 71.743 71.693 71.643 71.565 71.483 71.4 71.308 71.25 71.118 70.975 70.868 70.765 70.698 70.638 70.525 70.445 70.348 70.258 70.193 70.135 70.108 70.073 70.06 70.015 70.035 70.033 70.02 70.098 70.053 69.875 69.758 69.648 69.548 69.495 69.523 69.465 69.408 69.328 69.278 69.22 69.155 69.14 69.135 69.17 69.195 69.228 69.43 69.945 69.035 68.795 68.458 67.433 66.365 65.333 64.148 62.15 61.288 61.158 60.573 60.573 60.583 60.778 60.358 60.34 60.378 60.363 60.388
72.12 72.07 72.018 71.93 71.838 71.803 71.733 71.653 71.585 71.505 71.41 71.348 71.28 71.11 70.998 70.888 70.835 70.735 70.633 70.553 70.438 70.338 70.275 70.215 70.16 70.13 70.105 70.06 70.053 70.04 70.053 70.05 70.083 70.083 69.948 69.788 69.663 69.575 69.485 69.485 69.45 69.395 69.31 69.24 69.193 69.155 69.215 69.19 69.185 69.16 69.22 69.268 69.245 69.093 68.95 68.638 68.108 66.668 65.105 63.623 63.05 61.655 60.81 60.53 60.575 62.685 61.053 60.345 60.345 60.345 60.35 60.348
72.153 72.105 72.045 71.998 71.925 71.853 71.77 71.668 71.608 71.52 71.475 71.36 71.248 71.148 71.043 70.965 70.88 70.77 70.645 70.55 70.445 70.393 70.32 70.258 70.205 70.158 70.125 70.09 70.078 70.053 70.038 70.043 70.018 70.063 70.018 69.848 69.718 69.623 69.513 69.46 69.468 69.395 69.285 69.218 69.203 69.233 69.243 69.235 69.188 69.195 69.228 69.26 69.275 69.285 69.043 68.82 68.128 66.81 65.93 63.753 64.38 62.453 60.873 60.538 60.455 60.555 60.353 60.355 60.395 60.348 60.333 60.32
72.198 72.13 72.105 72.053 71.978 71.873 71.793 71.708 71.64 71.585 71.46 71.328 71.24 71.158 71.115 71.005 70.895 70.788 70.658 70.553 70.478 70.408 70.343 70.29 70.233 70.198 70.16 70.13 70.105 70.06 70.043 69.955 70.008 70.06 70.035 69.89 69.738 69.65 69.58 69.448 69.453 69.415 69.263 69.263 69.265 69.3 69.265 69.27 69.298 69.278 69.243 69.298 69.283 69.31 69.188 68.923 68.198 67.145 65.653 65.94 63.598 62.118 61.023 60.555 60.4 60.403 60.375 60.375 60.378 60.375 60.338 60.338
72.218 72.18 72.125 72.075 71.998 71.898 71.828 71.773 71.71 71.563 71.443 71.345 71.25 71.21 71.15 71.043 70.928 70.798 70.68 70.595 70.523 70.443 70.393 70.345 70.293 70.253 70.203 70.178 70.14 70.065 69.968 69.94 69.98 70.025 69.975 69.88 69.783 69.693 69.623 69.51 69.443 69.463 69.358 69.345 69.33 69.355 69.333 69.328 69.358 69.3 69.293 69.263 69.293 69.32 69.373 69.123 68.4 68.228 67.163 66.095 65.68 62.295 61.263 60.518 60.37 60.338 60.35 60.34 60.36 60.37 60.33 60.333
72.238 72.208 72.148 72.068 72.003 71.93 71.86 71.813 71.675 71.535 71.435 71.355 71.313 71.248 71.16 71.04 70.935 70.82 70.735 70.633 70.56 70.49 70.433 70.37 70.355 70.315 70.255 70.215 70.158 70.013 69.988 69.963 69.948 69.95 69.925 69.898 69.858 69.73 69.678 69.563 69.455 69.448 69.503 69.45 69.425 69.408 69.393 69.408 69.368 69.345 69.313 69.295 69.323 69.29 69.393 69.258 69.153 69.313 67.988 65.425 64.645 62.708 62.725 60.705 60.48 60.335 60.273 60.278 60.315 60.36 60.328 60.295
72.295 72.248 72.173 72.06 71.995 71.973 71.923 71.77 71.65 71.54 71.46 71.42 71.368 71.248 71.15 71.04 70.98 70.888 70.805 70.693 70.635 70.558 70.483 70.44 70.385 70.343 70.295 70.21 70.123 70.043 70.02 70 69.908 69.915 69.953 69.933 69.873 69.778 69.695 69.598 69.503 69.415 69.52 69.503 69.493 69.523 69.495 69.4 69.37 69.353 69.348 69.353 69.3 69.27 69.323 69.485 69.7 69.57 68.055 66.058 65.84 63.07 63.898 62.303 60.613 60.34 60.268 60.243 60.273 60.328 60.285 60.263
72.3 72.223 72.165 72.058 72.025 72 71.87 71.755 71.65 71.568 71.515 71.438 71.363 71.253 71.138 71.085 71 70.943 70.88 70.83 70.72 70.628 70.58 70.503 70.423 70.373 70.3 70.203 70.145 70.125 70.078 69.998 69.92 69.91 69.94 69.938 69.873 69.835 69.723 69.635 69.54 69.418 69.46 69.5 69.56 69.57 69.515 69.415 69.395 69.375 69.383 69.383 69.305 69.28 69.29 69.37 68.96 68.355 68.75 66.473 68.085 64.36 63.795 62.255 60.423 60.348 60.268 60.21 60.233 60.27 60.268 60.22
72.278 72.203 72.155 72.118 72.088 71.938 71.845 71.735 71.678 71.63 71.548 71.44 71.333 71.235 71.175 71.125 71.043 71.01 70.948 70.858 70.808 70.713 70.64 70.545 70.458 70.4 70.295 70.245 70.223 70.18 70.09 69.995 69.95 69.915 69.9 69.91 69.888 69.825 69.76 69.685 69.59 69.455 69.415 69.533 69.583 69.543 69.51 69.433 69.4 69.39 69.418 69.385 69.305 69.3 69.29 69.36 69.125 68.473 67.82 67.395 67.035 66.063 65.743 63.528 60.585 60.383 60.278 60.208 60.178 60.213 60.208 60.188
72.29 72.21 72.17 72.143 72.035 71.925 71.848 71.775 71.713 71.66 71.563 71.473 71.368 71.278 71.215 71.148 71.133 71.055 71.023 70.968 70.93 70.845 70.723 70.598 70.51 70.413 70.32 70.313 70.273 70.193 70.093 70.04 69.968 69.93 69.908 69.868 69.845 69.825 69.793 69.743 69.643 69.523 69.393 69.468 69.553 69.58 69.523 69.445 69.453 69.46 69.453 69.435 69.37 69.29 69.31 69.35 69.36 68.715 67.735 66.515 65.823 67.738 65.853 62.15 60.71 60.43 60.368 60.243 60.173 60.145 60.178 60.148
72.3 72.24 72.193 72.098 72.018 71.91 71.845 71.798 71.758 71.69 71.595 71.48 71.433 71.35 71.255 71.235 71.18 71.118 71.065 71.043 70.995 70.91 70.775 70.655 70.503 70.435 70.41 70.348 70.303 70.21 70.14 70.078 70.023 69.98 69.94 69.878 69.848 69.83 69.778 69.75 69.703 69.593 69.455 69.41 69.523 69.588 69.545 69.53 69.498 69.498 69.475 69.485 69.43 69.338 69.303 69.353 69.423 68.948 67.863 66.58 65.698 64.978 63.103 61.893 60.993 60.55 60.425 60.27 60.2 60.163 60.118 60.075
72.32 72.27 72.165 72.095 71.988 71.945 71.888 71.825 71.765 71.673 71.593 71.54 71.483 71.423 71.358 71.263 71.2 71.15 71.108 71.07 71.028 70.948 70.82 70.665 70.58 70.54 70.453 70.37 70.28 70.24 70.183 70.153 70.095 70.015 69.965 69.898 69.883 69.83 69.808 69.803 69.725 69.66 69.52 69.413 69.47 69.558 69.553 69.553 69.528 69.523 69.528 69.505 69.475 69.383 69.325 69.373 69.483 69.148 67.925 66.845 65.948 64.72 63.535 62.343 61.223 60.613 60.47 60.335 60.23 60.19 60.098 60.045
72.36 72.248 72.16 72.073 72.018 71.95 71.915 71.853 71.775 71.678 71.635 71.613 71.538 71.51 71.395 71.32 71.28 71.203 71.17 71.135 71.065 70.973 70.855 70.785 70.725 70.615 70.478 70.39 70.325 70.273 70.255 70.208 70.148 70.073 70.033 69.943 69.923 69.893 69.875 69.87 69.818 69.713 69.58 69.468 69.423 69.53 69.583 69.575 69.535 69.545 69.57 69.533 69.503 69.41 69.375 69.413 69.423 69.025 68.003 67.14 66.555 65.723 65.055 63.353 61.75 60.823 60.545 60.403 60.253 60.17 60.098 60
72.368 72.25 72.158 72.1 72.078 72.005 71.943 71.868 71.798 71.73 71.675 71.655 71.608 71.55 71.445 71.408 71.345 71.275 71.195 71.163 71.063 70.963 70.903 70.885 70.76 70.645 70.515 70.435 70.373 70.33 70.305 70.293 70.225 70.17 70.1 70.02 69.98 69.945 69.94 69.97 69.898 69.758 69.633 69.518 69.453 69.483 69.59 69.595 69.568 69.563 69.568 69.548 69.538 69.458 69.443 69.468 69.32 68.89 68.283 67.713 67.668 67.228 67.325 65.01 62.54 61.253 60.75 60.503 60.383 60.265 60.168 60.05
72.33 72.263 72.19 72.138 72.08 72.02 71.945 71.89 71.83 71.78 71.725 71.695 71.648 71.603 71.525 71.468 71.42 71.33 71.25 71.183 71.063 71.043 71.018 70.92 70.79 70.698 70.575 70.498 70.448 70.385 70.363 70.32 70.28 70.228 70.165 70.123 70.05 70.04 70.075 70.018 69.988 69.88 69.708 69.57 69.473 69.46 69.543 69.568 69.58 69.578 69.6 69.6 69.608 69.515 69.5 69.42 69.448 69.418 69.11 68.498 67.36 66.585 66.26 64.928 62.97 61.89 61.085 60.76 60.598 60.398 60.255 60.195
72.335 72.278 72.223 72.148 72.115 72.015 71.968 71.938 71.873 71.8 71.768 71.688 71.635 71.62 71.585 71.535 71.463 71.418 71.31 71.203 71.158 71.12 71.01 70.915 70.835 70.753 70.668 70.57 70.508 70.428 70.41 70.36 70.338 70.3 70.24 70.228 70.168 70.168 70.115 70.07 70.025 69.983 69.775 69.628 69.543 69.485 69.513 69.53 69.585 69.595 69.628 69.633 69.553 69.53 69.44 69.403 69.475 69.475 69.388 68.878 67.973 66.903 65.87 64.913 63.348 63.67 61.61 61.043 60.753 60.508 60.403 60.965
72.39 72.29 72.235 72.165 72.108 72.058 72.013 71.95 71.878 71.85 71.795 71.718 71.673 71.635 71.618 71.588 71.553 71.45 71.345 71.288 71.233 71.118 71.025 70.9 70.858 70.808 70.748 70.623 70.568 70.523 70.485 70.405 70.358 70.32 70.305 70.325 70.308 70.223 70.195 70.113 70.133 70.088 69.868 69.703 69.61 69.5 69.525 69.62 69.645 69.628 69.64 69.6 69.573 69.603 69.463 69.46 69.5 69.48 69.445 69.248 68.513 67.465 66.008 64.815 63.603 63.543 61.605 61.123 60.91 60.743 60.693 62.053
72.368 72.3 72.248 72.158 72.13 72.098 72.035 71.973 71.953 71.898 71.81 71.758 71.71 71.695 71.66 71.63 71.575 71.508 71.433 71.37 71.255 71.138 71.013 70.958 70.918 70.843 70.77 70.73 70.67 70.623 70.525 70.443 70.4 70.37 70.425 70.418 70.365 70.313 70.23 70.215 70.23 70.185 70.02 69.768 69.628 69.548 69.543 69.638 69.71 69.675 69.663 69.648 69.653 69.663 69.555 69.45 69.51 69.455 69.405 69.31 68.845 67.203 66.038 64.923 63.908 63.055 61.91 61.205 61.098 60.973 60.755 60.508
72.37 72.29 72.243 72.21 72.165 72.11 72.063 72.013 71.953 71.918 71.863 71.808 71.758 71.735 71.713 71.635 71.578 71.55 71.508 71.395 71.28 71.155 71.078 71.013 70.94 70.903 70.84 70.828 70.758 70.673 70.563 70.495 70.443 70.448 70.48 70.455 70.418 70.328 70.328 70.323 70.268 70.263 70.16 69.898 69.73 69.623 69.578 69.583 69.72 69.695 69.653 69.658 69.658 69.563 69.533 69.353 69.443 69.528 69.49 69.223 68.808 67.658 66.405 64.975 64.123 63.105 62.048 61.363 61.233 61.21 60.975 60.648
72.353 72.298 72.273 72.24 72.203 72.153 72.108 72.055 71.99 71.938 71.9 71.863 71.808 71.775 71.683 71.653 71.635 71.605 71.478 71.403 71.283 71.208 71.123 71.055 70.995 70.963 70.905 70.88 70.8 70.713 70.635 70.545 70.53 70.52 70.505 70.47 70.443 70.455 70.415 70.378 70.36 70.328 70.25 70.05 69.788 69.685 69.64 69.588 69.725 69.773 69.7 69.675 69.623 69.63 69.61 69.443 69.458 69.535 69.5 69.205 68.435 68.973 69.578 65.248 64.31 63.303 62.46 61.478 61.253 61.213 61.048 60.773
72.365 72.348 72.333 72.298 72.223 72.18 72.125 72.068 72.03 71.988 71.943 71.9 71.875 71.78 71.725 71.69 71.638 71.543 71.488 71.395 71.338 71.248 71.183 71.1 71.05 71.013 70.97 70.905 70.805 70.735 70.663 70.643 70.645 70.55 70.5 70.473 70.5 70.513 70.505 70.468 70.418 70.38 70.345 70.255 69.96 69.74 69.665 69.618 69.68 69.823 69.743 69.7 69.675 69.65 69.595 69.538 69.493 69.56 69.56 69.188 68.168 68.13 67.315 66.855 64.875 63.403 62.3 61.548 61.303 61.173 61.12 60.868
72.433 72.383 72.345 72.315 72.265 72.2 72.145 72.123 72.07 72 71.993 71.948 71.873 71.828 71.8 71.7 71.588 71.553 71.49 71.415 71.368 71.305 71.21 71.145 71.115 71.068 71.003 70.905 70.838 70.808 70.798 70.745 70.685 70.608 70.513 70.558 70.533 70.565 70.56 70.543 70.473 70.455 70.415 70.358 70.238 69.823 69.71 69.683 69.668 69.765 69.838 69.773 69.74 69.668 69.65 69.615 69.538 69.623 69.645 69.268 68.183 67.338 67.638 68.063 67.625 63.973 62.655 61.648 61.408 61.28 61.203 61.03
72.46 72.415 72.353 72.325 72.27 72.258 72.21 72.16 72.103 72.063 72.033 71.985 71.905 71.883 71.81 71.698 71.598 71.563 71.503 71.445 71.395 71.308 71.245 71.213 71.175 71.098 71.003 70.915 70.86 70.853 70.823 70.793 70.695 70.65 70.64 70.61 70.6 70.623 70.628 70.56 70.538 70.47 70.468 70.448 70.378 70.05 69.78 69.708 69.7 69.708 69.858 69.873 69.813 69.753 69.7 69.64 69.598 69.6 69.63 69.578 68.79 67.87 67.863 69.065 67.298 63.26 62.665 61.785 61.518 61.34 61.253 61.115
72.47 72.42 72.355 72.355 72.315 72.308 72.233 72.183 72.143 72.113 72.055 71.995 71.98 71.9 71.815 71.705 71.625 71.563 71.508 71.463 71.413 71.368 71.318 71.263 71.178 71.098 71.028 70.97 71 70.915 70.84 70.805 70.753 70.775 70.693 70.655 70.67 70.628 70.61 70.583 70.535 70.508 70.508 70.495 70.415 70.338 69.918 69.745 69.72 69.738 69.803 69.925 69.895 69.838 69.775 69.748 69.7 69.65 69.643 69.653 69.23 68.273 67.498 67.073 66.215 63.193 62.315 62.06 61.658 61.453 61.315 61.185
72.5 72.445 72.398 72.39 72.345 72.303 72.265 72.23 72.2 72.123 72.09 72.063 71.955 71.88 71.825 71.735 71.655 71.6 71.515 71.468 71.405 71.42 71.34 71.27 71.198 71.133 71.055 71.07 71.023 70.933 70.873 70.828 70.83 70.81 70.753 70.74 70.695 70.665 70.645 70.585 70.555 70.548 70.555 70.52 70.465 70.42 70.148 69.773 69.733 69.728 69.743 69.873 69.895 69.885 69.86 69.81 69.81 69.773 69.718 69.663 69.358 68.75 67.488 65.963 65.133 64.775 62.248 62.09 61.808 61.628 61.498 61.358
72.518 72.46 72.468 72.423 72.378 72.33 72.323 72.258 72.213 72.145 72.143 72.023 71.93 71.898 71.823 71.783 72.59 71.64 71.545 71.485 71.428 71.393 71.355 71.31 71.233 71.16 71.173 71.118 71.058 70.99 70.943 70.913 70.863 70.863 70.868 70.815 70.775 70.728 70.68 70.628 70.62 70.59 70.573 70.56 70.523 70.438 70.298 69.9 69.763 69.725 69.745 69.745 69.845 69.903 69.958 69.943 69.915 69.833 69.803 69.655 69.395 68.825 67.628 65.99 64.885 63.483 62.438 62.573 61.918 61.733 61.603 61.46
72.555 72.53 72.503 72.448 72.395 72.368 72.328 72.28 72.223 72.203 72.1 72.013 71.938 71.888 71.838 71.76 72.615 71.648 71.583 71.533 71.428 71.38 71.37 71.315 71.253 71.253 71.218 71.15 71.065 71.048 71.038 70.968 70.938 70.925 70.875 70.895 70.835 70.785 70.74 70.728 70.713 70.708 70.628 70.568 70.493 70.395 70.315 70.063 69.83 69.763 69.745 69.735 69.785 69.928 70.018 70.003 69.925 69.88 69.813 69.698 69.378 68.765 67.655 66.15 64.915 63.475 62.63 62.41 62.023 61.81 61.668 61.518
