data/LIDAR-DSM-2M-NZ24se/nz2544_DSM_2M.asc
ncols 500
nrows 500
xllcorner    425000
yllcorner    544000
cellsize     2
NODATA_value -9999
[rows 0 to 30 of 500, columns 414 to 482 of 500]
105.565 105.355 105.19 104.99 104.797 104.645 104.487 104.332 104.212 104.107 104.012 103.925 103.847 103.792 103.732 103.68 103.677 103.66 103.622 103.612 103.635 103.632 103.652 103.675 103.747 103.775 103.86 103.942 104 104.065 104.165 104.25 104.327 104.35 104.362 104.372 104.408 104.383 104.335 104.255 104.188 104.088 103.985 103.868 103.7 103.573 103.418 103.288 103.128 102.963 102.795 102.633 102.435 102.303 102.17 102.038 101.898 101.775 101.655 101.548 101.478 101.433 101.388 101.34 101.335 101.313 101.265 101.248 101.248
105.57 105.385 105.2 105.01 104.822 104.63 104.467 104.33 104.205 104.092 104.007 103.895 103.842 103.8 103.757 103.697 103.665 103.62 103.627 103.68 103.662 103.645 103.675 103.7 103.757 103.79 103.87 103.955 104.057 104.14 104.235 104.31 104.355 104.385 104.427 104.435 104.43 104.413 104.348 104.29 104.185 104.08 103.943 103.85 103.693 103.548 103.408 103.228 103.083 102.918 102.77 102.63 102.453 102.275 102.135 102.038 101.903 101.783 101.68 101.62 101.54 101.458 101.42 101.368 101.353 101.335 101.298 101.288 101.288
105.612 105.422 105.22 105.01 104.812 104.637 104.48 104.33 104.195 104.095 103.99 103.922 103.85 103.8 103.772 103.7 103.677 103.69 103.685 103.67 103.627 103.65 103.71 103.73 103.775 103.83 103.945 104.05 104.15 104.235 104.27 104.337 104.385 104.44 104.46 104.48 104.468 104.4 104.35 104.305 104.185 104.09 103.96 103.825 103.685 103.52 103.333 103.178 103.02 102.853 102.703 102.57 102.433 102.293 102.165 102.025 101.865 101.775 101.723 101.643 101.568 101.49 101.465 101.425 101.398 101.373 101.355 101.34 101.353
105.675 105.457 105.235 105.032 104.852 104.685 104.487 104.335 104.185 104.092 104.022 103.945 103.857 103.787 103.75 103.755 103.745 103.692 103.687 103.687 103.692 103.705 103.705 103.757 103.822 103.892 104.012 104.11 104.16 104.237 104.307 104.41 104.445 104.467 104.505 104.5 104.493 104.415 104.378 104.28 104.208 104.068 103.943 103.803 103.643 103.49 103.3 103.153 102.99 102.81 102.658 102.525 102.385 102.265 102.135 102.01 101.873 101.8 101.728 101.653 101.623 101.553 101.475 101.453 101.425 101.395 101.365 101.363 101.375
105.727 105.495 105.282 105.095 104.887 104.692 104.515 104.37 104.23 104.142 104.045 103.955 103.88 103.845 103.78 103.79 103.76 103.72 103.722 103.72 103.737 103.725 103.775 103.855 103.93 103.975 104.05 104.13 104.227 104.295 104.365 104.42 104.472 104.5 104.527 104.525 104.493 104.435 104.393 104.288 104.19 104.035 103.863 103.75 103.603 103.455 103.265 103.093 102.938 102.785 102.635 102.493 102.33 102.21 102.103 102.008 101.908 101.813 101.75 101.678 101.608 101.57 101.515 101.495 101.44 101.415 101.38 101.348 101.345
105.777 105.54 105.345 105.125 104.915 104.732 104.575 104.442 104.3 104.17 104.06 103.987 103.935 103.865 103.815 103.787 103.76 103.765 103.772 103.75 103.767 103.805 103.847 103.88 103.95 104.002 104.082 104.182 104.285 104.33 104.405 104.475 104.49 104.52 104.515 104.53 104.498 104.42 104.343 104.258 104.125 103.973 103.825 103.715 103.57 103.405 103.22 103.06 102.923 102.753 102.58 102.423 102.313 102.213 102.09 101.985 101.91 101.828 101.763 101.67 101.588 101.565 101.548 101.518 101.445 101.403 101.383 101.335 101.35
105.822 105.61 105.357 105.137 104.972 104.797 104.645 104.492 104.322 104.235 104.122 103.997 103.937 103.932 103.862 103.822 103.767 103.752 103.792 103.782 103.817 103.84 103.882 103.915 103.98 104.045 104.112 104.202 104.287 104.362 104.46 104.487 104.527 104.54 104.537 104.512 104.44 104.403 104.315 104.215 104.088 103.935 103.818 103.648 103.525 103.36 103.2 103.043 102.878 102.668 102.548 102.398 102.283 102.175 102.1 101.995 101.915 101.8 101.77 101.683 101.643 101.613 101.558 101.49 101.443 101.455 101.4 101.35 101.355
105.857 105.647 105.44 105.23 105.03 104.845 104.667 104.535 104.41 104.292 104.15 104.037 103.975 103.932 103.847 103.842 103.807 103.8 103.81 103.84 103.842 103.88 103.897 103.917 104.025 104.072 104.17 104.257 104.34 104.412 104.475 104.522 104.547 104.555 104.537 104.5 104.448 104.383 104.295 104.163 104.018 103.908 103.773 103.62 103.465 103.315 103.148 102.978 102.828 102.67 102.513 102.4 102.283 102.195 102.098 102.015 101.923 101.815 101.82 101.753 101.703 101.64 101.62 101.553 101.528 101.49 101.44 101.425 101.435
105.9 105.725 105.5 105.312 105.08 104.895 104.777 104.625 104.442 104.287 104.215 104.1 104.002 103.935 103.857 103.872 103.835 103.862 103.882 103.852 103.882 103.902 103.92 103.975 104.075 104.145 104.235 104.292 104.372 104.447 104.462 104.525 104.562 104.557 104.525 104.482 104.43 104.333 104.238 104.12 104.015 103.87 103.718 103.585 103.425 103.258 103.1 102.948 102.813 102.653 102.535 102.405 102.28 102.188 102.068 102.003 101.923 101.87 101.845 101.783 101.72 101.658 101.643 101.583 101.548 101.513 101.5 101.503 101.488
105.96 105.755 105.532 105.355 105.185 105.005 104.785 104.662 104.47 104.32 104.247 104.132 104.042 103.965 103.907 103.897 103.875 103.907 103.91 103.89 103.92 103.942 103.977 104.04 104.112 104.16 104.232 104.305 104.395 104.435 104.497 104.535 104.56 104.527 104.515 104.457 104.378 104.298 104.203 104.095 103.985 103.833 103.69 103.533 103.395 103.253 103.103 102.935 102.798 102.688 102.545 102.375 102.238 102.14 102.038 102.015 101.993 101.88 101.838 101.783 101.765 101.698 101.648 101.593 101.595 101.538 101.555 101.558 101.575
105.975 105.795 105.595 105.402 105.235 105.05 104.857 104.682 104.507 104.357 104.252 104.167 104.075 103.985 103.92 103.917 103.925 103.93 103.917 103.952 103.982 103.992 104.012 104.092 104.152 104.182 104.275 104.342 104.402 104.475 104.542 104.552 104.545 104.502 104.485 104.445 104.373 104.285 104.183 104.068 103.92 103.79 103.658 103.508 103.383 103.235 103.073 102.945 102.798 102.658 102.5 102.365 102.268 102.18 102.105 102.063 101.968 101.87 101.848 101.82 101.805 101.745 101.715 101.683 101.658 101.638 101.63 101.645 101.658
106.025 105.865 105.707 105.46 105.275 105.082 104.89 104.707 104.552 104.402 104.3 104.242 104.12 104.04 103.975 103.932 103.94 103.935 103.97 103.98 103.995 104.017 104.045 104.085 104.135 104.235 104.307 104.35 104.41 104.485 104.537 104.507 104.507 104.515 104.472 104.42 104.36 104.285 104.163 104.04 103.89 103.765 103.605 103.465 103.338 103.205 103.07 102.94 102.765 102.62 102.503 102.393 102.318 102.228 102.11 102.03 101.975 101.943 101.893 101.87 101.85 101.825 101.773 101.765 101.75 101.738 101.725 101.755 101.773
106.077 105.915 105.717 105.5 105.312 105.115 104.947 104.762 104.607 104.472 104.355 104.28 104.147 104.057 104.002 103.977 103.972 104.017 104.052 104.052 104.03 104.01 104.042 104.05 104.142 104.227 104.312 104.38 104.437 104.475 104.525 104.522 104.53 104.51 104.475 104.44 104.335 104.248 104.128 103.978 103.863 103.738 103.61 103.443 103.328 103.188 103.028 102.875 102.753 102.658 102.538 102.415 102.325 102.225 102.125 102.078 102.038 101.985 101.958 101.935 101.928 101.898 101.868 101.868 101.88 101.858 101.87 101.87 101.915
106.127 105.952 105.72 105.532 105.34 105.177 104.982 104.815 104.657 104.525 104.41 104.302 104.185 104.095 104.072 104.042 104.132 104.215 104.225 104.14 104.09 104.06 104.057 104.1 104.177 104.24 104.335 104.422 104.452 104.472 104.517 104.552 104.555 104.535 104.502 104.415 104.32 104.22 104.075 103.968 103.843 103.708 103.55 103.415 103.285 103.145 102.968 102.853 102.78 102.663 102.558 102.428 102.33 102.24 102.178 102.128 102.093 102.063 102.035 102.023 102.028 102.013 102.013 101.995 102 101.988 101.988 102.043 102.093
106.165 105.992 105.757 105.567 105.397 105.24 105.052 104.877 104.702 104.555 104.43 104.327 104.215 104.105 104.147 104.13 104.11 104.062 104.097 104.21 104.282 104.175 104.15 104.195 104.227 104.3 104.377 104.427 104.47 104.495 104.53 104.572 104.572 104.545 104.465 104.39 104.315 104.198 104.06 103.95 103.79 103.66 103.508 103.343 103.213 103.1 102.99 102.903 102.79 102.668 102.56 102.465 102.363 102.293 102.248 102.213 102.16 102.135 102.165 102.163 102.148 102.13 102.148 102.148 102.145 102.17 102.195 102.203 102.238
106.18 106.012 105.84 105.627 105.475 105.275 105.055 104.89 104.745 104.602 104.5 104.362 104.26 104.215 104.212 104.225 104.11 104.06 104.067 104.062 104.245 104.24 104.187 104.227 104.252 104.322 104.4 104.462 104.517 104.557 104.57 104.57 104.565 104.545 104.455 104.377 104.295 104.185 104.043 103.915 103.748 103.583 103.433 103.323 103.208 103.095 103.003 102.898 102.763 102.675 102.553 102.498 102.45 102.375 102.318 102.283 102.275 102.265 102.28 102.27 102.265 102.26 102.295 102.293 102.313 102.325 102.343 102.37 102.418
106.24 106.057 105.87 105.652 105.49 105.297 105.092 104.91 104.765 104.655 104.515 104.405 104.352 104.28 104.272 104.275 104.12 104.045 104.122 104.122 104.23 104.15 104.142 104.207 104.26 104.355 104.417 104.507 104.577 104.595 104.607 104.605 104.582 104.522 104.465 104.387 104.278 104.135 104.005 103.875 103.693 103.535 103.413 103.298 103.198 103.073 102.98 102.86 102.765 102.693 102.62 102.57 102.52 102.448 102.4 102.393 102.4 102.405 102.408 102.38 102.408 102.423 102.438 102.453 102.448 102.475 102.523 102.555 102.623
106.272 106.12 105.92 105.682 105.495 105.302 105.127 104.95 104.777 104.647 104.52 104.392 104.31 104.22 104.217 104.337 104.207 104.1 104.167 104.282 104.047 104.087 104.147 104.227 104.335 104.465 104.492 104.56 104.615 104.64 104.612 104.587 104.535 104.515 104.42 104.352 104.228 104.085 103.963 103.815 103.665 103.525 103.403 103.28 103.185 103.05 102.973 102.885 102.795 102.748 102.693 102.64 102.585 102.53 102.533 102.508 102.498 102.54 102.548 102.525 102.543 102.593 102.603 102.583 102.633 102.675 102.71 102.738 102.765
106.297 106.107 105.94 105.7 105.527 105.3 105.117 104.952 104.78 104.602 104.495 104.347 104.242 104.16 104.127 104.145 104.217 104.24 104.242 104.192 104.05 104.105 104.197 104.312 104.432 104.53 104.577 104.627 104.657 104.637 104.652 104.607 104.547 104.48 104.395 104.305 104.168 104.065 103.943 103.783 103.623 103.518 103.383 103.263 103.15 103.075 103 102.92 102.835 102.805 102.753 102.73 102.658 102.61 102.633 102.648 102.683 102.675 102.683 102.703 102.705 102.725 102.75 102.775 102.825 102.858 102.883 102.938 103.028
106.325 106.16 105.955 105.725 105.52 105.315 105.135 104.932 104.757 104.595 104.465 104.34 104.187 104.09 104.04 104.097 104.087 104.045 104.062 104.05 104.06 104.152 104.287 104.42 104.505 104.58 104.617 104.645 104.682 104.685 104.667 104.605 104.552 104.477 104.36 104.26 104.163 104.05 103.885 103.75 103.618 103.498 103.385 103.258 103.153 103.088 103.015 102.945 102.9 102.848 102.815 102.793 102.75 102.773 102.753 102.788 102.79 102.805 102.81 102.823 102.84 102.898 102.92 102.95 103.003 103.04 103.098 103.148 103.218
106.367 106.155 105.925 105.725 105.512 105.302 105.135 104.937 104.785 104.615 104.477 104.332 104.177 104.095 104.05 104.122 104.11 104.03 104.11 104.11 104.147 104.265 104.392 104.48 104.517 104.6 104.657 104.672 104.72 104.702 104.655 104.587 104.512 104.462 104.377 104.247 104.118 103.993 103.828 103.73 103.613 103.5 103.393 103.25 103.155 103.105 103.025 102.99 102.933 102.883 102.863 102.895 102.883 102.895 102.913 102.915 102.918 102.915 102.95 102.995 102.99 103.028 103.063 103.113 103.183 103.26 103.3 103.333 103.4
106.355 106.16 105.932 105.722 105.51 105.29 105.142 104.995 104.817 104.63 104.47 104.32 104.222 104.077 104.045 104.09 104.147 104.04 104.087 104.167 104.245 104.335 104.457 104.51 104.577 104.652 104.712 104.712 104.682 104.7 104.662 104.592 104.495 104.442 104.34 104.17 104.08 103.948 103.83 103.723 103.62 103.503 103.41 103.278 103.185 103.13 103.038 102.993 102.983 102.978 102.97 102.968 102.99 102.983 103.01 103.005 103.025 103.063 103.123 103.133 103.168 103.213 103.25 103.32 103.368 103.428 103.483 103.52 103.59
106.36 106.13 105.935 105.742 105.52 105.337 105.182 104.96 104.812 104.635 104.495 104.377 104.262 104.17 104.11 104.06 104.06 104.077 104.16 104.232 104.315 104.397 104.492 104.567 104.655 104.705 104.732 104.71 104.695 104.697 104.685 104.585 104.47 104.365 104.265 104.155 104.065 103.94 103.823 103.728 103.62 103.53 103.4 103.298 103.24 103.15 103.088 103.035 103.043 103.038 103.055 103.08 103.105 103.125 103.12 103.158 103.18 103.233 103.245 103.31 103.34 103.39 103.44 103.475 103.535 103.59 103.645 103.698 103.773
106.327 106.137 105.965 105.762 105.55 105.365 105.165 104.985 104.795 104.635 104.497 104.402 104.295 104.245 104.212 104.142 104.067 104.152 104.227 104.3 104.342 104.44 104.54 104.607 104.68 104.687 104.72 104.717 104.742 104.725 104.662 104.525 104.445 104.37 104.277 104.18 104.07 103.933 103.828 103.738 103.613 103.53 103.405 103.323 103.25 103.178 103.143 103.11 103.085 103.14 103.138 103.185 103.21 103.243 103.26 103.288 103.328 103.363 103.415 103.463 103.515 103.578 103.6 103.648 103.693 103.738 103.795 103.888 103.98
106.372 106.175 105.97 105.775 105.565 105.375 105.185 104.965 104.795 104.6 104.497 104.427 104.36 104.297 104.272 104.212 104.197 104.25 104.295 104.36 104.397 104.467 104.545 104.612 104.655 104.69 104.745 104.765 104.747 104.68 104.63 104.52 104.46 104.372 104.242 104.125 104.033 103.905 103.813 103.733 103.625 103.515 103.423 103.333 103.243 103.215 103.195 103.18 103.18 103.19 103.238 103.27 103.313 103.335 103.365 103.438 103.493 103.513 103.575 103.603 103.655 103.69 103.735 103.775 103.838 103.943 104 104.06 104.105
106.367 106.17 105.97 105.787 105.572 105.372 105.175 104.945 104.755 104.612 104.55 104.442 104.372 104.35 104.327 104.275 104.277 104.297 104.352 104.39 104.427 104.505 104.547 104.61 104.687 104.697 104.755 104.725 104.717 104.652 104.627 104.542 104.462 104.335 104.187 104.137 104.008 103.903 103.815 103.7 103.608 103.508 103.458 103.358 103.3 103.293 103.28 103.273 103.27 103.275 103.348 103.365 103.398 103.428 103.495 103.585 103.608 103.648 103.713 103.76 103.8 103.835 103.863 103.953 104.035 104.105 104.15 104.215 104.3
106.365 106.177 106 105.787 105.582 105.36 105.13 104.922 104.78 104.632 104.597 104.48 104.41 104.38 104.332 104.317 104.345 104.33 104.355 104.395 104.45 104.545 104.58 104.627 104.702 104.707 104.73 104.732 104.725 104.682 104.612 104.512 104.402 104.302 104.205 104.072 103.985 103.895 103.803 103.678 103.605 103.545 103.473 103.41 103.385 103.333 103.308 103.318 103.378 103.38 103.405 103.47 103.52 103.575 103.655 103.688 103.718 103.785 103.828 103.895 103.935 104.005 104.045 104.128 104.17 104.21 104.323 104.375 104.443
106.407 106.2 105.987 105.772 105.58 105.352 105.147 104.957 104.817 104.672 104.59 104.485 104.405 104.375 104.362 104.367 104.352 104.332 104.392 104.465 104.515 104.552 104.61 104.657 104.685 104.707 104.737 104.75 104.725 104.647 104.577 104.507 104.415 104.275 104.19 104.08 103.96 103.88 103.808 103.708 103.64 103.565 103.515 103.473 103.408 103.398 103.393 103.415 103.43 103.468 103.543 103.598 103.655 103.715 103.755 103.81 103.843 103.913 103.993 104.038 104.088 104.14 104.165 104.253 104.28 104.393 104.448 104.485 104.553
106.377 106.162 105.977 105.752 105.56 105.355 105.187 105.037 104.845 104.725 104.582 104.507 104.452 104.4 104.397 104.355 104.36 104.41 104.45 104.51 104.55 104.565 104.642 104.682 104.69 104.707 104.7 104.687 104.67 104.625 104.572 104.457 104.36 104.26 104.17 104.052 103.97 103.858 103.77 103.703 103.62 103.57 103.543 103.495 103.475 103.453 103.463 103.535 103.538 103.59 103.645 103.685 103.735 103.795 103.838 103.91 103.963 104.045 104.133 104.173 104.218 104.28 104.318 104.405 104.45 104.505 104.56 104.595 104.683
106.357 106.182 105.985 105.782 105.555 105.387 105.207 105.025 104.842 104.722 104.635 104.55 104.502 104.432 104.365 104.38 104.415 104.467 104.522 104.542 104.577 104.59 104.645 104.667 104.67 104.667 104.657 104.647 104.62 104.57 104.5 104.417 104.317 104.215 104.145 104.005 103.913 103.843 103.773 103.685 103.638 103.578 103.578 103.528 103.548 103.548 103.578 103.63 103.643 103.69 103.755 103.765 103.87 103.908 103.973 104.053 104.115 104.183 104.238 104.268 104.333 104.395 104.468 104.523 104.545 104.61 104.663 104.723 104.778
106.385 106.215 106.022 105.797 105.605 105.412 105.212 105.025 104.87 104.762 104.642 104.562 104.49 104.455 104.43 104.452 104.472 104.482 104.495 104.55 104.607 104.615 104.645 104.652 104.652 104.645 104.627 104.61 104.557 104.502 104.447 104.365 104.285 104.185 104.077 103.975 103.905 103.838 103.773 103.703 103.675 103.635 103.628 103.61 103.64 103.655 103.68 103.723 103.773 103.79 103.853 103.905 103.975 104.035 104.1 104.17 104.25 104.278 104.34 104.403 104.483 104.495 104.55 104.568 104.628 104.708 104.77 104.783 104.828
