data/LIDAR-DSM-2M-NZ24se/nz2540_DSM_2M.asc
ncols 500
nrows 500
xllcorner    425000
yllcorner    540000
cellsize     2
NODATA_value -9999
[rows 448 to 479 of 500, columns 144 to 215 of 500]
75.367 75.367 75.365 75.375 75.307 75.147 75.005 74.977 75.047 75.037 75.022 75.1 74.347 73.33 72.977 76.92 78.59 78.852 79.125 79.387 79.385 79.097 78.855 78.59 78.367 78.575 78.842 79.107 79.372 79.417 79.112 78.842 78.582 78.355 78.477 78.737 79.007 79.292 79.402 79.132 78.89 78.622 78.352 73.517 72.922 72.94 73.007 73.025 73.032 73.092 73.167 73.21 73.232 73.272 73.305 73.345 74.067 74.857 74.562 74.052 74.055 74.077 74.07 74.022 73.737 74.092 74.362 74.355 77.375 80.382 77.532 76.177
75.342 75.345 75.365 75.38 75.45 75.267 75.085 74.975 75.032 75.02 74.99 75.077 74.392 73.35 72.945 76.392 78.592 78.855 79.112 79.39 79.407 79.132 78.857 78.62 78.345 78.575 78.817 79.067 79.345 79.427 79.132 78.867 78.602 78.372 78.477 78.72 78.972 79.27 79.437 79.162 78.91 78.642 78.37 73.502 72.957 72.957 72.982 72.972 73.032 73.07 73.132 73.19 73.232 73.252 73.32 73.337 74.032 74.85 74.622 74.055 74.032 74.02 74.067 74.032 73.72 74.16 75.157 75.315 76.527 75.337 77.767 75.98
75.29 75.315 75.35 75.378 75.743 75.8 75.498 74.955 75.003 74.98 74.943 75.06 74.458 73.418 72.948 75.9 78.56 78.798 79.073 79.358 79.41 79.133 78.863 78.615 78.285 78.538 78.793 79.058 79.31 79.418 79.14 78.895 78.62 78.368 78.463 78.715 78.975 79.243 79.443 79.21 78.945 78.683 78.41 73.7 72.965 72.95 72.975 72.973 73.023 73.073 73.15 73.168 73.203 73.253 73.405 73.313 74.295 74.858 74.77 74.123 74.083 74.045 74.083 74.038 73.705 74.025 74.673 74.443 74.83 79.505 75.723 75.898
75.253 75.285 75.298 75.333 75.33 75.418 75.23 74.955 74.968 74.963 74.915 75.02 74.558 73.518 72.943 76.24 78.55 78.813 79.06 79.323 79.428 79.163 78.908 78.653 78.338 78.51 78.768 79.03 79.318 79.455 79.175 78.91 78.635 78.353 78.425 78.703 79.038 79.21 79.42 79.193 78.958 78.678 78.403 74.005 72.948 72.948 72.968 72.993 73.01 73.03 73.088 73.145 73.193 73.213 75.675 75.015 76.08 74.835 74.735 74.188 74.08 74.023 74.063 74.058 73.73 73.913 74.47 74.345 74.675 77.655 75.425 75.808
75.23 75.25 75.258 75.285 75.365 75.378 75.755 74.92 74.923 74.935 74.89 75 74.633 73.613 72.943 75.663 78.52 78.753 79.023 79.293 79.448 79.17 78.893 78.643 78.405 78.505 78.745 79.02 79.288 79.448 79.215 78.933 78.68 78.385 78.425 78.68 78.958 79.198 79.408 79.213 78.953 78.703 78.44 74.145 73.695 73.42 72.978 72.985 73.038 73.033 73.075 73.125 73.145 73.79 76.095 76.395 76.418 74.943 74.72 74.175 74.05 73.993 74.063 74.07 73.808 73.813 74.345 74.56 74.675 75.218 75.4 75.725
75.178 75.193 75.208 75.203 75.513 75.713 75.423 74.91 74.895 74.893 74.85 74.953 74.665 73.648 72.933 74.798 78.5 78.745 79.023 79.28 79.443 79.195 78.93 78.685 78.41 78.455 78.74 79.005 79.28 79.463 79.225 78.96 78.695 78.405 78.388 78.65 78.925 79.173 79.41 79.253 78.968 78.713 78.458 74.628 73.803 73.193 72.943 73.008 73.013 73.045 73.05 73.16 73.363 73.435 75.705 76.498 76.468 74.885 74.738 74.208 74.06 73.97 74.055 74.078 73.798 73.79 74.305 74.265 74.633 75.125 76.69 77.468
78.658 77.873 77.538 76.575 75.093 75.113 75.07 74.835 74.8 74.84 74.815 74.893 74.665 73.703 72.968 75.045 78.483 78.73 78.973 79.243 79.433 79.2 78.935 78.685 78.413 78.405 78.713 78.953 79.253 79.448 79.23 78.978 78.713 78.445 78.385 78.633 78.908 79.148 79.388 79.26 78.998 78.733 78.465 74.828 72.96 72.908 72.933 72.98 73.008 73.035 73.053 74.005 74.64 74.168 75.793 76.428 76.523 75.1 74.76 74.303 74.068 74 74.078 74.02 73.78 73.878 74.353 74.258 74.57 75.205 75.335 75.755
88.113 87.545 86.87 84.885 76.228 75.035 74.99 74.803 74.775 74.843 74.745 74.843 74.645 73.7 72.98 74.508 78.465 78.683 78.943 79.215 79.438 79.233 78.953 78.71 78.445 78.415 78.705 78.973 79.225 79.45 79.245 78.995 78.73 78.473 78.388 78.605 78.868 79.135 79.38 79.285 79.028 78.76 78.495 75.09 72.94 72.908 72.95 72.97 73.03 73.04 73.05 73.155 73.14 73.16 74.743 76.428 76.493 75.355 74.85 74.325 73.998 73.955 74.075 74 73.863 73.645 74.75 74.385 74.643 75.198 75.303 75.69
88.133 87.685 87.243 86.815 75.048 75.02 74.975 74.8 74.8 74.83 74.78 74.823 74.655 73.743 73.085 73.15 78.453 78.678 78.92 79.208 79.443 79.253 78.985 78.73 78.453 78.4 78.665 78.923 79.195 79.423 79.385 78.985 78.76 78.475 78.373 78.588 78.833 79.11 79.39 79.31 79.043 78.808 78.535 75.615 72.98 72.938 72.913 72.975 72.993 73.025 73.035 73.105 73.125 73.175 74.973 76.393 76.498 75.433 74.783 74.338 74.023 73.968 74.03 73.948 73.883 73.58 74.153 74.075 74.525 75.1 76.008 75.643
88.123 87.673 87.238 84.335 75.06 75.008 75.05 74.77 74.73 74.768 74.738 74.793 74.658 73.825 73.08 73.285 78.423 78.638 78.92 79.178 79.453 79.275 79.015 78.753 78.47 78.398 78.663 78.925 79.18 79.418 79.363 79.04 78.755 78.485 78.35 78.565 78.843 79.095 79.368 79.335 79.07 78.813 78.545 76.083 72.983 72.963 72.945 72.993 72.983 73.01 73.063 73.088 73.118 73.183 75.288 76.365 76.418 75.575 74.783 74.47 74.02 73.985 74.033 74.015 73.895 73.608 74.15 74.218 74.415 75.155 81.665 78.688
88.105 87.65 87.225 82.248 75.018 74.978 74.985 74.758 74.715 74.783 74.743 74.725 74.658 74.075 73.125 73.368 78.378 78.65 78.93 79.183 79.44 79.3 79.035 78.773 78.518 78.395 78.638 78.89 79.158 79.425 79.39 79.053 78.798 78.53 78.313 78.548 78.805 79.08 79.35 79.363 79.095 78.828 78.57 76.363 72.95 72.958 72.96 72.968 73 73.013 73.013 73.073 73.113 73.155 74.718 76.323 76.44 75.788 74.67 74.623 74.018 73.953 74.06 73.978 73.943 73.638 74.053 74.325 74.425 75.95 80.413 77.34
88.053 87.613 87.178 83.165 75.01 74.958 74.97 74.775 74.688 74.74 74.685 74.68 74.613 74.915 73.093 73.288 78.32 78.638 78.873 79.158 79.42 79.315 79.055 78.77 78.515 78.37 78.623 78.873 79.138 79.41 79.355 79.055 78.798 78.543 78.313 78.533 78.798 79.07 79.35 79.385 79.11 78.843 78.588 76.973 72.963 72.94 72.923 72.92 72.98 73.008 73.043 73.048 73.098 73.148 74.19 76.375 76.4 76.005 74.625 74.718 74.045 73.94 74.015 73.99 73.993 73.673 73.993 74.385 74.32 75.408 76.138 77.733
88.053 87.605 87.165 82.493 74.948 74.905 74.968 74.783 74.648 74.705 74.685 74.64 74.63 74.068 73.465 73.285 78.335 78.618 78.908 79.155 79.408 79.363 79.065 78.82 78.55 78.343 78.61 78.858 79.113 79.405 79.378 79.09 78.825 78.563 78.335 78.525 78.783 79.063 79.328 79.405 79.14 78.873 78.593 77.328 72.983 72.938 72.905 72.943 72.99 73 73.025 73.06 73.093 73.15 74.303 76.4 76.405 76.318 74.558 74.68 74.12 73.938 74.035 73.993 74.05 73.733 73.875 74.405 74.225 74.97 75.65 75.705
88.005 87.59 87.153 81.82 74.898 74.89 74.905 74.663 74.61 74.643 74.6 74.623 74.588 73.965 73.598 72.91 76.698 78.598 78.853 79.118 79.42 79.378 79.05 78.82 78.573 78.318 78.578 78.82 79.1 79.375 79.413 79.108 78.85 78.578 78.315 78.508 78.783 79.043 79.305 79.408 79.175 78.898 78.64 77.835 72.978 72.91 72.908 72.938 72.97 72.98 73.03 73.078 73.093 73.128 73.705 76.313 76.42 76.395 74.513 74.65 74.083 73.94 74.048 73.998 74.045 73.615 73.7 74.275 74.445 74.628 75.123 79.1
87.978 87.553 87.123 80.44 74.84 74.853 74.833 74.595 74.54 74.603 74.598 74.578 74.595 73.903 73.168 72.92 76.45 78.603 78.853 79.103 79.383 79.39 79.108 78.835 78.598 78.328 78.565 78.82 79.085 79.363 79.418 79.135 78.858 78.605 78.358 78.495 78.758 79.035 79.3 79.398 79.175 78.905 78.65 78.293 73.065 72.915 72.885 72.91 72.958 72.985 73.023 73.058 73.1 73.133 74.058 76.343 76.405 76.39 74.705 74.613 74.065 73.995 74.015 74.01 74.07 73.648 73.565 74.815 74.138 74.528 76.385 76.43
87.955 87.528 87.093 82.09 74.808 74.808 74.753 74.598 74.505 74.565 74.57 74.573 74.588 73.998 73.243 72.908 76.218 78.59 78.833 79.098 79.345 79.393 79.12 78.853 78.585 78.305 78.503 78.753 79 79.305 79.41 79.145 78.885 78.623 78.363 78.465 78.753 79.018 79.27 79.425 79.173 78.92 78.658 78.4 73.495 72.935 72.923 72.955 72.975 72.998 73.005 73.058 73.1 73.103 73.558 76.385 76.38 76.405 74.888 74.62 74.088 74.003 74.033 74.01 74.028 73.71 73.53 74.103 74.083 74.41 78.02 75.593
87.938 87.493 87.068 80.743 74.75 74.783 74.72 74.533 74.49 74.543 74.568 74.518 74.533 74.105 73.335 72.933 76.123 78.56 78.81 79.068 79.328 79.418 79.148 78.873 78.63 78.328 78.488 78.733 79.043 79.253 79.4 79.15 78.9 78.643 78.398 78.453 78.728 79.023 79.245 79.45 79.215 78.94 78.673 78.405 74.453 73.703 72.963 72.923 72.96 72.993 73.033 73.06 73.083 73.125 73.223 76.298 76.363 76.393 75.12 74.658 74.193 74.028 73.995 74.083 74.038 73.78 73.498 73.875 74.073 74.388 74.88 75.103
87.913 87.48 87.045 74.753 74.738 74.723 74.693 74.548 74.478 74.54 74.513 74.48 74.55 74.16 73.403 72.918 75.835 78.553 78.798 79.06 79.32 79.443 79.158 78.885 78.62 78.363 78.458 78.733 79.163 79.268 79.463 79.21 78.91 78.65 78.413 78.435 78.708 79.08 79.225 79.443 79.205 78.973 78.7 78.428 78.288 77.18 73.05 72.925 72.955 72.97 73.028 73.06 73.098 73.125 73.205 76.303 76.373 76.425 75.453 74.655 74.323 74.038 73.98 74.078 74.05 73.735 73.513 73.923 74.038 74.31 81.303 77.88
87.883 87.46 87.015 76.63 74.708 74.733 74.703 74.56 74.455 74.5 74.495 74.445 74.51 74.195 73.508 72.968 75.57 78.523 78.75 79.008 79.29 79.428 79.175 78.925 78.67 78.405 78.428 78.725 78.97 79.22 79.405 79.218 78.935 78.668 78.413 78.395 78.67 78.928 79.19 79.408 79.23 78.97 78.703 78.45 78.888 78.46 72.93 72.923 72.953 72.988 73.003 73.063 73.115 73.148 73.25 75.873 76.368 76.413 75.58 74.535 74.345 74.058 73.948 74.053 74.028 73.853 73.595 74.953 74.543 74.228 75.788 76.19
87.853 87.438 86.998 75.183 74.688 74.748 74.72 74.613 74.398 74.493 74.455 74.408 74.475 74.223 73.503 72.97 75.285 78.508 78.763 79.013 79.273 79.428 79.215 78.92 78.673 78.375 78.415 78.685 78.953 79.213 79.405 79.195 78.955 78.713 78.435 78.393 78.658 78.923 79.17 79.415 79.26 78.988 78.763 78.48 78.483 78.868 72.903 72.918 72.933 72.985 73.008 73.038 73.103 73.925 73.74 75.325 76.358 76.418 75.89 74.478 74.273 73.985 73.963 74.06 73.968 73.973 73.713 75.318 74.653 74.19 74.73 75.73
87.838 87.405 86.97 75.275 74.695 74.748 74.74 74.648 74.37 74.438 74.413 74.385 74.473 74.215 73.538 73 74.858 78.453 78.725 78.968 79.225 79.423 79.19 79.065 78.67 78.41 78.39 78.675 78.935 79.185 79.42 79.233 78.973 78.715 78.45 78.39 78.638 78.9 79.155 79.418 79.258 79.015 78.755 78.493 78.803 79.93 72.925 72.91 72.96 72.985 73.03 73.048 73.123 73.623 73.1 74.79 76.33 76.393 75.688 74.62 74.16 74.008 73.96 74.025 73.965 73.89 73.855 74.885 74.82 74.08 74.638 75.05
87.818 87.393 86.945 74.543 74.648 74.75 74.743 74.683 74.358 74.393 74.4 74.383 74.413 74.235 73.628 73.035 74.41 78.42 78.688 78.95 79.195 79.41 79.208 78.995 78.7 78.445 78.385 78.675 78.928 79.173 79.398 79.243 78.995 78.728 78.475 78.37 78.608 78.888 79.128 79.41 79.275 79.02 78.765 78.508 78.598 78.973 73.1 72.94 72.978 72.985 73.015 73.058 73.098 73.22 73.13 74.773 76.343 76.373 76.085 74.675 74.513 74.025 73.915 74.028 73.958 73.895 73.635 73.79 74.08 74.03 74.565 75.125
87.79 87.358 86.91 75.505 74.645 74.72 74.738 74.69 74.32 74.345 74.378 74.348 74.36 74.24 73.655 73.038 74.103 78.385 78.668 78.905 79.17 79.413 79.218 78.973 78.708 78.465 78.373 78.643 78.898 79.165 79.398 79.285 79.035 78.778 78.498 78.303 78.58 78.865 79.113 79.395 79.298 79.043 78.778 78.523 75.843 73.213 72.955 72.985 72.99 72.995 73.003 73.028 73.075 73.12 73.173 74.208 76.37 76.405 76.018 74.748 74.675 74.055 73.928 74.04 73.983 73.94 73.675 73.743 73.983 74.095 76.865 78.623
87.778 87.343 83.26 74.478 74.625 74.683 74.715 74.708 74.33 74.28 74.34 74.325 74.333 74.223 73.693 73.055 73.603 78.37 78.638 78.885 79.163 79.418 79.238 78.973 78.713 78.453 78.38 78.618 78.87 79.148 79.368 79.3 79.043 78.775 78.515 78.325 78.575 78.83 79.083 79.353 79.328 79.043 78.798 78.518 75.983 72.973 72.96 72.97 72.978 73.008 72.983 73.048 73.07 73.138 73.145 74.448 76.365 76.388 76.2 74.765 74.743 74.065 73.915 74.043 73.973 73.978 73.54 73.895 74.115 74.075 76.17 75.53
87.748 87.308 85.73 74.425 74.543 74.623 74.66 74.67 74.353 74.255 74.295 74.248 74.305 74.215 73.685 73.09 73.088 78.365 78.623 78.893 79.145 79.398 79.265 78.998 78.748 78.475 78.383 78.593 78.978 79.12 79.395 79.328 79.063 78.793 78.53 78.313 78.555 78.805 79.055 79.338 79.353 79.1 78.81 78.555 76.83 72.948 72.95 72.938 72.95 72.978 72.998 73.028 73.058 73.383 73.92 73.86 76.325 76.365 76.4 74.523 74.705 74.125 73.948 74.025 73.988 74.04 73.49 73.615 74.058 74.095 74.458 74.985
87.72 87.283 86.86 74.78 74.43 74.5 74.535 74.595 74.318 74.24 74.238 74.243 74.238 74.223 73.705 73.1 72.965 78.18 78.6 78.858 79.13 79.368 79.305 79.055 78.803 78.508 78.358 78.59 78.89 79.113 79.39 79.353 79.078 78.815 78.553 78.308 78.533 78.783 79.053 79.31 79.373 79.093 78.84 78.575 77.295 72.93 72.913 72.923 72.948 72.998 72.98 73.015 73.07 73.248 73.453 74.213 76.23 76.348 76.385 75.055 75.1 74.143 74.013 74.045 74.008 73.988 73.558 73.523 73.928 73.985 74.463 74.865
87.723 87.278 85.225 74.313 75.9 75.673 74.748 74.445 74.328 74.188 74.203 75.655 74.89 74.205 73.745 73.15 72.96 77.555 78.59 78.838 79.125 79.355 79.323 79.063 78.785 78.52 78.313 78.563 78.855 79.093 79.36 79.368 79.09 78.843 78.575 78.293 78.515 78.768 79.04 79.288 79.403 79.133 78.848 78.61 77.963 72.948 72.903 72.903 72.938 72.975 72.995 73.025 73.058 73.155 73.158 73.695 76.323 76.39 76.393 75.025 74.868 74.245 74.025 74.038 73.993 74.015 73.545 73.443 73.928 74.008 74.545 74.853
87.7 87.25 82.965 74.363 75.79 75.993 74.685 74.398 74.293 74.158 74.205 76.81 76.51 74.195 73.79 73.173 72.938 76.975 78.578 78.833 79.07 79.355 79.318 79.055 78.8 78.545 78.328 78.53 78.803 79.063 79.353 79.398 79.118 78.863 78.593 78.315 78.498 78.753 79.018 79.285 79.385 79.148 78.89 78.625 78.335 73.48 72.91 72.918 72.94 72.988 73.01 73.01 73.068 73.128 73.15 73.235 76.31 76.373 76.413 75.383 74.885 74.343 74.07 74.003 74.02 74.003 73.663 73.45 73.88 74.018 74.458 74.815
87.665 87.218 82.175 74.505 74.305 74.29 74.29 74.388 74.273 74.148 74.17 76.515 77.123 74.19 73.795 73.19 72.945 76.603 78.555 78.823 79.063 79.335 79.348 79.088 78.823 78.558 78.308 78.523 78.783 79.033 79.325 79.43 79.133 78.9 78.595 78.363 78.478 78.743 79.003 79.27 79.463 79.168 78.905 78.635 78.203 73.898 72.933 72.923 72.935 72.975 72.98 72.99 73.053 73.123 73.143 73.195 76.253 76.385 76.443 75.428 74.603 74.46 74.063 73.965 74.063 74.015 73.705 73.675 73.923 73.85 74.39 74.763
87.648 87.2 83.393 74.593 74.258 74.263 74.263 74.33 74.25 74.098 74.108 76.115 77.145 74.143 73.828 73.245 72.925 75.803 78.535 78.795 79.035 79.308 79.348 79.123 78.885 78.578 78.333 78.495 78.765 79.118 79.315 79.443 79.165 78.893 78.638 78.393 78.458 78.723 78.993 79.223 79.423 79.2 78.915 78.65 78.205 72.975 72.903 72.958 72.928 72.963 73 72.995 73.04 73.093 73.145 73.153 75.845 76.358 76.423 75.728 74.405 74.41 74.048 73.96 74.013 73.955 73.673 73.42 73.78 73.865 74.26 74.735
78.17 80.248 75 74.293 74.21 74.225 74.268 74.31 74.263 74.065 74.083 75.585 77.54 74.195 73.843 73.29 72.943 75.368 78.513 78.753 79.03 79.3 79.395 79.118 78.868 78.593 78.285 78.48 78.735 79.015 79.265 79.44 79.19 78.928 78.655 78.365 78.433 78.705 78.97 79.215 79.435 79.2 78.94 78.683 78.438 73.518 72.918 72.913 72.925 72.985 73.025 72.998 73.063 73.128 73.145 73.158 75.225 76.348 76.415 75.863 74.43 74.433 74.078 73.93 74.048 73.978 73.76 73.435 73.708 73.855 74.21 74.713
76.478 75.178 74.198 74.223 74.168 74.193 74.2 74.295 74.25 74.018 74.05 75.273 78.025 74.373 73.865 73.338 72.943 74.838 78.483 78.723 79.013 79.268 79.398 79.135 78.88 78.633 78.373 78.445 78.73 78.98 79.263 79.428 79.2 78.943 78.67 78.405 78.438 78.665 78.943 79.225 79.428 79.225 78.968 78.71 78.448 74.068 72.925 72.933 72.96 72.948 72.995 73.043 73.068 73.123 73.155 73.173 75.03 76.335 76.398 75.938 74.345 74.425 74.085 73.938 74.055 73.953 73.85 73.455 73.65 73.835 74.168 74.568
