data/LIDAR-DSM-2M-NZ24se/nz2543_DSM_2M.asc
ncols 500
nrows 500
xllcorner    425000
yllcorner    543000
cellsize     2
NODATA_value -9999
[rows 279 to 309 of 500, columns 204 to 271 of 500]
101.889 102.054 102.204 102.344 102.474 102.627 102.774 102.894 103.024 103.117 103.277 103.437 103.569 103.699 103.809 103.919 104.037 104.149 104.249 104.334 104.377 104.387 104.417 104.462 104.487 104.482 104.524 104.532 104.534 104.513 104.56 104.597 104.59 104.582 104.563 104.578 104.581 104.56 104.542 104.496 104.48 104.42 104.392 104.385 104.359 104.329 104.321 104.309 104.319 104.294 104.289 104.244 104.209 104.159 104.134 104.101 104.054 104.021 104.009 104.031 104.026 104.039 104.069 104.681 105.006 103.429 103.376 103.366
101.777 101.929 102.067 102.227 102.389 102.507 102.654 102.764 102.909 103.042 103.219 103.327 103.474 103.622 103.719 103.844 103.959 104.097 104.144 104.192 104.254 104.279 104.312 104.347 104.359 104.417 104.482 104.489 104.512 104.554 104.55 104.573 104.594 104.594 104.599 104.59 104.588 104.566 104.573 104.543 104.535 104.513 104.495 104.483 104.472 104.434 104.444 104.429 104.416 104.379 104.349 104.294 104.249 104.194 104.169 104.119 104.094 104.049 104.039 104.076 104.079 104.069 104.109 104.294 105.299 103.989 103.464 103.439
101.644 101.812 101.964 102.094 102.247 102.412 102.554 102.672 102.812 102.974 103.122 103.269 103.397 103.557 103.652 103.752 103.807 103.899 103.974 104.054 104.124 104.142 104.207 104.272 104.324 104.379 104.432 104.487 104.512 104.56 104.595 104.598 104.604 104.601 104.603 104.591 104.589 104.588 104.618 104.635 104.619 104.612 104.603 104.605 104.571 104.554 104.536 104.504 104.499 104.454 104.386 104.321 104.271 104.209 104.191 104.124 104.131 104.124 104.101 104.124 104.119 104.131 104.169 104.221 104.839 104.794 103.551 103.536
101.554 101.687 101.837 102.037 102.167 102.292 102.472 102.617 102.772 102.927 103.014 103.137 103.267 103.364 103.472 103.542 103.647 103.742 103.824 103.904 103.999 104.052 104.152 104.209 104.277 104.309 104.374 104.482 104.474 104.522 104.583 104.616 104.627 104.62 104.597 104.601 104.635 104.635 104.657 104.673 104.704 104.71 104.711 104.718 104.699 104.652 104.614 104.571 104.521 104.474 104.429 104.351 104.301 104.246 104.224 104.216 104.224 104.194 104.191 104.149 104.181 104.191 104.206 104.239 104.414 105.516 103.936 103.624
101.444 101.607 101.767 101.902 102.049 102.197 102.354 102.544 102.667 102.789 102.899 102.984 103.134 103.199 103.309 103.409 103.502 103.632 103.767 103.827 103.919 104.024 104.104 104.167 104.242 104.287 104.324 104.414 104.497 104.519 104.557 104.61 104.638 104.626 104.638 104.645 104.683 104.687 104.721 104.754 104.796 104.796 104.779 104.779 104.768 104.704 104.684 104.614 104.574 104.504 104.489 104.446 104.391 104.331 104.331 104.309 104.296 104.284 104.254 104.241 104.239 104.261 104.246 104.291 104.346 105.136 105.031 103.746
101.379 101.532 101.684 101.812 101.967 102.094 102.272 102.404 102.527 102.629 102.729 102.842 102.962 103.094 103.192 103.272 103.424 103.532 103.657 103.739 103.827 103.947 104.024 104.092 104.157 104.222 104.302 104.392 104.432 104.479 104.549 104.592 104.624 104.659 104.681 104.727 104.755 104.764 104.77 104.804 104.829 104.823 104.83 104.818 104.798 104.753 104.709 104.674 104.629 104.596 104.574 104.506 104.489 104.469 104.414 104.391 104.369 104.331 104.306 104.301 104.289 104.316 104.336 104.369 104.419 104.559 105.459 103.839
101.317 101.479 101.604 101.734 101.872 101.982 102.119 102.229 102.357 102.477 102.559 102.704 102.814 102.944 103.027 103.169 103.322 103.412 103.514 103.619 103.734 103.819 103.922 104.022 104.127 104.202 104.282 104.359 104.429 104.489 104.537 104.589 104.676 104.693 104.76 104.782 104.794 104.815 104.816 104.811 104.821 104.824 104.832 104.842 104.849 104.84 104.784 104.774 104.724 104.696 104.666 104.649 104.584 104.524 104.484 104.424 104.416 104.404 104.381 104.371 104.346 104.351 104.394 104.406 104.469 104.479 105.161 104.601
101.247 101.422 101.532 101.647 101.739 101.864 101.979 102.092 102.222 102.307 102.442 102.577 102.689 102.802 102.914 103.047 103.197 103.312 103.389 103.517 103.604 103.712 103.842 103.954 104.087 104.157 104.257 104.322 104.392 104.459 104.527 104.585 104.646 104.71 104.791 104.83 104.807 104.812 104.823 104.836 104.845 104.874 104.88 104.862 104.889 104.906 104.876 104.844 104.824 104.791 104.744 104.691 104.664 104.594 104.536 104.514 104.491 104.481 104.464 104.439 104.421 104.406 104.454 104.491 104.526 104.534 104.786 105.689
101.172 101.312 101.432 101.499 101.597 101.772 101.844 101.959 102.112 102.197 102.359 102.437 102.559 102.672 102.799 102.934 103.104 103.204 103.332 103.457 103.539 103.652 103.784 103.924 104.009 104.102 104.189 104.302 104.367 104.479 104.554 104.57 104.653 104.682 104.746 104.802 104.843 104.83 104.858 104.875 104.908 104.918 104.94 104.961 104.959 104.951 104.951 104.914 104.899 104.836 104.821 104.754 104.711 104.661 104.619 104.584 104.566 104.554 104.534 104.514 104.489 104.484 104.491 104.541 104.546 104.571 104.584 104.886
101.102 101.199 101.304 101.402 101.484 101.652 101.754 101.862 101.972 102.082 102.229 102.284 102.404 102.539 102.697 102.814 102.959 103.077 103.202 103.384 103.497 103.577 103.694 103.854 103.939 104.059 104.207 104.254 104.357 104.429 104.502 104.537 104.586 104.671 104.744 104.788 104.797 104.83 104.869 104.923 104.956 105.003 105.028 105.033 105.041 105.01 104.987 104.979 104.944 104.916 104.886 104.826 104.806 104.761 104.701 104.651 104.629 104.611 104.594 104.584 104.594 104.584 104.576 104.594 104.599 104.609 104.601 104.616
101.002 101.077 101.172 101.262 101.382 101.529 101.642 101.734 101.849 101.937 102.054 102.169 102.287 102.422 102.552 102.679 102.789 102.919 103.082 103.264 103.384 103.532 103.637 103.812 103.929 104.042 104.164 104.239 104.302 104.374 104.432 104.502 104.551 104.626 104.699 104.791 104.817 104.866 104.89 104.971 105.012 105.054 105.062 105.102 105.105 105.062 105.059 105.046 105.029 104.976 104.964 104.886 104.859 104.821 104.744 104.719 104.704 104.689 104.684 104.659 104.664 104.674 104.661 104.654 104.651 104.649 104.626 104.651
100.917 101.024 101.192 101.239 101.307 101.402 101.507 101.627 101.739 101.824 101.929 102.024 102.149 102.289 102.454 102.567 102.702 102.884 103.079 103.227 103.367 103.484 103.612 103.712 103.874 103.974 104.064 104.134 104.257 104.337 104.409 104.477 104.556 104.628 104.689 104.787 104.837 104.91 104.956 105.006 105.038 105.078 105.103 105.125 105.136 105.167 105.177 105.119 105.086 105.024 104.986 104.944 104.899 104.844 104.801 104.774 104.766 104.776 104.771 104.749 104.734 104.751 104.741 104.709 104.704 104.694 104.709 104.686
100.847 101.007 101.069 101.194 101.294 101.347 101.419 101.534 101.659 101.742 101.842 101.967 102.069 102.199 102.369 102.482 102.634 102.827 102.979 103.119 103.304 103.424 103.522 103.634 103.754 103.869 103.997 104.087 104.189 104.292 104.389 104.462 104.549 104.617 104.705 104.795 104.866 104.902 104.982 105.022 105.058 105.12 105.162 105.181 105.219 105.238 105.222 105.199 105.136 105.094 105.061 105.004 104.941 104.919 104.889 104.874 104.846 104.849 104.861 104.846 104.819 104.821 104.794 104.746 104.704 104.729 104.741 104.724
100.797 100.897 100.997 101.094 101.217 101.312 101.394 101.477 101.582 101.689 101.824 101.937 102.027 102.127 102.274 102.422 102.542 102.684 102.872 103.027 103.187 103.312 103.447 103.559 103.699 103.822 103.962 104.099 104.179 104.287 104.374 104.464 104.544 104.636 104.737 104.787 104.858 104.941 105.023 105.081 105.121 105.175 105.189 105.228 105.249 105.237 105.253 105.236 105.199 105.149 105.116 105.076 105.061 105.009 104.984 104.964 104.951 104.961 104.944 104.904 104.891 104.874 104.846 104.791 104.761 104.766 104.744 104.749
100.737 100.844 100.942 101.074 101.179 101.277 101.327 101.399 101.527 101.629 101.727 101.849 101.934 102.014 102.159 102.294 102.454 102.609 102.754 102.917 103.112 103.257 103.399 103.517 103.649 103.772 103.929 104.054 104.159 104.272 104.382 104.444 104.574 104.7 104.753 104.813 104.879 104.978 105.041 105.107 105.16 105.201 105.216 105.255 105.288 105.272 105.275 105.286 105.256 105.221 105.184 105.176 105.154 105.131 105.094 105.076 105.036 105.019 104.984 104.971 104.909 104.906 104.874 104.846 104.811 104.774 104.791 104.791
100.687 100.792 100.907 101.047 101.139 101.252 101.292 101.379 101.439 101.552 101.649 101.797 101.902 101.984 102.082 102.197 102.359 102.509 102.672 102.852 103.027 103.184 103.317 103.452 103.602 103.774 103.922 104.014 104.152 104.274 104.377 104.472 104.562 104.644 104.745 104.839 104.914 104.984 105.049 105.132 105.178 105.222 105.235 105.283 105.305 105.313 105.329 105.324 105.329 105.304 105.289 105.289 105.274 105.259 105.244 105.186 105.134 105.066 105.036 104.994 104.939 104.931 104.931 104.886 104.854 104.831 104.836 104.799
100.714 100.809 100.902 101.034 101.154 101.254 101.289 101.382 101.394 101.442 101.544 101.654 101.807 101.934 101.989 102.099 102.234 102.424 102.592 102.764 102.922 103.112 103.277 103.439 103.604 103.772 103.944 104.029 104.154 104.279 104.394 104.482 104.574 104.672 104.79 104.846 104.938 105.022 105.085 105.136 105.199 105.241 105.271 105.293 105.342 105.361 105.394 105.419 105.399 105.391 105.384 105.376 105.361 105.346 105.299 105.251 105.186 105.134 105.079 105.016 104.969 104.976 104.974 104.944 104.901 104.879 104.861 104.829
100.742 100.839 100.879 100.987 101.112 101.172 101.237 101.307 101.362 101.422 101.524 101.582 101.702 101.814 101.919 102.009 102.154 102.349 102.497 102.677 102.867 103.099 103.267 103.404 103.562 103.744 103.899 104.047 104.159 104.272 104.384 104.462 104.589 104.688 104.797 104.887 104.943 105.02 105.093 105.14 105.214 105.259 105.3 105.345 105.415 105.431 105.485 105.494 105.469 105.494 105.476 105.431 105.401 105.349 105.324 105.294 105.239 105.166 105.131 105.086 105.029 105.019 104.994 104.961 104.909 104.891 104.879 104.859
100.779 100.829 100.887 100.979 101.024 101.139 101.172 101.234 101.299 101.382 101.477 101.547 101.582 101.689 101.819 101.949 102.089 102.244 102.407 102.597 102.819 103.067 103.204 103.377 103.557 103.727 103.887 104.034 104.177 104.257 104.374 104.472 104.584 104.692 104.775 104.874 104.974 105.041 105.097 105.188 105.263 105.32 105.377 105.437 105.484 105.527 105.557 105.549 105.531 105.524 105.484 105.449 105.431 105.389 105.339 105.314 105.286 105.241 105.209 105.139 105.111 105.069 105.039 105.001 104.954 104.926 104.914 104.864
100.759 100.784 100.829 100.939 101.014 101.089 101.149 101.179 101.219 101.324 101.394 101.457 101.512 101.599 101.739 101.879 101.987 102.164 102.354 102.592 102.777 102.972 103.147 103.339 103.537 103.732 103.882 104.032 104.169 104.244 104.357 104.497 104.612 104.714 104.812 104.906 104.984 105.078 105.143 105.257 105.34 105.413 105.481 105.498 105.54 105.561 105.577 105.576 105.564 105.524 105.516 105.494 105.466 105.439 105.409 105.389 105.349 105.304 105.261 105.204 105.186 105.139 105.119 105.079 105.031 104.994 104.956 104.926
100.729 100.757 100.822 100.944 101.049 101.089 101.117 101.157 101.169 101.234 101.299 101.384 101.452 101.522 101.649 101.814 101.989 102.137 102.327 102.524 102.749 102.964 103.152 103.337 103.512 103.677 103.862 104.017 104.124 104.257 104.372 104.479 104.589 104.713 104.81 104.891 105.015 105.103 105.201 105.31 105.383 105.453 105.493 105.488 105.52 105.549 105.538 105.576 105.576 105.579 105.564 105.559 105.531 105.531 105.529 105.451 105.431 105.436 105.371 105.331 105.314 105.244 105.211 105.184 105.119 105.076 105.036 104.989
100.734 100.784 100.841 100.879 100.949 101.006 101.034 101.081 101.129 101.171 101.226 101.336 101.409 101.526 101.646 101.781 101.951 102.091 102.336 102.521 102.719 102.916 103.079 103.294 103.471 103.621 103.789 103.936 104.069 104.241 104.366 104.491 104.638 104.748 104.842 104.965 105.074 105.193 105.305 105.323 105.388 105.453 105.483 105.487 105.52 105.551 105.569 105.619 105.631 105.646 105.654 105.699 105.664 105.641 105.611 105.554 105.529 105.519 105.464 105.449 105.401 105.331 105.296 105.234 105.226 105.184 105.124 105.086
100.771 100.796 100.829 100.861 100.904 100.954 100.991 101.059 101.101 101.159 101.264 101.341 101.436 101.526 101.654 101.791 101.974 102.129 102.291 102.519 102.694 102.861 103.049 103.236 103.431 103.589 103.759 103.946 104.099 104.244 104.389 104.536 104.667 104.789 104.921 105.055 105.138 105.213 105.282 105.321 105.384 105.43 105.461 105.512 105.566 105.603 105.655 105.699 105.694 105.684 105.701 105.716 105.726 105.704 105.681 105.624 105.629 105.599 105.561 105.524 105.536 105.629 105.424 105.359 105.379 105.526 105.436 105.326
100.756 100.794 100.841 100.846 100.881 100.909 100.979 101.051 101.104 101.161 101.256 101.326 101.426 101.541 101.679 101.799 101.976 102.111 102.264 102.466 102.649 102.809 103.011 103.226 103.381 103.586 103.784 103.956 104.124 104.271 104.419 104.581 104.7 104.805 104.935 105.024 105.097 105.175 105.272 105.344 105.405 105.453 105.494 105.571 105.637 105.663 105.702 105.734 105.774 105.766 105.761 105.796 105.826 105.971 106.319 106.139 106.251 106.369 105.966 106.334 106.494 106.829 106.739 106.464 106.086 106.474 106.609 106.331
100.764 100.816 100.804 100.836 100.881 100.956 100.999 101.034 101.104 101.196 101.259 101.371 101.491 101.584 101.684 101.829 101.976 102.116 102.286 102.461 102.609 102.814 102.999 103.206 103.404 103.601 103.776 103.969 104.146 104.294 104.454 104.544 104.688 104.804 104.931 105.035 105.121 105.178 105.269 105.317 105.375 105.459 105.562 105.62 105.71 105.881 105.8 105.951 106.406 106.304 105.854 105.909 107.149 106.824 107.194 106.936 106.184 106.021 105.701 105.776 105.894 105.699 105.754 105.481 105.234 105.136 105.226 105.109
100.784 100.801 100.806 100.869 100.901 100.971 101.021 101.101 101.154 101.244 101.301 101.414 101.544 101.651 101.741 101.814 101.971 102.121 102.306 102.461 102.639 102.844 103.029 103.226 103.426 103.616 103.779 103.941 104.116 104.284 104.421 104.539 104.653 104.814 104.926 105.002 105.1 105.19 105.288 105.387 105.438 105.584 106.145 106.078 106.366 107.095 106.994 106.949 107.206 107.361 105.926 105.864 106.436 106.076 105.979 105.934 105.814 105.711 105.594 105.561 105.541 105.454 105.344 105.204 105.101 105.011 104.936 104.846
100.799 100.839 100.876 100.924 100.989 101.049 101.064 101.131 101.234 101.291 101.389 101.471 101.526 101.639 101.726 101.841 101.971 102.136 102.316 102.449 102.669 102.864 103.044 103.224 103.426 103.594 103.761 103.924 104.069 104.251 104.404 104.546 104.682 104.796 104.937 105.09 105.292 105.519 105.846 106.359 106.377 106.524 106.931 106.842 106.436 106.137 106.281 105.809 105.829 105.924 105.874 105.874 105.949 106.009 106.016 105.899 105.826 105.736 105.636 105.531 105.484 105.381 105.291 105.156 105.056 104.964 104.884 104.789
100.801 100.861 100.986 100.996 101.069 101.074 101.119 101.201 101.251 101.331 101.421 101.529 101.524 101.619 101.746 101.869 102.031 102.186 102.316 102.494 102.691 102.819 103.021 103.151 103.346 103.544 103.721 103.954 104.071 104.216 104.414 104.554 104.694 104.925 105.461 105.464 106.171 106.526 106.003 105.895 105.567 105.267 105.359 105.416 105.584 105.517 105.549 105.661 105.756 105.816 105.891 106.029 106.066 106.166 107.089 106.234 105.884 105.789 105.744 105.646 105.521 105.421 105.346 105.254 105.146 105.054 104.974 104.869
100.859 100.906 100.989 101.021 101.079 101.121 101.134 101.199 101.269 101.339 101.394 101.531 101.591 101.669 101.741 101.884 102.011 102.134 102.251 102.396 102.629 102.801 103.011 103.241 103.406 103.601 103.769 104.121 104.621 104.849 105.104 105.324 105.751 105.596 105.68 105.1 104.794 104.792 104.714 104.777 104.815 104.971 105.12 105.291 105.406 105.516 105.649 105.771 105.806 105.861 106.026 106.149 106.266 106.389 107.224 106.841 105.969 105.906 105.861 105.809 105.696 105.596 105.466 105.359 105.284 105.199 105.106 105.031
100.891 100.946 101.029 101.094 101.161 101.176 101.231 101.294 101.354 101.399 101.406 101.476 101.571 101.636 101.764 101.864 101.981 102.154 102.259 102.451 102.621 102.886 103.124 103.536 104.054 104.524 104.824 105.156 105.311 104.834 105.161 104.512 104.299 104.147 104.097 104.118 104.198 104.343 104.509 104.69 104.867 105.009 105.201 105.328 105.44 105.542 105.651 105.774 105.859 105.909 106.031 106.269 106.386 106.496 106.886 107.321 106.154 106.044 105.974 105.919 105.866 105.744 105.636 105.531 105.434 105.341 105.214 105.131
100.944 101.034 101.066 101.146 101.174 101.244 101.269 101.311 101.329 101.411 101.484 101.521 101.646 101.764 102.054 102.246 102.906 103.364 102.634 103.161 103.724 103.891 104.111 104.161 104.271 104.204 103.969 103.656 103.391 103.361 103.386 103.506 103.679 103.817 103.957 104.12 104.306 104.468 104.652 104.798 104.931 105.079 105.215 105.347 105.462 105.572 105.719 105.849 105.931 105.976 106.124 106.396 106.474 106.514 106.729 107.799 106.304 106.151 106.071 105.991 105.949 105.846 105.739 105.646 105.559 105.416 105.316 105.201
