data/LIDAR-DSM-2M-NZ24se/nz2643_DSM_2M.asc
ncols 500
nrows 500
xllcorner    426000
yllcorner    543000
cellsize     2
NODATA_value -9999
[rows 448 to 479 of 500, columns 71 to 141 of 500]
93.438 93.091 92.718 92.243 91.768 91.436 90.873 89.948 89.221 88.528 88.053 87.361 86.313 85.488 84.416 83.521 82.766 82.248 81.593 81.211 80.946 80.628 80.388 80.071 79.858 79.603 79.441 79.401 79.263 78.991 78.796 78.523 78.276 77.918 77.908 79.373 76.803 76.476 76.193 75.946 75.691 75.446 75.296 75.206 75.196 75.268 75.261 75.168 75.846 75.691 75.056 75.121 75.341 75.781 76.198 76.713 76.951 76.886 76.903 76.948 77.173 77.388 77.526 77.986 78.096 78.201 79.198 81.151 84.003 84.286 83.896
93.518 93.113 92.716 92.321 91.873 91.986 91.433 90.556 90.411 89.081 88.343 87.731 87.128 86.366 85.501 85.118 83.861 83.188 82.328 81.661 81.236 80.946 80.653 80.426 80.293 80.281 80.436 80.611 80.593 80.253 80.126 79.883 79.343 79.058 89.803 90.703 86.186 76.916 76.583 76.236 76.096 76.506 75.473 75.273 75.226 75.131 75.171 75.176 75.278 75.638 75.028 75.136 75.181 75.753 75.988 76.296 76.941 76.738 76.663 76.808 77.183 77.211 77.366 77.683 78.271 79.766 81.243 81.951 83.548 83.516 82.686
93.67 93.065 92.64 92.238 91.803 91.898 91.295 90.61 90.555 89.58 88.96 88.275 87.688 87.11 86.56 86.003 85.463 84.218 83.205 82.493 81.935 81.523 81.193 81.19 81.28 82.453 82.353 82.088 82.11 81.956 81.628 81.206 80.643 80.451 84.523 91.738 83.108 77.933 77.421 76.963 76.613 76.321 76.053 75.786 75.548 75.313 75.158 75.018 74.788 74.988 75.008 75.001 75.041 75.271 75.843 76.173 76.356 76.416 76.456 76.681 76.933 77.026 77.188 77.828 78.618 79.631 80.636 81.476 82.131 82.486 82.861
93.813 93.118 92.64 92.188 91.798 91.485 91.21 90.788 90.41 89.93 89.74 88.95 88.268 87.695 87.128 86.625 86.158 85.47 84.235 83.28 82.613 82.173 82.073 82.223 82.573 83.31 83.448 83.433 83.515 83.478 83.108 83.116 82.873 81.781 81.051 81.171 79.661 78.981 78.423 77.981 77.563 77.236 76.933 76.693 76.416 75.956 75.543 75.341 74.928 74.786 74.766 74.911 74.993 75.193 75.756 76.026 76.091 76.196 76.253 76.573 76.596 76.753 77.188 78.516 78.888 79.758 80.563 81.548 82.308 82.658 83.106
93.675 93.185 92.68 92.21 91.785 91.47 91.213 90.888 90.52 90.103 89.84 90.358 88.928 88.23 87.655 87.03 86.478 86.513 85.075 84.088 83.28 82.893 83.05 83.28 83.76 85.043 85.54 85.758 84.735 84.653 84.458 84.226 83.548 83.318 87.536 93.001 89.971 81.803 79.643 79.101 78.636 78.268 77.898 77.576 77.351 76.968 76.583 75.798 75.338 74.913 74.528 74.708 75.023 75.021 75.553 75.853 76.133 76.113 76.043 76.286 76.221 76.538 77.448 78.911 78.983 79.706 80.586 81.401 82.161 82.658 83.061
93.663 93.208 92.715 92.243 91.848 91.505 91.23 90.913 90.575 90.26 89.913 89.803 89.355 89.468 88.063 87.465 86.778 86.145 85.433 84.75 84.07 83.68 83.935 84.298 84.778 85.43 85.8 86.005 85.885 85.726 85.698 85.288 85.451 89.228 94.571 96.111 99.961 87.603 90.231 81.436 79.561 79.098 78.701 78.336 78.041 78.333 79.976 77.908 76.531 75.551 74.916 74.401 79.866 76.973 75.403 75.656 76.036 75.816 75.733 75.836 76.038 76.736 77.373 78.608 80.201 82.956 80.611 81.423 82.303 82.753 83.051
93.773 93.335 93.013 92.565 91.91 91.563 91.265 90.96 90.673 90.38 90.045 89.693 89.428 88.983 88.478 87.765 87.118 86.63 85.745 85.203 84.798 84.428 84.808 85.058 85.708 86.253 86.615 86.82 86.683 86.488 86.438 86.276 91.278 97.261 99.368 97.046 90.786 87.068 97.013 84.043 80.166 79.743 79.391 79.058 78.811 80.546 80.071 78.866 77.596 76.596 75.536 74.961 74.428 75.928 75.086 75.316 75.471 75.463 75.381 75.658 77.931 80.338 78.208 78.046 79.746 81.321 80.446 81.591 82.443 83.608 83.126
93.678 93.458 93.23 93.11 92.008 91.618 91.268 90.965 90.698 90.39 90.05 89.673 89.325 88.958 89.028 88.043 87.238 86.975 86.075 85.54 85.123 84.99 85.293 85.543 86.128 86.625 86.965 86.96 86.753 86.653 86.661 86.783 90.691 98.846 101.501 91.308 83.501 84.438 90.373 82.066 86.801 83.818 80.296 80.078 79.843 79.478 79.238 78.818 78.271 77.378 76.431 75.533 74.811 74.543 75.123 74.833 74.981 75.056 75.023 76.643 79.321 79.681 78.116 77.928 79.143 79.788 80.531 81.183 81.778 82.433 82.986
93.575 93.188 92.78 92.42 92.05 91.71 91.32 90.955 90.633 90.33 89.968 89.585 89.245 89.328 89.03 87.95 87.368 86.845 86.393 85.983 85.65 85.72 85.9 86.05 86.443 86.878 87.123 87.063 86.738 86.658 86.706 86.711 89.133 96.676 95.911 94.788 85.151 83.588 84.196 83.358 89.321 89.631 83.086 81.281 80.538 80.106 79.998 79.656 79.143 78.208 77.166 76.021 75.211 74.631 73.316 74.351 74.648 74.518 74.668 74.998 76.233 77.183 76.981 77.761 78.978 79.096 79.908 80.803 81.466 82.153 82.756
93.525 93.155 92.758 92.43 92.103 91.775 91.41 91.03 90.698 90.325 89.95 89.583 89.213 88.845 88.64 88.025 87.613 87.27 86.865 86.48 86.223 86.223 86.48 86.828 86.875 87.153 87.335 87.265 86.933 86.686 86.661 86.581 86.361 89.956 91.433 88.848 84.136 83.526 82.551 81.756 84.738 86.843 83.586 84.138 80.988 80.708 80.603 80.328 79.818 78.948 77.848 76.773 75.501 74.728 74.456 74.231 74.341 73.981 74.486 74.841 75.556 76.108 76.603 77.196 77.898 78.636 79.468 80.311 80.986 81.646 82.318
93.618 93.218 92.885 92.583 92.253 91.925 91.593 91.25 90.885 90.47 90.083 89.748 89.395 89.02 88.698 88.388 88.045 87.695 87.355 86.993 86.78 86.73 86.943 87.035 87.23 87.423 87.453 87.34 87.143 86.936 86.788 86.563 86.231 85.783 85.283 84.731 84.328 84.371 82.941 82.191 83.948 85.991 83.946 82.286 81.386 81.173 80.986 80.766 80.213 79.443 78.381 77.083 75.861 74.676 74.118 73.331 73.806 74.253 74.443 74.688 75.263 75.688 76.193 76.843 77.691 78.516 79.293 79.813 80.571 81.206 81.876
93.753 93.343 92.998 92.708 92.38 92.153 91.995 91.458 91.088 90.71 90.353 90.01 89.723 89.425 89.348 89.46 88.475 88.095 87.783 87.448 87.245 87.19 87.445 87.325 87.413 87.5 87.558 87.55 87.388 87.218 86.978 86.658 86.206 85.698 85.203 84.801 84.538 84.171 83.368 82.741 82.438 82.486 82.806 85.403 81.778 81.548 81.413 81.186 80.643 79.828 78.781 77.536 76.188 74.778 73.908 73.073 73.756 74.756 74.483 74.491 74.806 75.283 75.811 76.606 77.588 78.806 80.026 79.266 80.476 80.583 81.381
94.035 93.603 93.218 92.858 92.623 93.283 92.795 91.59 91.24 90.89 90.578 90.268 89.983 89.685 89.988 91.68 88.785 88.425 88.09 87.783 87.588 87.43 87.583 87.44 87.443 87.483 87.485 87.508 87.455 87.363 87.143 86.811 86.286 85.716 85.248 84.911 84.638 84.443 83.881 83.343 82.938 82.686 84.268 87.213 82.843 82.018 81.913 81.631 80.963 80.058 78.998 77.681 76.256 74.953 73.941 73.101 73.471 74.438 74.321 74.243 74.498 75.186 75.441 75.901 76.756 79.038 78.378 78.478 79.311 79.861 80.613
94.383 93.948 93.535 93.188 92.893 92.745 92.288 91.793 91.468 91.155 90.85 90.56 90.3 90.025 89.728 89.483 89.108 88.9 88.533 88.07 87.8 87.585 87.463 87.403 87.41 87.38 87.408 87.383 87.328 87.283 87.136 86.801 86.356 85.818 85.303 85.006 84.786 84.606 84.273 83.916 84.601 83.223 83.008 85.538 82.556 82.418 82.333 81.923 81.141 80.221 79.066 77.891 76.558 75.081 73.891 73.101 73.356 74.003 74.041 74.101 74.153 74.498 74.908 75.333 75.898 77.261 77.013 77.643 78.516 79.071 79.928
94.7 94.243 93.82 93.438 93.043 92.685 92.328 91.973 91.653 91.373 91.073 90.808 90.603 90.35 90.06 89.728 89.375 89.168 88.77 88.393 88.055 87.745 87.768 87.488 87.413 87.358 87.363 87.313 87.263 87.233 87.121 86.808 86.431 85.968 85.491 85.166 84.903 84.663 84.378 84.093 83.801 83.453 83.143 82.938 82.796 82.781 82.611 82.128 81.286 80.218 79.063 77.976 76.758 75.368 74.016 73.431 72.846 73.483 73.803 74.023 73.998 74.058 74.548 74.876 75.226 75.751 76.781 77.046 77.613 78.268 79.073
95.093 94.633 94.22 93.788 93.355 93.033 92.585 92.26 91.915 91.628 91.353 91.103 90.865 90.613 90.3 89.98 89.598 89.215 88.803 88.403 88.083 87.88 87.815 87.465 87.343 87.28 87.26 87.255 87.173 87.126 86.983 87.238 86.413 85.966 85.598 85.221 84.986 84.686 84.391 84.056 83.813 83.936 83.606 83.173 83.081 82.996 82.698 82.231 81.431 80.306 79.163 78.113 76.906 75.421 74.081 73.478 73.176 73.138 73.766 73.976 73.986 73.881 73.973 74.753 74.761 75.198 75.706 76.086 76.768 77.461 78.233
95.503 95.393 96.203 94.188 93.828 93.783 93.123 92.593 92.255 91.95 91.658 91.385 91.148 90.91 90.615 90.27 89.853 89.405 88.985 88.618 88.29 87.963 87.818 87.61 87.46 87.378 87.323 87.293 87.223 87.148 87.006 86.731 86.293 85.941 85.576 85.168 84.873 84.613 84.698 84.046 83.883 83.768 83.423 83.281 83.126 82.958 82.653 82.151 81.413 80.343 79.178 78.261 77.123 75.843 74.436 73.638 73.311 73.276 73.776 73.913 74.011 73.786 73.713 73.836 74.213 75.756 74.991 75.403 76.133 76.661 77.376
95.8 96.115 95.265 94.388 93.983 94.423 93.28 92.87 92.57 92.255 91.92 91.57 91.335 91.105 90.79 90.433 90.04 89.575 89.133 88.685 88.363 88.063 87.883 87.728 87.585 87.495 87.45 87.445 87.95 87.301 87.121 86.746 86.291 85.876 85.298 84.926 84.708 84.636 85.028 84.133 83.953 83.781 83.481 83.251 83.018 82.808 82.461 82.051 81.343 80.343 79.288 78.191 77.416 75.983 74.896 74.001 73.388 72.886 72.793 73.473 73.546 73.676 73.616 73.521 73.748 74.051 74.441 74.813 75.298 75.876 76.583
96.815 97.753 95.215 94.813 94.38 94.02 93.66 93.275 92.933 92.705 92.42 92.103 91.745 91.405 91.578 90.853 90.34 89.915 89.6 89.008 89.393 88.753 88.25 88.083 88.143 88.058 87.735 88.433 88.505 87.963 87.423 88.433 87.511 85.951 86.286 85.648 84.596 84.833 84.508 84.186 84.096 83.896 83.501 83.201 82.906 82.551 82.241 81.868 81.258 80.383 79.481 78.281 77.701 76.511 75.466 74.596 73.521 73.238 72.788 72.603 72.803 73.323 73.633 73.396 73.381 73.601 73.951 74.331 74.761 75.226 75.841
97.745 98.323 96.545 96.965 96.338 94.913 94.69 95.36 94.72 94.625 94.315 92.548 93.305 93.07 92.69 92.133 92.045 90.465 91.29 90.935 90.555 89.758 89.048 87.948 87.93 89.205 87.91 88.625 87.605 87.596 87.278 86.548 86.436 85.801 84.961 84.753 84.528 84.828 84.273 84.228 84.163 83.903 83.606 83.248 82.888 82.513 82.136 81.816 81.211 80.446 79.601 78.713 77.968 77.093 76.781 78.173 74.471 73.401 73.368 73.116 72.928 72.613 73.258 73.381 73.266 73.291 73.513 73.866 74.251 74.803 76.491
97.225 96.895 96.95 95.893 95.185 94.723 93.988 93.823 93.748 92.7 92.238 91.973 91.508 91.235 91.038 90.57 90.185 89.788 89.438 89.058 88.745 88.425 88.138 87.965 87.763 87.623 87.52 87.393 87.27 87.126 86.908 86.526 86.038 85.526 85.018 84.631 84.423 84.223 84.063 84.231 84.311 84.033 83.738 83.401 83.011 82.571 82.083 81.683 81.211 80.643 80.003 79.366 78.398 77.641 77.343 79.561 76.926 74.128 73.423 73.476 73.373 73.173 73.208 73.541 73.291 73.211 73.248 73.411 73.723 74.131 74.543
96.588 96.165 95.74 95.285 94.85 95.038 94.158 93.428 93.03 92.67 92.295 91.925 91.583 91.193 90.875 90.545 90.193 89.838 89.428 89.035 88.693 88.41 88.125 87.918 87.673 87.458 87.275 87.183 87.123 87.018 86.816 86.461 85.976 85.458 84.963 84.631 84.428 84.501 84.136 84.246 84.408 84.188 83.921 83.611 83.193 82.721 82.196 81.723 81.288 80.738 80.191 79.713 78.908 78.428 77.653 76.986 76.398 76.576 74.293 73.401 73.591 78.846 83.241 77.621 73.436 73.233 73.306 73.243 73.351 73.608 74.013
96.575 96.163 95.745 95.295 94.81 94.315 93.86 93.395 93.01 92.633 92.283 91.943 91.578 91.165 90.82 90.49 90.18 89.83 89.428 89.073 88.743 88.448 88.14 87.838 87.56 87.3 87.175 86.913 86.86 86.798 86.643 86.343 85.903 85.408 85.678 85.796 86.448 84.428 84.141 84.243 84.491 84.373 84.166 83.848 83.518 83.046 82.381 81.876 81.456 80.998 80.436 79.973 79.363 78.833 78.313 77.633 76.908 77.398 75.913 73.441 73.503 89.798 89.988 77.196 73.221 74.098 74.221 72.948 73.068 73.258 73.586
96.525 96.138 95.738 95.278 94.805 94.343 93.893 93.398 92.97 92.62 92.278 91.923 91.553 91.145 90.805 90.47 90.14 89.785 89.43 89.1 88.803 88.505 88.168 87.78 87.448 88.778 88.978 86.835 86.575 86.513 86.398 86.161 85.768 85.858 92.388 92.306 86.303 83.846 83.941 84.196 84.501 84.578 84.488 84.188 83.763 83.401 82.656 82.171 81.766 81.263 80.763 80.208 79.631 79.151 78.721 78.251 77.483 76.546 75.418 73.948 73.441 82.373 82.141 74.216 72.668 73.183 74.336 72.971 72.798 72.971 73.211
96.393 96.05 95.693 95.24 94.79 94.36 93.91 93.455 93.005 92.625 92.245 91.858 91.473 91.08 90.75 90.4 90.09 89.738 89.405 89.13 88.853 88.53 88.178 87.808 87.533 89.493 89.415 86.978 86.353 86.233 86.121 85.936 85.596 85.201 87.558 95.228 90.053 83.728 83.743 83.966 84.261 84.621 84.641 84.513 84.148 83.661 83.083 82.601 82.218 81.748 81.188 80.636 80.098 79.653 79.291 78.848 78.106 77.083 75.973 74.956 73.938 73.416 74.823 73.011 73.043 73.361 79.968 73.056 72.753 72.783 72.948
96.213 95.915 95.558 95.158 94.788 94.395 93.955 93.49 92.983 92.548 92.165 91.765 91.365 90.973 90.61 90.27 89.943 89.663 90.388 89.135 88.833 88.53 88.178 87.85 87.503 87.275 86.788 86.49 86.288 86.116 85.968 85.748 85.453 85.098 84.883 88.823 90.113 83.606 83.538 83.656 83.933 84.328 84.586 84.688 84.528 84.101 83.576 83.073 82.701 82.296 81.856 81.301 80.738 80.201 79.808 79.366 78.706 77.741 76.558 76.236 76.566 73.581 73.301 73.073 73.456 72.786 75.118 72.803 72.681 72.696 72.761
95.99 95.718 95.393 95.045 94.695 94.36 93.918 93.39 92.913 92.455 92.048 94.2 93.418 90.813 90.44 90.13 89.818 89.55 93.903 89.83 88.723 88.478 88.213 87.905 87.573 87.25 86.923 86.605 86.365 86.146 85.986 85.711 85.331 84.971 84.798 84.506 83.813 83.538 83.396 83.396 83.536 83.833 84.166 84.503 84.676 84.491 84.046 83.606 83.243 82.846 82.403 81.981 81.536 80.928 80.416 79.883 79.233 78.298 77.166 76.888 76.528 73.643 73.451 73.101 73.061 72.933 72.473 72.471 72.638 72.618 72.638
95.728 95.465 95.143 94.863 94.525 94.158 93.743 93.238 92.748 92.3 91.888 98.188 93.598 90.605 90.31 90.04 89.715 89.433 92.018 88.918 88.625 88.388 88.148 87.865 87.59 87.328 87.06 86.805 86.54 86.326 86.298 85.863 85.363 85.018 84.791 84.283 83.796 83.561 83.396 83.351 83.301 83.348 83.623 84.038 84.483 84.646 84.396 84.066 83.728 83.348 82.946 82.578 82.163 81.603 81.028 80.443 79.728 78.796 77.801 76.741 75.498 73.988 73.613 73.123 73.051 72.993 72.778 72.256 72.426 72.608 72.571
95.435 95.19 94.898 94.625 94.265 93.898 93.465 92.943 92.438 91.968 91.58 92.345 91.15 90.41 90.123 89.86 89.573 89.3 89.02 88.773 88.513 88.278 88.033 87.788 87.563 87.328 87.093 86.905 86.66 86.456 86.338 85.956 85.601 85.178 84.828 84.338 83.891 83.718 83.638 83.448 83.291 83.231 83.323 83.678 84.221 84.606 84.636 84.828 84.103 83.738 83.416 83.033 82.653 82.173 81.656 80.953 80.181 80.401 80.351 77.351 75.626 74.263 73.818 73.258 73.093 73.013 72.943 72.621 72.248 72.528 72.583
95.103 94.823 94.595 94.333 94.003 93.595 93.155 92.615 92.053 91.498 91.075 90.715 90.368 90.183 89.945 89.693 89.453 89.175 88.9 89.4 90.33 88.883 87.933 87.675 87.44 87.258 87.098 86.94 86.733 86.526 86.461 86.101 86.283 85.466 85.221 84.703 84.241 83.886 83.658 83.496 83.363 83.298 83.301 83.591 84.003 84.448 84.648 84.521 84.273 83.998 83.718 83.368 82.971 82.493 82.061 81.333 80.423 79.668 81.506 79.618 79.621 75.438 73.903 73.313 73.036 72.986 72.921 72.851 72.508 72.151 72.526
94.71 94.435 94.215 93.95 93.63 93.258 92.818 92.258 91.665 91.045 90.588 90.275 90.098 90.008 89.858 89.643 89.343 89.05 88.78 92.025 98.845 94.073 87.838 87.553 87.325 87.15 87.023 86.88 86.693 86.506 86.416 86.153 85.936 85.746 85.788 85.428 84.758 84.213 83.743 83.641 83.496 83.408 83.443 83.576 83.803 84.238 84.433 84.406 84.201 83.971 83.731 83.408 82.998 82.486 81.993 81.353 80.556 79.498 78.988 78.048 77.678 74.516 73.861 73.051 72.886 72.981 73.001 72.911 72.703 72.288 72.268
94.298 93.978 93.748 93.488 93.19 92.85 92.395 91.89 91.315 90.685 90.175 89.908 89.833 89.825 89.738 89.575 89.298 89 88.733 92.193 96.698 92.243 87.725 87.485 87.285 87.098 86.928 86.78 86.578 86.401 86.268 86.111 85.873 85.966 86.101 87.241 85.146 84.596 83.983 83.723 83.573 83.501 83.486 83.561 83.743 83.913 84.158 84.523 83.808 83.601 83.311 83.046 82.698 82.198 81.773 81.091 80.478 79.741 78.498 77.208 76.791 76.971 75.223 72.903 72.723 72.851 72.918 72.831 72.581 72.643 72.051
