data/LIDAR-DSM-2M-NZ24se/nz2641_DSM_2M.asc
ncols 500
nrows 500
xllcorner    426000
yllcorner    541000
cellsize     2
NODATA_value -9999
[rows 0 to 31 of 500, columns 144 to 215 of 500]
101.947 101.942 101.995 102.057 102.107 102.17 102.225 102.308 102.46 105.718 109.185 105.34 110.003 111.235 111.008 110.755 110.49 105.483 104.03 105.98 108.775 108.753 107.14 108.118 108.515 108.725 108.885 103.435 106.315 108.305 107.685 107.635 107.588 107.7 108.235 105.545 105.4 107.608 107.075 106.98 106.828 107.02 107.543 106.633 101.633 99.98 101.528 103.558 106.225 106.555 104.9 104.19 103.59 101.613 100.353 99.658 102.055 104.683 104.445 99.64 97.893 97.558 97.203 96.668 96.8 96.615 96.56 96.583 96.65 96.745 96.18 96.5
101.927 101.95 102.297 102.045 102.01 102.085 102.208 102.235 102.318 103.025 103.63 104.78 108.17 109.058 109.66 109.243 106.48 105.755 103.233 103.075 106.5 105.913 102.37 103.263 103.1 104.255 105.43 102.528 102.75 104.77 102.585 101.698 104.425 104.508 103.76 103.5 102.375 103.795 104.185 104.13 102.05 100.863 101.38 102.563 102.643 99.933 101.418 103.988 106.073 106.595 104.613 100.473 99.688 100.31 99.813 99.513 99.358 99.73 98.645 97.72 97.453 96.933 96.418 96.31 96.268 96.298 96.288 96.24 96.133 96.735 95.833 95.758
101.917 101.895 102.035 101.97 102.007 102.08 102.15 102.228 102.295 102.358 102.36 102.928 104.96 103.56 103.335 104.22 102.815 103.505 103.67 102.43 104.923 104.508 102.498 102.933 102.308 102.28 103.005 102.215 102.488 103.948 102.055 101.538 102.705 102.02 101.36 101.723 101.95 101.255 102.273 101.588 101.07 100.748 100.54 100.633 101.285 99.32 100.888 103.898 105.23 106.493 104.225 100.428 98.93 98.985 99.278 98.595 98.258 97.965 97.603 97.328 96.748 96.323 96.183 96.005 95.963 95.98 95.95 95.858 95.7 96.26 95.423 95.098
101.897 101.875 101.812 101.915 102.005 102.03 102.135 102.198 102.268 102.32 102.363 102.92 103.46 102.685 102.625 102.648 102.595 102.89 104.193 102.343 102.945 102.728 102.335 103.025 103.2 102.73 103.895 101.948 101.368 101.528 101.603 101.743 101.973 101.34 101.03 101.083 100.773 100.473 100.048 99.62 100.25 99.248 99.463 99.81 100.525 99.053 100.388 102.438 100.523 100.85 101.448 99.16 98.248 98.43 99.11 98.48 97.59 97.425 97.208 96.74 96.283 96.14 95.97 95.74 95.68 95.673 95.635 95.513 95.395 95.365 95.088 94.865
101.857 101.827 101.815 101.9 101.962 102.022 102.108 102.198 102.303 102.353 102.355 102.47 103.765 102.583 102.563 102.545 102.54 102.505 103.783 102.448 102.29 102.228 102.18 103.045 103.398 104.198 103.178 101.745 102.583 101.125 101.04 101.043 101.928 100.97 100.708 100.468 99.75 99.45 99.538 99.693 99.663 98.855 98.78 99.173 99.798 98.78 99.998 98.918 98.94 98.87 98.603 98.188 97.9 97.87 99.055 97.618 97.175 97.023 96.693 96.23 96.078 95.943 95.79 95.58 95.44 95.32 95.295 95.19 95.038 94.873 94.735 94.555
101.74 101.767 101.825 101.895 101.917 102.687 103.425 102.928 104.068 103.953 102.298 102.35 103.775 102.653 102.545 102.425 102.303 102.365 103.135 102.238 101.865 101.783 101.72 102.27 102.77 104.12 103.753 101.985 100.595 100.858 100.593 100.595 100.295 100.188 100.063 99.885 99.603 99.358 99.695 99.373 99.65 98.768 98.643 98.725 99.403 98.49 99.603 98.388 98.258 98.123 97.933 97.763 97.613 97.823 98.838 96.88 96.34 96.27 96.31 96.025 95.913 95.748 95.613 95.405 95.208 95.038 95.278 96.178 95.025 95.143 94.458 94.218
101.735 102.052 102.942 105.967 106.187 106.605 107.233 105.825 105.645 104.975 102.175 102.25 102.69 102.788 102.133 102.055 101.928 101.918 102.7 102.113 101.63 101.495 101.63 102.473 101.358 101.18 101.288 102.813 100.595 99.92 99.835 99.943 99.853 99.47 99.455 99.398 99.433 98.963 98.93 98.903 99.773 99.208 98.478 98.433 99.12 98.318 99.22 98.025 97.84 97.78 97.655 97.54 97.425 97.388 99.065 98.005 98.375 98.125 96.64 95.863 95.753 95.62 95.45 95.275 95.058 94.823 94.71 94.608 94.613 94.39 94.123 94.045
101.725 103.265 107.272 108.76 107.967 106.62 107.295 106.538 106.638 106.935 102.56 102.068 102.47 103.015 101.96 101.848 101.743 101.733 101.963 102.16 101.485 101.468 101.33 102.18 101.02 100.42 100.68 101.455 101.015 99.76 99.685 99.728 99.898 99.253 99.188 99.11 99.048 98.68 98.603 98.533 99.07 98.67 98.35 98.268 98.973 98.268 99.083 97.815 97.638 97.578 97.485 97.343 97.24 97.025 98.515 98.758 98.74 98.693 97.053 95.785 95.6 95.453 95.313 95.14 94.96 94.788 94.57 94.413 94.3 94.203 94.153 94.088
102.05 103.345 106.707 108.595 108.367 107.63 107.55 107.74 108.103 108.283 104.085 101.955 102.123 102.53 102.89 102.605 101.548 101.445 101.55 102.428 101.263 101.068 101.038 101.065 101.103 100.328 100.305 100.433 100.93 99.608 99.488 99.575 99.538 99.003 98.92 98.893 98.943 98.403 98.403 98.418 99.308 98.978 98.135 98.145 98.63 97.705 98.705 97.665 97.498 97.375 97.22 97.035 97.11 96.723 98.675 99.003 97.898 98.263 97.408 95.963 95.493 95.385 95.258 95.068 94.868 94.695 94.508 94.353 94.258 94.18 94.13 94.098
106.682 107.787 108.175 108.765 109.045 109.307 109.11 109.403 109.555 109.533 107.323 101.875 101.92 102.453 101.898 101.618 101.335 101.37 101.283 102.448 101.003 100.938 100.89 100.888 101.035 100.475 100.173 101.765 103.395 100.148 99.238 99.163 99.395 98.785 98.685 98.613 98.638 98.075 98.115 98.205 98.785 98.49 97.828 97.935 98.935 97.868 98.288 97.373 97.235 97.083 96.868 96.73 96.558 97.205 100.063 98.14 96.178 96.035 95.745 95.485 95.445 95.32 95.215 95.088 94.935 94.73 94.508 94.318 94.213 94.188 94.17 94.295
109.067 109.402 109.782 110.357 110.35 110.172 109.643 108.975 108.638 108.195 105.12 101.675 101.713 101.848 101.503 101.283 101.133 101.775 101.54 102.153 101.003 100.815 100.765 100.73 100.833 100.29 100.008 101.663 101.3 99.535 99.055 98.965 99.02 98.538 98.45 98.408 98.613 97.875 97.68 97.77 98.31 97.868 97.45 97.388 98.168 97.63 98.118 97.583 97.13 96.77 96.483 96.613 96.618 97.37 98.525 96.83 95.78 95.51 95.403 95.415 95.398 95.308 95.28 95.183 94.963 94.785 94.533 94.428 94.363 94.295 94.295 94.788
110.245 109.957 109.687 109.345 108.972 108.64 107.92 106.44 103.53 103.745 101.873 101.545 101.585 101.635 101.258 101.118 100.978 101.218 101.04 101.448 101.018 100.37 100.395 100.278 100.143 100.663 99.853 101.665 100.148 99.035 98.928 99.04 99.053 98.345 98.25 98.245 98.753 98.073 97.715 97.698 98.185 97.503 97.338 97.295 97.73 97.583 97.703 99.22 97.808 96.82 96.385 97.135 97.72 97.69 95.8 95.735 95.518 95.47 95.503 96.11 95.533 95.395 95.99 95.69 94.658 94.448 94.433 94.463 94.443 94.415 94.688 95.178
108.795 108.315 108.12 107.702 105.21 105.755 104.408 102.253 101.713 101.585 101.668 101.385 101.435 101.603 101.16 100.915 100.813 100.773 100.535 100.655 100.683 100.055 101.523 99.985 99.763 99.658 100.108 101.225 100.42 99.625 98.868 98.955 98.865 98.363 98.118 98.188 98.425 98.54 99.158 99.415 98.728 98.34 97.75 97.9 97.843 97.758 97.44 98.005 96.45 96.688 96.53 98.608 97.563 95.915 95.563 95.538 95.513 95.463 96.158 96.31 95.72 95.69 95.085 94.715 94.523 94.258 94.718 95.178 96.483 96.57 94.123 94.695
106.272 104.697 103.022 102.55 101.717 101.665 101.723 101.6 101.408 101.393 101.343 101.345 101.365 101.445 101.185 100.775 100.635 100.508 100.31 100.258 99.973 100.018 101.758 101.285 100.47 99.395 99.5 99.705 99.713 99.28 98.853 99.508 99.953 98.765 98.113 98.008 98.813 100.508 102.425 102.493 100.728 100.093 98.125 98.36 97.58 97.573 97.26 97.895 96.535 97.758 97.585 96.778 95.86 95.673 95.565 95.553 95.518 95.51 95.648 96.295 95.733 95.22 95.75 94.755 94.148 94.013 95.75 97.665 98.36 97.89 94.86 93.515
101.55 101.587 101.517 101.437 101.4 101.375 101.383 101.395 101.433 101.445 101.433 102.09 101.568 102.733 103.123 103.178 103.215 101.365 100.45 100.288 100.125 102.585 101.11 100.098 101.178 99.945 99.99 99.88 99.46 98.923 98.748 98.84 99.23 99.198 98.78 98.323 98.808 99.11 101.31 99.59 98.138 98.518 98.505 97.655 97.265 96.79 97.218 97.478 96.963 97.055 96.448 95.745 95.638 95.635 95.58 95.58 95.575 95.488 95.69 96.163 97.195 97.778 96.51 94.915 94.415 94.333 94.675 97.475 98.295 98.195 96.248 92.865
101.375 101.355 101.377 101.37 101.325 101.375 101.518 101.56 101.388 101.293 100.975 100.828 101.273 101.05 100.393 100.713 101.03 100.22 99.798 99.703 99.593 100.17 99.685 99.6 100.003 99.225 98.703 98.803 99.388 99.563 98.915 98.105 98.388 98.228 97.995 97.535 97.35 97.658 97.46 97.253 96.888 96.79 96.783 96.838 96.67 96.84 97.81 97.65 96.285 95.95 95.933 95.725 95.695 95.635 95.623 95.658 95.653 94.998 94.278 97.168 98.68 99.04 98.328 95.538 94.07 95.06 94.028 97.043 98.075 98.405 97.723 94.388
101.4 101.505 101.37 101.705 101.482 101.055 100.945 101.535 100.54 100.493 100.97 101.16 101.05 100.48 100.383 100.33 99.97 99.898 99.618 99.37 99.78 100.148 100.333 99.763 100.883 100.688 100.488 99.365 99.935 99.65 99.408 99.523 98.78 97.433 97.288 97.238 97.138 97.075 96.968 96.878 96.823 96.738 96.72 96.748 96.83 96.978 97.67 98.158 96.07 95.815 95.76 95.725 95.74 95.743 96.11 95.563 95.543 95.565 94.333 96.06 98.443 99.045 98.635 96.813 93.195 95.073 97.02 97.76 98.038 98.423 97.97 95.21
101.325 101.647 101.01 100.755 100.627 100.617 101.195 100.93 100.475 102.23 100.455 100.2 101.475 99.795 99.46 99.345 99.165 99.01 98.835 98.91 98.47 98.963 99.513 98.655 97.945 97.858 98.048 97.673 97.578 97.42 97.31 97.26 98.503 97.163 97.16 96.995 96.933 96.938 96.913 96.858 96.845 96.743 97.08 96.885 96.628 96.768 97.408 96.98 95.848 95.808 95.815 95.953 96.04 95.973 96.975 95.563 95.493 95.19 94.473 96.36 98.24 98.86 98.863 98.175 94.058 94.098 96.673 97.67 97.673 98.283 98.185 97.485
100.897 100.922 100.577 100.775 100.53 100.642 100.763 100.465 99.403 99.34 99.175 99.59 99.438 99.22 98.505 98.475 98.288 98.175 98.053 97.953 97.78 97.89 98.695 98.608 97.433 97.345 97.255 97.218 97.168 97.103 97.06 97.03 98.588 97.333 96.973 96.945 96.953 96.958 96.938 96.925 96.863 96.983 96.78 96.78 96.825 97.165 97.008 95.993 95.858 95.833 96.348 97.228 97.233 95.658 95.695 95.36 95.803 95.3 96.28 98.1 98.383 98.69 99.03 98.38 94.115 93.07 93.798 92.448 96.473 98.078 98.363 97.735
100.795 100.367 99.985 99.912 99.432 99.177 99.073 98.825 98.728 98.708 98.565 98.518 98.255 98.705 97.735 97.728 97.64 97.553 97.488 97.408 97.325 97.33 98.583 98.57 97.205 97.218 97.178 97.17 97.15 97.12 97.255 97.625 98.41 97.445 96.983 96.96 97.163 98.013 97.528 97.153 100.393 100.793 96.75 97.34 96.803 96.588 96.323 95.903 95.875 96.368 97.495 97.62 96.065 95.288 95.313 97.15 98.39 96.35 95.808 97.948 98.403 98.45 98.948 98.6 95.518 92.428 94.175 92.123 95.498 97.835 97.85 96.503
100.375 100.31 99.21 98.932 98.627 98.53 98.485 98.363 98.64 98.11 97.835 97.735 97.63 98.09 97.42 97.39 97.365 97.343 97.32 97.28 97.233 97.313 97.953 98.408 97.398 97.203 97.175 97.165 97.163 97.288 99.72 99.978 99.903 98.533 99.258 99.938 100.865 103.1 103.448 103.638 103.988 102.993 97.023 96.973 96.503 96.208 95.94 95.928 95.923 96.675 97.483 96.903 96 95.25 95.728 97.98 99.17 97.79 94.923 95.43 95.305 97.978 98.825 98.835 97.038 92.468 93.173 92.97 94.235 95.258 94.115 92.405
100.525 99.767 98.777 97.89 97.725 97.745 97.75 97.445 97.488 97.515 97.39 97.425 97.443 97.748 97.57 97.308 97.38 97.28 97.285 97.248 97.21 97.178 97.175 98.553 97.513 97.168 97.173 97.128 97.143 97.158 99.33 100.3 99.883 97.928 101.768 102.36 102.65 104.12 105.09 105.395 104.943 103.428 97.803 96.77 96.503 96.148 95.968 95.968 96.228 96.523 98.138 97.815 96.728 96.095 95.403 96.57 98.695 97.965 93.663 92.858 92.938 97.248 98.25 95.45 93.355 92.233 92.743 94.028 91.91 91.705 91.635 91.503
100.527 99.955 98.79 97.787 97.622 97.597 97.38 97.368 97.498 97.673 97.535 97.385 97.608 97.778 97.74 97.378 97.388 97.323 97.413 97.39 97.983 98.398 97.86 98.643 97.19 97.163 97.37 99.57 100.383 100.315 101.79 102.548 101.205 98.023 102.883 103.065 103.095 103.97 105.028 104.865 104.503 103.615 98.158 96.735 96.473 96.093 95.993 95.958 96.223 97.065 99.555 97.97 97.958 96.745 95.865 96.465 96.355 95.215 92.995 92.845 92.835 94.215 93.505 92.243 92.163 92.373 92.448 93.47 91.525 91.688 91.708 91.94
100.445 99.795 98.855 99.332 97.9 98.052 98.688 99.56 101.443 102.525 103.145 103.15 102.705 98.115 97.558 99.498 100.875 101.415 101.54 102.738 101.448 102.25 100.72 97.665 98.85 101.913 102.978 103.333 103.703 103.86 104.038 104.083 102.815 98.818 101.505 102.438 101.958 103.468 103.29 103.263 102.35 100.775 99.07 96.685 96.338 96.04 96.03 96.045 96.198 97.043 97.053 98.433 100.645 96.348 95.545 95.89 94.673 94.195 93.015 92.965 93.13 93.785 92.183 92.045 91.95 92.238 92.368 92.783 92.648 92.655 92.143 92.68
100.102 99.795 98.807 98.21 98.695 102.76 103.698 103.913 104.13 104.315 104.425 104.528 103.23 98.968 98.178 103.76 104.298 104.553 104.75 104.105 102.895 103.01 103.08 97.85 99.443 103.778 104.473 104.435 104.383 104.268 104.175 103.945 101.12 97.16 98.543 99.058 99.3 99.768 97.398 98.325 97.308 96.81 96.735 96.61 96.223 96.018 96.023 96.163 96.28 96.813 96.445 96.31 97.54 97.783 95.48 96.278 93.88 93.613 93.223 93.615 92.885 92.63 92.02 91.993 92.253 92.535 93.263 92.933 91.86 91.148 91.265 94.268
99.662 99.707 98.807 98.197 98.327 104.282 104.673 104.628 104.55 104.375 104.18 104.348 103.733 98.648 99.3 103.55 105.225 105.74 105.603 104.395 103.145 102.74 102.233 98.208 98.453 103.603 103.993 103.463 103.223 102.68 102.175 101.498 98.56 97.133 96.79 96.778 96.773 97.038 96.883 96.888 96.855 96.775 96.68 96.51 96.17 96.08 96.083 96.203 96.353 96.668 96.478 96.41 96.295 95.935 95.743 95.545 93.818 93.495 93.09 92.873 92.233 92.333 92.87 93.16 93.28 93.308 92.415 91.458 91.638 90.785 90.83 93.785
99.537 99.91 98.692 98.272 97.602 102.617 103.665 103.303 102.825 102.828 102.418 102.4 102.353 98.485 98.405 103.32 104.658 104.573 104.335 104.243 102.703 101.058 100.955 98.603 98.383 103.415 104.085 102.56 100.963 100.705 99.953 97.148 97.15 96.98 96.75 96.733 96.735 96.775 96.773 96.793 96.79 96.723 96.583 96.335 96.108 96.133 96.223 96.39 96.355 96.473 96.52 96.475 96.323 96.003 95.588 96.03 93.73 93.295 94.94 94.913 93.495 93.48 92.82 92.355 91.558 91.983 91.13 90.71 91.26 90.363 91.958 93.908
99.532 99.527 98.687 97.972 97.525 98.015 98.463 100.343 100.793 100.618 100.355 101.033 100.795 99.043 98.253 102.318 103.72 101.665 101.593 100.26 98.848 97.238 97.64 97.743 97.66 102.048 102.923 101.763 98.198 97.97 97.455 97.125 97.023 96.975 97.183 97.075 96.718 96.71 96.74 96.738 96.725 96.598 96.465 96.23 96.115 96.15 96.343 96.31 96.568 96.543 96.558 96.508 96.16 95.583 95.295 96.545 95.163 94.06 94.998 94.023 92.14 92.483 93.268 94.825 91.965 91.283 91.05 90.195 90.35 89.96 90.33 93.813
99.642 99.42 98.822 98.005 97.46 97.412 97.425 98.088 97.93 97.37 97.948 97.628 97.313 97.293 97.623 97.255 97.368 97.703 97.645 97.355 97.405 97.705 97.553 98.175 97.063 99.203 97.15 97.178 97.07 97.108 97.063 97.035 97.003 96.945 97.003 97.48 96.673 96.683 96.745 96.71 96.63 96.488 96.278 96.168 96.17 96.21 96.305 96.385 96.888 96.545 96.518 96.498 96.248 95.573 95.445 95.813 94.818 93.885 92.435 92.18 91.478 93.058 94.89 95.165 94.425 93.143 89.783 89.663 89.785 90.615 89.86 93.608
99.617 99.527 98.952 98.45 97.6 97.437 97.385 97.958 97.465 97.358 99.238 97.993 97.528 97.77 97.398 97.24 97.195 97.18 97.168 97.165 97.143 97.708 97.803 97.748 97.048 97.178 97.543 97.015 97.048 97.068 97.038 97.003 96.945 96.89 96.718 96.643 96.625 96.695 96.763 96.683 96.565 96.363 96.21 96.185 96.188 96.368 96.39 96.42 96.56 96.505 96.535 96.495 96.433 95.935 95.22 95.665 93.685 93.023 92.325 91.915 91.195 92.585 94.448 95.033 95.113 94.513 91.843 89.348 90.05 90.618 89.86 92.49
99.582 99.497 102.365 101.102 97.61 97.46 97.443 97.535 97.393 97.905 100.948 97.755 98.2 98.213 97.523 97.293 97.263 97.248 97.208 97.153 97.165 97.188 97.1 97.07 96.998 97.048 98.165 96.98 97 97.02 97.008 96.95 96.898 96.848 96.713 96.59 96.545 96.643 96.695 96.615 96.41 96.255 96.258 96.225 96.378 96.44 96.46 96.71 97.063 96.503 96.513 96.483 96.31 95.72 95.015 95.393 93.848 92.983 92.253 92.19 93.09 91.173 93.203 94.575 95.153 94.94 94.345 90.635 89.24 89.633 90.43 90.82
99.445 99.735 99.405 98.947 97.76 97.45 97.458 97.465 97.445 97.778 99.27 97.865 97.903 97.645 97.325 97.235 97.3 97.245 97.203 97.185 97.203 97.893 97.15 97.058 96.978 96.98 97.403 96.973 96.968 96.983 96.95 96.905 96.85 96.765 96.685 96.573 96.53 96.55 96.55 96.42 96.328 96.298 96.27 96.393 96.46 96.488 96.55 96.603 96.693 96.495 96.518 96.468 96.305 95.728 95.19 95.448 93.908 92.85 92.168 91.485 92.08 91.148 91.753 94.16 94.738 95.143 94.8 93.608 89.72 88.998 90.518 88.145
