data/LIDAR-DSM-2M-NZ24se/nz2644_DSM_2M.asc
ncols 500
nrows 500
xllcorner    426000
yllcorner    544000
cellsize     2
NODATA_value -9999
[rows 403 to 433 of 500, columns 276 to 344 of 500]
103.372 103.367 103.352 103.355 104.055 103.88 104.417 103.362 103.332 103.342 103.3 103.28 103.295 103.285 103.29 103.335 103.367 103.41 103.427 103.447 103.42 103.37 103.347 103.307 103.275 103.257 103.27 103.232 103.215 103.217 103.207 103.137 103.962 103.385 102.812 102.672 102.52 102.502 102.235 102.09 101.965 102.295 102.185 101.955 101.605 101.46 101.347 101.195 101.097 100.962 100.84 100.745 100.645 100.56 100.597 100.472 100.3 100.25 100.29 100.267 100.13 100.907 101.575 100.655 100.1 99.922 99.812 99.91 99.95
103.327 103.307 103.307 103.3 103.52 103.65 103.832 103.3 103.275 103.26 103.285 103.307 103.327 103.362 103.365 103.35 103.385 103.445 103.467 103.475 103.45 103.37 103.362 103.315 103.305 103.257 103.567 103.877 103.277 103.27 103.335 103.2 103.427 103.52 103.877 104.607 105.822 104.487 102.267 102.065 101.927 101.882 101.735 101.627 101.48 101.35 101.227 101.12 100.977 100.86 100.745 100.65 100.535 100.435 100.435 100.367 100.16 100.112 100.085 100.047 99.94 100.035 100.66 100.052 99.68 99.677 99.675 99.66 99.642
103.305 103.262 103.26 103.272 103.257 103.262 103.257 103.29 103.325 103.337 103.355 103.365 103.365 103.385 103.392 103.39 103.415 103.445 103.497 103.517 103.495 104.077 103.4 103.347 103.355 103.297 103.442 104.417 103.3 104.715 105.98 105.067 105.732 106.185 106.197 106.195 106.175 105.167 102.697 102.065 101.872 101.755 101.627 101.505 101.402 101.232 101.125 100.997 100.897 100.76 100.66 100.55 100.44 100.36 100.317 100.227 100.037 99.935 99.925 99.902 100.092 99.745 100.355 100.157 99.56 99.507 99.61 99.527 99.532
103.23 103.267 103.22 103.255 103.267 103.29 103.32 103.342 103.327 103.38 103.395 103.407 103.552 103.457 103.542 103.53 103.455 104.272 104.565 103.892 103.522 104.69 103.88 103.42 103.372 103.355 103.862 104.66 105.1 105.977 106.195 106.192 106.17 106.187 106.195 106.132 106.227 105.837 104.81 103.63 101.78 101.655 101.532 101.395 101.3 101.155 101.062 100.892 100.795 100.685 100.572 100.46 100.347 100.252 100.26 100.187 99.957 99.747 99.707 99.672 99.817 99.665 100.122 100.42 99.51 99.405 99.405 99.555 99.25
103.207 103.257 103.285 103.3 103.337 103.355 103.36 103.395 103.392 103.482 104.472 103.575 104.71 104.302 105.895 104.335 103.49 104.517 104.272 104.12 103.747 104.715 104.98 103.952 104.457 105.657 106.175 106.215 106.182 106.197 106.205 106.21 105.722 106.315 106.742 107.24 107.525 107.455 106.022 105.272 101.995 101.552 101.442 101.315 101.19 101.035 100.927 100.81 100.697 100.6 100.5 100.407 101.13 100.39 100.1 100.09 99.807 99.587 99.5 99.465 99.55 99.565 99.957 100.025 99.742 99.602 99.257 99.202 99.032
103.282 103.29 103.312 103.345 103.38 103.375 103.457 103.44 103.432 103.452 105.012 104.61 104.4 105.392 105.257 105.195 103.662 104.51 105.435 106.655 107.505 107.812 105.712 103.647 104.73 106.167 106.19 106.205 106.2 105.985 106.76 107.075 107.382 107.527 107.555 107.57 107.54 107.552 106.142 105.952 102.507 101.477 101.35 101.21 101.087 100.98 100.81 100.722 100.612 100.492 100.382 100.307 100.767 100.322 99.96 99.94 99.7 99.422 99.312 99.38 99.322 99.28 99.187 99.272 99.607 99.12 99 98.935 98.867
103.302 103.317 103.375 103.397 103.442 103.442 104.105 104.392 103.49 103.505 104.402 105.122 103.66 105.122 105.412 106.357 107.305 107.675 107.915 108.19 108.425 108.672 107.372 104.48 103.442 106.21 106.542 106.382 107.275 107.497 107.562 107.582 107.585 107.577 107.565 107.557 107.542 107.565 106.88 105.967 103.237 101.377 101.245 101.142 101.277 101.805 100.747 100.642 100.53 100.425 100.285 100.275 99.962 99.912 100.187 99.717 99.47 99.215 99.227 99.14 99.172 99.095 99.005 98.922 99.257 99.255 98.83 98.765 98.722
103.435 103.52 103.627 103.452 103.477 103.48 104.012 105.505 103.59 103.677 104.332 105.46 106.387 107.292 107.82 108.062 108.322 108.565 108.715 108.702 108.55 108.28 107.122 104.442 103.4 104.305 107.552 107.557 107.562 107.567 107.57 107.567 107.585 107.562 107.562 107.55 107.54 107.545 107.055 105.96 105.12 101.375 101.185 101.062 101.022 101.92 100.675 100.572 100.47 100.265 100.012 100.205 99.782 99.825 99.4 99.125 99.077 99.077 99.07 98.942 98.98 98.825 99.197 98.7 98.917 100.055 98.762 98.635 98.612
104.032 104.125 104.395 103.507 103.505 103.517 104.047 106.132 106.977 107.677 107.8 107.94 108.22 108.472 108.665 108.7 108.622 108.38 108.14 107.915 107.61 107.375 107.022 103.857 103.312 103.275 107.217 107.565 107.555 107.585 107.567 107.587 107.587 107.56 107.092 107.077 104.61 104.13 101.847 103.59 102.707 101.222 101.117 101.005 101.067 101.062 100.485 100.267 100.162 99.762 99.462 99.272 99.035 98.92 98.882 98.907 98.887 98.86 98.97 98.867 98.965 98.56 98.842 98.542 98.715 100.397 98.945 98.62 98.47
104.457 104.36 104.567 104.662 106.13 107.41 108.612 109.027 109.292 109.562 108.737 108.697 108.672 108.525 108.252 108 107.76 107.487 107.232 107.042 106.945 106.837 106.915 104.257 103.262 103.18 105.102 107.542 107.557 107.557 107.562 107.515 105.597 104.645 102.937 102.107 102.08 101.975 101.912 101.832 101.547 101.235 100.997 100.837 100.57 100.235 100.192 99.897 99.602 99.23 99.032 98.887 98.772 98.692 98.825 99.06 98.627 98.127 98.087 98.222 98.11 98.197 98.25 98.255 98.4 99.347 99.25 99.212 98.37
105.727 106.622 108.135 108.845 109.21 109.455 109.697 109.892 109.935 109.857 109.057 108.13 107.872 107.602 107.357 107.112 107.012 106.927 106.86 106.877 106.81 106.797 106.8 105.052 103.13 103.057 103.162 107.45 106.827 105.425 103.772 102.53 102.402 102.345 102.487 102.257 102.09 102.005 101.99 101.7 101.347 101.132 100.832 100.712 100.432 99.865 99.6 99.422 99.235 99.037 98.89 98.777 98.742 98.795 98.875 99.702 98.025 97.337 97.54 97.742 97.882 97.957 98.002 98.025 98.092 99.152 98.752 99.055 98.315
109.12 109.367 109.635 109.907 109.967 109.937 109.762 109.53 109.235 108.98 108.375 107.237 107.055 106.96 106.912 106.822 106.845 106.827 106.815 106.797 106.797 106.785 106.757 105.997 102.935 102.915 102.855 102.752 102.842 102.69 102.597 102.49 102.385 102.312 102.232 102.232 101.96 101.83 101.65 101.515 101.182 100.907 100.582 100.397 100.032 99.695 99.48 99.215 99.105 98.935 98.79 98.67 98.892 98.49 97.38 98.65 98.81 97.892 97.197 97.767 97.607 97.72 97.755 97.777 97.8 98.195 100.722 101.297 102.315
109.98 109.98 109.875 109.63 109.355 109.087 108.842 108.41 107.957 107.315 107.115 106.93 106.827 106.837 106.825 106.792 106.8 106.797 106.802 106.772 106.695 105.65 105.085 103.455 102.745 102.745 102.887 102.617 102.745 102.717 102.497 102.315 102.295 102.192 102.015 102.3 101.75 101.742 101.4 101.242 101.025 100.767 100.527 100.252 100.017 99.702 99.327 99.217 99.185 98.87 98.717 98.712 98.41 97.362 97.537 101.392 100.725 99.345 99.115 100.165 97.89 97.377 97.38 97.345 97.67 97.872 98.622 104.582 103.195
109.452 109.205 108.892 108.205 106.752 107.535 107.142 106.855 106.905 106.817 106.82 106.812 106.802 106.802 106.805 106.795 106.782 105.93 105.595 104.127 103.41 102.962 102.922 102.825 102.682 102.497 102.457 102.34 102.315 102.327 102.265 102.115 102.075 101.992 102.012 101.757 101.64 101.47 101.315 101.172 101.042 100.677 100.632 100.115 99.822 99.505 99.577 99.377 99.047 99.07 98.907 98.465 97.407 97.757 100.375 101.455 101.467 100.812 100.49 101.115 100.4 97.387 96.95 98.032 98.24 97.242 98.025 100.122 100.565
107.595 105.945 104.292 103.42 103.767 106.955 106.795 106.812 106.817 106.797 106.807 106.797 106.762 106.345 105.64 104.717 103.622 102.987 103.072 102.835 102.662 102.722 102.52 102.405 102.307 102.152 102.547 102.977 102.192 101.972 102.055 102.262 102.022 101.947 101.795 101.742 101.615 101.47 101.54 101.06 100.89 100.705 100.362 100.037 99.777 99.872 99.517 99.88 99.235 98.687 97.505 97.047 96.855 99.497 101.022 101.172 101.195 101.545 101.132 100.865 99.95 97.695 97.002 96.86 96.69 96.915 97.685 99.21 99.675
103.38 103.392 103.387 103.475 103.465 106.615 106.835 106.807 106.79 106.802 106.27 105.202 103.897 102.915 102.875 102.852 102.687 102.532 102.387 102.205 102.075 102.057 102.245 102.06 102.91 101.807 102.145 102.035 101.647 101.635 101.765 101.742 101.67 101.67 101.665 101.617 102.312 101.205 101.13 101.072 100.597 101.215 100.837 100.39 100.497 100.765 99.507 97.605 97.135 97.792 97.3 96.52 97.057 100.722 101.21 100.417 100.352 101.085 101.532 100.21 97.032 97.115 96.285 96.23 96.457 96.67 96.912 98.157 100.542
103.4 103.437 103.452 103.692 103.565 106.655 106.785 105.587 104.842 103.532 103.23 102.882 102.757 102.7 102.442 102.215 102.06 101.882 101.77 101.647 101.482 101.387 101.432 101.26 101.445 101.362 101.125 101.125 101.087 102.17 101.822 101.347 101.507 101.325 101.36 101.07 100.937 101.15 102.032 101.545 101.395 102.162 101.472 99.632 99.637 97.705 96.827 96.825 96.787 96.92 96.382 98.542 98.885 97.532 99.447 98.3 98.225 100.545 100.442 97.83 96.862 95.747 95.592 96.695 96.267 96.475 96.69 97.457 98.585
103.54 103.557 103.485 103.44 103.355 103.565 103.497 102.982 102.882 102.742 102.532 102.34 102.157 101.892 101.805 101.627 101.51 101.317 101.395 100.962 100.817 100.86 100.95 100.527 100.752 100.78 100.615 100.58 100.655 100.707 100.755 100.81 100.87 101.21 100.897 100.715 100.942 101.472 100.31 100.502 98.92 98.15 98.217 97.345 97.087 96.547 96.607 96.59 96.53 96.647 97.74 99.592 99.725 98.69 96.362 96.512 96.73 97.692 98.1 96.917 96.492 98.142 97.025 95.83 96.09 96.26 96.465 96.752 97.452
103.272 103.17 103.035 102.782 102.805 102.802 102.542 102.442 102.177 102.042 101.775 101.607 101.445 101.27 101.215 101.475 100.905 100.65 100.657 100.385 100.32 100.3 100.5 100.535 100.782 100.625 100.757 100.59 100.337 100 99.77 100.087 98.995 99.195 98.745 97.527 97.277 97.427 96.502 96.637 96.505 96.232 96.375 96.87 96.805 96.207 96.265 96.267 96.225 96.17 98.102 99.47 99.62 97.702 96.145 96.175 96.267 96.812 96.4 99.33 103.092 101.957 99.405 95.927 95.945 96.055 96.215 96.395 97.205
102.385 102.042 101.83 101.727 101.722 101.715 101.597 101.502 101.417 101.282 101.202 102.155 100.937 100.955 100.597 100.925 100.822 99.817 100.982 100.135 100.4 101.82 100.852 100.467 99.947 99.267 98.57 97.407 96.995 96.497 96.612 98.15 98.472 96.392 96.277 96.252 96.177 96.835 96.272 95.822 95.845 95.95 95.8 95.927 96.365 95.785 95.75 95.657 95.615 95.795 96.152 97.055 97.995 96.572 96.127 96.13 96.817 96.98 100.462 102.065 103.03 102.647 101.42 96.112 95.757 95.94 95.987 96.137 96.477
101.357 101.187 101.052 101.062 101.14 101.357 100.855 100.84 100.732 100.72 100.645 100.492 100.385 100.36 100.242 101.122 100.092 100.615 101.192 100.807 98.52 97.122 96.595 96.832 96.22 96.485 96.352 96.147 96.18 96.192 96.345 96.947 96.602 95.957 95.83 95.682 95.582 96.682 96.02 95.112 95.03 95.002 94.885 94.67 95.477 95.125 95.01 96.575 96.36 95.462 95.492 95.895 97.09 96.107 96.07 96.152 97.492 96.222 100.875 101.6 102.427 103.157 102.115 99.682 95.565 95.95 95.762 95.902 96.725
100.735 100.552 100.615 100.482 100.41 100.262 100.2 100.197 100.117 100.8 100.387 99.767 99.542 99.347 99.475 99.925 98.262 97.952 96.745 97.082 96.505 96.77 96.35 95.997 96.462 96.697 96.025 96.077 96.12 96.162 96.085 96.89 96.605 95.797 96.317 95.102 95.585 96.427 95.655 93.977 93.927 93.645 95.17 95.99 95.08 95.597 96.235 98.067 98.055 95.582 95.002 95.257 96.125 95.982 95.945 96.242 96.17 95.57 96.737 100.192 101.74 102.917 102.797 101.587 96.512 95.472 95.67 95.947 97.135
100.102 99.962 99.932 99.892 99.807 99.692 99.642 99.68 99.415 99.322 99.86 98.425 97.937 97.332 97.195 97.512 96.862 96.59 96.13 96.095 96.06 96.422 96.14 95.247 95.307 95.032 94.96 95.145 95.077 95.132 95.292 96.652 95.505 94.757 95.58 94.955 95.945 96.577 93.872 93.657 93.64 93.652 96.127 96.86 95.112 96.982 99.267 99.617 100.13 99.69 100.35 95.335 95.692 95.8 95.752 95.73 95.637 95.512 95.425 97.337 100.807 102.26 103.11 102.245 97.502 95.562 95.677 95.127 95.475
99.537 99.347 99.302 99.307 99.332 99.3 99.245 98.792 98.142 97.515 97.067 96.812 96.78 97.255 96.997 97.51 96.13 95.915 95.742 95.742 95.782 95.35 95.512 94.53 94.08 94.1 94.255 94.215 93.85 93.81 94.69 94.767 94.457 96.512 97.492 96.29 94.227 94.427 94.16 94.927 96.777 97.535 98.46 99.065 96.39 97.497 101.275 101.422 101.525 101.637 101.767 95.955 95.83 95.512 95.505 95.567 95.43 95.332 96.205 95.967 99.215 101.642 102.202 97.247 95.135 94.482 94.19 94.512 95.085
99.017 98.945 98.685 98.825 98.977 98.342 97.93 98.03 97.025 96.86 96.762 96.642 96.577 96.282 96.152 97.432 95.62 95.177 95.017 94.757 97.317 96.33 95.002 93.79 93.43 94.377 94.215 93.625 93.55 93.607 93.67 96.415 100.037 99.905 99.755 99.13 98.267 95.47 95.915 97.867 100.067 100.177 100.382 100.525 98.447 98.655 101.725 101.602 101.447 101.31 101.367 96.36 95.517 95.37 95.172 95.175 95.105 95.2 95.662 96.147 97.307 97.712 96.01 95.995 96.917 98.907 96.58 94.307 94.73
98.317 98.61 98.58 98.225 97.387 97.227 97.98 99.83 96.642 96.52 96.412 96.18 95.907 95.81 95.685 96.432 95.207 95.037 94.582 95.255 97 96.732 94.817 93.705 99.08 99.085 98.83 98.115 97.125 95.045 93.81 96.545 100.987 100.96 100.847 100.8 100.71 95.595 96.312 99.035 101.345 101.327 101.267 101.235 99.867 97.627 100.565 99.192 98.612 99.442 98.93 95.105 95.137 95.05 94.79 94.745 94.787 94.917 95.632 95.407 95.92 95.482 94.502 99.282 100.612 100.427 98.195 94.195 94.267
98.09 98 97.522 97.185 97.087 97.012 97.23 97.647 96.282 96.08 95.84 95.475 95.46 95.415 95.24 95.625 96.785 97.49 97.36 97.745 97.877 97.72 94.695 94.137 100.22 100.457 100.315 100.18 99.222 97.025 94.137 96.975 100.552 100.345 100.477 100.605 100.635 94.995 96.742 99.102 100.46 100.367 100.17 100.257 98.305 94.692 95.075 95.017 95.002 94.837 94.83 94.742 94.652 94.565 94.477 94.497 94.577 94.66 94.85 94.817 94.52 94.042 94.66 99.695 100.16 100.69 98.81 94.99 94.06
97.252 97.172 97.067 96.992 96.895 97.32 96.752 96.872 96.117 95.445 95.155 94.927 95.057 94.995 94.872 95.672 96.835 98.602 98.735 98.78 98.84 98.745 94.87 95.182 100.655 100.897 100.925 101.005 99.965 98.357 94.455 93.875 98.495 97.71 96.812 96.947 96.812 94.627 94.79 97.66 98.997 98.485 98.915 99.805 97.395 94.345 95.537 96.06 96.372 95 94.61 94.657 94.355 94.305 94.29 94.35 94.41 94.472 94.542 94.42 94.142 93.987 93.922 95.38 99.78 100.767 100.077 95.97 94.047
97.017 96.942 97.045 97.382 96.952 97.17 98.965 96.567 95.807 94.79 94.68 94.232 94.465 94.435 94.735 94.37 96.747 98.597 98.497 98.207 98.092 98.067 95.5 95.052 99.757 99.655 99.655 99.815 99.165 97.955 94.385 93.462 93.512 93.902 94.292 94.012 93.835 93.967 93.977 95.317 95.012 94.817 94.295 95.26 94.252 93.792 96.977 97.757 97.535 94.8 94.79 94.912 94.222 94.182 94.157 94.222 94.245 94.28 94.33 94.175 93.98 94.487 95.79 94.865 97.64 100.505 100.44 97.857 94.327
97.327 97.397 97.08 96.34 96.06 95.817 97.665 96.465 95.69 94.062 93.977 94.497 96.18 96.407 96.702 94.94 96.295 98.265 98.252 97.195 95.915 95.762 94.772 94.672 98.792 99.152 97.305 97.667 97.175 96.325 93.44 93.372 93.432 93.52 95.365 96.462 96.02 94.38 93.565 93.967 93.92 93.985 93.57 93.6 93.672 93.747 96.05 98.03 97.66 94.752 95.352 95.255 94.13 94.05 94.022 94.06 94.112 94.17 94.34 94.155 95.2 97.097 97.435 95.97 96 99.535 99.595 95.995 94.265
98.195 97.215 96.105 95.44 95.335 95.065 95.105 95.622 96.105 94.097 94.395 96.095 97.762 97.912 98.435 96.447 95.587 98.16 98.347 96.582 93.997 94.337 93.992 93.345 93.877 93.847 93.512 94.305 94.362 94.255 93.245 93.25 93.327 93.492 95.357 97.415 96.945 93.842 93.422 94.267 93.98 94.095 93.37 93.462 93.547 93.675 95.192 96.41 95.82 94.855 94.217 94.165 94.027 93.935 93.915 93.937 94.007 94.095 94.985 94.922 94.627 96.995 97.705 97.01 95.01 94.8 93.75 92.96 92.662
