data/LIDAR-DSM-2M-NZ24se/nz2640_DSM_2M.asc
ncols 500
nrows 500
xllcorner    426000
yllcorner    540000
cellsize     2
NODATA_value -9999
[rows 160 to 191 of 500, columns 144 to 215 of 500]
97.85 97.857 97.895 97.942 97.982 98.022 98.057 98.027 98.09 98.13 98.135 98.117 98.12 98.187 98.262 98.432 98.89 98.795 98.665 98.54 98.522 98.53 98.572 98.58 98.582 98.705 98.65 98.567 98.522 98.48 98.462 98.477 98.66 98.72 98.672 98.64 98.235 98.182 98.105 98.012 97.92 97.882 98.51 98.512 97.612 97.412 97.342 97.297 97.262 97.22 97.202 97.202 97.177 97.172 97.167 97.15 97.125 97.085 97.057 97.04 97.012 96.977 96.962 96.95 96.965 96.955 96.997 96.972 97 97.005 97.017 97.037
97.832 97.87 97.89 97.932 97.96 98.045 98.057 98.042 98.047 98.057 98.085 98.102 98.137 98.16 98.25 98.402 99.107 98.88 98.625 98.507 98.497 98.487 98.557 98.565 98.53 98.667 98.665 98.54 98.542 98.507 98.457 98.477 98.597 98.717 98.795 98.427 98.5 98.162 98.717 99.395 98.272 97.852 98.882 100.12 97.585 97.375 97.295 97.255 97.23 97.202 97.16 97.167 97.17 97.16 97.132 97.135 97.087 97.065 97.05 97.015 96.985 96.94 96.927 96.927 96.932 96.927 96.96 96.94 96.942 96.962 96.96 96.977
97.812 97.862 97.9 97.937 97.952 98.02 98.037 98.022 98.02 98.062 98.095 98.117 98.117 98.157 98.262 98.42 98.862 99.082 98.622 98.505 98.45 98.5 98.487 98.512 98.52 98.702 98.702 98.492 98.457 98.497 98.49 98.462 98.54 98.687 99.255 98.362 98.495 98.8 100.762 101.052 98.792 97.747 98.037 98.052 97.555 97.385 97.345 97.297 97.25 97.22 97.205 97.172 97.165 97.16 97.137 97.11 97.072 97.042 97.012 97.007 96.955 96.92 96.915 96.912 96.912 96.877 96.872 96.897 96.92 96.912 96.912 96.922
97.81 97.847 97.902 97.902 97.935 97.987 97.985 98.007 98.022 98.067 98.06 98.085 98.107 98.145 98.27 98.417 98.837 98.935 98.625 98.462 98.42 98.462 98.445 98.527 98.555 98.732 98.78 98.507 98.492 98.49 98.415 98.412 98.517 98.625 98.84 98.447 98.217 98.532 99.785 100.052 98.48 97.735 97.727 99.202 97.507 97.397 97.317 97.295 97.217 97.2 97.172 97.137 97.15 97.13 97.122 97.125 97.075 97.045 97.027 97.002 96.962 96.935 96.905 96.89 96.88 96.825 96.79 96.822 96.877 96.872 96.885 96.89
97.78 97.817 97.852 97.875 97.907 97.955 97.937 97.987 98.022 98.037 98.07 98.095 98.11 98.157 98.26 98.392 98.79 99 98.565 98.467 98.43 98.47 98.417 98.51 98.532 98.66 98.72 98.515 98.472 98.435 98.382 98.39 98.507 98.562 98.85 98.612 98.215 97.992 98.207 98.842 97.877 97.805 97.96 97.65 97.445 97.332 97.275 97.227 97.172 97.15 97.107 97.075 97.08 97.07 97.062 97.055 97.027 97.025 97.012 96.99 96.947 96.925 96.9 96.89 96.91 96.912 96.922 96.88 96.93 96.887 96.87 96.822
97.765 97.817 97.847 97.875 97.867 97.927 97.93 97.957 97.99 98.012 98.047 98.085 98.125 98.187 98.287 98.38 98.757 99.07 98.61 98.477 98.41 98.427 98.45 98.475 98.492 98.602 98.752 98.515 98.447 98.397 98.332 98.337 98.41 98.5 98.717 98.592 98.577 98.242 98.015 98.39 97.922 97.997 97.697 97.717 97.42 97.31 97.23 97.2 97.16 97.135 97.097 97.06 97.057 97.045 97.022 97.007 96.955 96.955 96.96 96.922 96.905 96.882 96.88 96.872 96.917 96.972 96.997 96.927 96.752 96.787 96.85 96.805
97.742 97.775 97.797 97.81 97.842 97.907 97.912 97.945 97.985 98.01 98.07 98.092 98.155 98.177 98.26 98.347 98.505 99.537 98.607 98.472 98.395 98.38 98.425 98.4 98.462 98.612 98.732 98.51 98.397 98.37 98.36 98.365 98.407 98.535 98.677 98.437 98.152 98.045 97.867 97.895 97.68 98.195 98.77 97.527 97.635 97.29 97.21 97.167 97.13 97.092 97.065 97.047 97.032 97.02 96.997 96.965 96.945 96.93 96.897 96.887 96.862 96.855 96.847 96.842 96.84 96.897 96.907 96.842 96.605 96.615 96.757 96.765
97.67 97.71 97.77 97.797 97.835 97.897 97.917 97.937 97.955 98.012 98.075 98.125 98.157 98.195 98.287 98.325 98.517 99.167 98.585 98.437 98.37 98.367 98.407 98.43 98.43 98.587 99.382 98.662 98.38 98.342 98.297 98.325 98.36 98.475 98.597 98.427 98.052 97.875 97.782 99.122 97.775 97.635 97.6 97.562 97.367 97.262 97.242 97.185 97.16 97.11 97.062 97.047 97.027 97.012 96.99 96.962 96.942 96.9 96.89 96.857 96.84 96.83 96.807 96.825 96.802 96.825 96.8 96.802 96.62 96.637 96.745 96.747
97.65 97.68 97.735 97.785 97.81 97.865 97.9 97.935 97.965 98.025 98.08 98.122 98.157 98.205 98.275 98.347 98.45 99.002 98.582 98.462 98.352 98.34 98.332 98.395 98.4 98.567 99.197 98.665 98.357 98.317 98.275 98.287 98.315 98.47 98.542 98.802 98.325 97.79 97.775 97.787 97.587 97.822 97.437 98.997 97.362 97.28 97.275 97.237 97.21 97.167 97.13 97.087 97.055 97.05 97.002 96.982 96.94 96.92 96.872 96.852 96.835 96.782 96.79 96.805 96.792 96.78 96.77 96.777 96.732 96.697 96.737 96.695
97.63 97.68 97.737 97.757 97.797 97.847 97.887 97.905 97.97 98.02 98.06 98.1 98.152 98.19 98.265 98.35 98.42 98.91 98.687 98.435 98.357 98.31 98.34 98.367 98.367 98.5 98.692 98.585 98.33 98.32 98.327 98.28 98.297 98.495 98.48 98.525 98.477 97.777 97.592 97.762 98.3 98.88 97.457 98.295 97.332 97.272 97.23 97.222 97.175 97.117 97.1 97.082 97.06 97.05 97.037 96.977 96.94 96.907 96.887 96.887 96.87 96.812 96.812 96.8 96.777 96.73 96.74 96.74 96.732 96.697 96.697 96.68
97.617 97.665 97.697 97.755 97.775 97.82 97.86 97.9 97.947 97.995 98.02 98.09 98.135 98.182 98.237 98.337 98.407 98.752 98.605 98.412 98.365 98.33 98.302 98.375 98.397 98.44 98.617 98.537 98.31 98.292 98.262 98.275 98.275 98.39 98.477 98.51 98.195 97.872 97.62 97.705 97.88 97.467 97.905 99.622 98.187 97.307 97.255 97.217 97.135 97.105 97.045 97.032 97.022 96.982 96.985 96.945 96.927 96.9 96.887 96.895 96.865 96.842 96.837 96.81 96.792 96.755 96.745 96.747 96.71 96.665 96.662 96.665
97.582 97.645 97.692 97.705 97.742 97.81 97.855 97.882 97.912 97.947 98 98.05 98.092 98.18 98.257 98.337 98.395 98.947 98.65 98.395 98.332 98.285 98.272 98.3 98.357 98.402 98.557 98.537 98.327 98.302 98.275 98.272 98.252 98.327 98.415 98.6 98.4 99.527 97.655 97.537 97.6 97.687 97.88 98.555 97.352 97.302 97.232 97.207 97.17 97.14 97.082 97.052 97.037 97 96.987 96.937 96.887 96.862 96.862 96.847 96.837 96.81 96.79 96.792 96.772 96.757 96.715 96.717 96.692 96.677 96.67 96.657
97.547 97.625 97.672 97.707 97.705 97.77 97.837 97.86 97.88 97.892 97.987 98.022 98.11 98.17 98.245 98.332 98.397 98.647 98.655 98.422 98.33 98.25 98.222 98.315 98.325 98.372 98.545 98.522 98.335 98.282 98.245 98.217 98.24 98.302 98.395 98.577 98.572 102.765 98.335 97.587 97.477 98.012 97.735 97.582 97.36 97.292 97.27 97.257 97.175 97.125 97.082 97.047 97.022 97.005 96.987 96.955 96.92 96.887 96.872 96.867 96.845 96.812 96.797 96.782 96.767 96.735 96.707 96.702 96.697 96.665 96.647 96.612
97.512 97.597 97.632 97.687 97.687 97.76 97.8 97.832 97.84 97.865 97.95 98.01 98.072 98.152 98.235 98.327 98.4 98.832 98.757 98.39 98.295 98.232 98.215 98.312 98.285 98.317 98.55 98.512 98.355 98.252 98.23 98.197 98.197 98.267 98.377 98.537 100.172 97.88 97.515 97.442 97.377 97.465 97.397 97.787 97.357 97.317 97.295 97.232 97.152 97.112 97.065 97.042 97.027 97.005 96.987 96.965 96.942 96.93 96.902 96.875 96.845 96.83 96.797 96.782 96.757 96.722 96.725 96.692 96.69 96.63 96.632 96.597
97.497 97.552 97.58 97.632 97.672 97.742 97.765 97.795 97.827 97.865 97.96 98.01 98.055 98.125 98.197 98.31 98.39 99.125 98.84 98.367 98.287 98.267 98.217 98.24 98.275 98.292 98.52 98.517 98.397 98.245 98.24 98.16 98.202 98.227 98.395 100.547 102.527 97.99 97.55 97.495 97.447 97.765 97.675 97.595 97.322 97.257 97.202 97.162 97.112 97.06 97.022 96.99 96.965 96.955 96.942 96.932 96.907 96.902 96.905 96.862 96.845 96.845 96.802 96.792 96.8 96.732 96.747 96.712 96.712 96.66 96.647 96.617
97.44 97.515 97.55 97.602 97.652 97.695 97.702 97.727 97.815 97.905 97.945 97.98 98.035 98.107 98.175 98.285 98.367 98.532 98.585 98.33 98.252 98.222 98.192 98.202 98.232 98.28 98.485 98.457 98.31 98.175 98.19 98.172 98.172 98.192 98.307 98.385 101.125 100.99 98.512 99.21 98.577 97.567 98.172 101.86 98.55 97.235 97.162 97.142 97.14 97.062 96.99 96.985 96.932 96.92 96.885 96.867 96.827 96.83 96.815 96.817 96.807 96.807 96.79 96.772 96.75 96.732 96.725 96.702 96.71 96.692 96.662 96.647
97.412 97.457 97.517 97.57 97.597 97.655 97.702 97.757 97.8 97.882 97.95 97.982 98.01 98.092 98.16 98.26 98.37 98.642 98.975 98.312 98.242 98.17 98.147 98.177 98.185 98.212 98.397 98.415 98.36 98.142 98.157 98.145 98.152 98.17 98.287 98.367 101.255 103.38 97.74 97.502 97.53 97.83 97.41 97.892 97.667 97.23 97.21 97.172 97.125 97.102 97.037 97 96.955 96.947 96.91 96.865 96.855 96.837 96.822 96.78 96.767 96.75 96.74 96.72 96.68 96.667 96.677 96.64 96.652 96.632 96.622 96.622
97.36 97.432 97.492 97.52 97.572 97.617 97.707 97.755 97.772 97.862 97.93 97.967 98 98.077 98.155 98.23 98.33 98.43 98.667 98.315 98.232 98.15 98.12 98.152 98.187 98.17 98.397 98.412 98.515 98.125 98.145 98.142 98.112 98.12 98.265 98.3 98.33 98.095 97.602 97.515 97.55 98.667 99.56 100.075 97.512 97.202 97.167 97.16 97.107 97.082 97.035 96.992 96.947 96.925 96.887 96.875 96.86 96.84 96.835 96.807 96.785 96.76 96.737 96.71 96.672 96.645 96.652 96.627 96.615 96.577 96.582 96.572
97.35 97.39 97.45 97.5 97.537 97.627 97.705 97.747 97.772 97.845 97.92 97.967 98.02 98.092 98.145 98.192 98.28 98.53 98.937 98.315 98.22 98.127 98.097 98.117 98.15 98.145 98.387 98.36 98.292 98.157 98.13 98.13 98.127 98.12 98.295 98.29 98.535 98.06 98.757 97.787 97.41 97.43 97.425 99.29 97.312 97.222 97.152 97.127 97.11 97.052 97.032 97.005 96.955 96.912 96.895 96.882 96.86 96.827 96.827 96.797 96.78 96.762 96.752 96.725 96.7 96.662 96.662 96.647 96.635 96.627 96.625 96.592
97.312 97.37 97.44 97.53 97.56 97.64 97.717 97.752 97.75 97.8 97.92 97.96 98.012 98.08 98.112 98.172 98.247 98.355 98.825 98.28 98.217 98.107 98.067 98.085 98.132 98.137 98.337 98.362 98.442 98.14 98.1 98.065 98.13 98.162 98.162 98.265 98.38 98.037 97.612 97.492 97.427 97.387 97.572 98.185 97.29 97.185 97.135 97.095 97.07 97.042 97.027 97.007 96.935 96.927 96.905 96.9 96.887 96.835 96.82 96.81 96.777 96.76 96.747 96.73 96.662 96.652 96.64 96.627 96.615 96.63 96.615 96.572
97.315 97.417 97.452 97.51 97.532 97.615 97.722 97.727 97.725 97.82 97.897 97.927 97.96 98.04 98.092 98.115 98.197 98.315 98.51 98.28 98.192 98.065 98.075 98.085 98.11 98.082 98.267 98.31 98.25 98.145 98.087 98.082 98.142 98.102 100.257 99.64 103.2 98.952 98.572 97.54 100.12 97.45 97.482 97.56 97.297 97.202 97.16 97.112 97.077 97.057 97 96.957 96.947 96.875 96.87 96.865 96.85 96.82 96.81 96.785 96.777 96.765 96.722 96.71 96.667 96.66 96.65 96.622 96.6 96.602 96.6 96.567
97.34 97.43 97.422 97.48 97.5 97.582 97.662 97.675 97.725 97.792 97.877 97.915 97.927 97.997 98 98.052 98.162 98.257 98.54 98.297 98.147 98.085 98.032 98.052 98.09 98.092 98.225 98.307 98.235 98.105 98.115 98.082 98.067 98.047 98.125 98.257 98.535 98.177 97.705 97.837 97.522 97.452 97.457 98.652 97.282 97.215 97.175 97.152 97.127 97.072 97.047 96.995 96.982 96.97 96.897 96.89 96.837 96.817 96.785 96.752 96.737 96.732 96.692 96.665 96.637 96.625 96.63 96.585 96.572 96.58 96.58 96.547
97.322 97.39 97.412 97.445 97.455 97.545 97.597 97.632 97.682 97.765 97.835 97.872 97.932 97.967 97.952 97.997 98.12 98.25 98.855 98.27 98.132 98.022 98.002 98.032 98.032 98.107 98.205 98.337 98.262 98.182 98.095 98.08 98.045 98.032 98.072 98.235 98.287 99.025 97.677 99.467 97.565 98.102 97.985 97.76 97.327 97.255 97.185 97.152 97.112 97.067 97.032 97.012 96.987 96.955 96.932 96.91 96.85 96.842 96.812 96.76 96.75 96.735 96.682 96.665 96.632 96.622 96.592 96.565 96.537 96.542 96.53 96.52
97.29 97.38 97.375 97.412 97.422 97.505 97.562 97.59 97.642 97.732 97.815 97.845 97.917 97.975 97.952 97.972 98.077 98.335 99.42 98.27 98.1 98.04 98.012 97.952 98.02 97.995 98.11 98.257 98.212 98.21 98.03 98.045 98.092 98.032 98.037 98.205 98.302 98.8 97.667 97.647 98.28 100.887 102.055 97.477 97.407 97.26 97.235 97.18 97.15 97.12 97.077 97.042 97.007 96.962 96.945 96.91 96.875 96.817 96.802 96.782 96.75 96.735 96.667 96.652 96.62 96.605 96.587 96.575 96.565 96.54 96.525 96.495
97.287 97.342 97.352 97.397 97.422 97.477 97.577 97.587 97.615 97.69 97.755 97.817 97.877 97.917 97.927 97.945 98.032 98.145 98.352 98.317 98.135 98.02 97.975 97.912 97.987 97.987 98.06 98.222 98.2 98.14 98.017 98.017 97.997 98.065 97.997 98.18 98.332 98.32 97.727 97.615 97.49 98.712 98.27 97.465 97.36 97.32 97.302 97.262 97.212 97.185 97.152 97.117 97.085 97.05 97 96.96 96.94 96.852 96.827 96.775 96.75 96.725 96.66 96.63 96.575 96.57 96.54 96.532 96.51 96.495 96.5 96.482
97.252 97.317 97.337 97.392 97.407 97.445 97.547 97.575 97.595 97.645 97.72 97.755 97.82 97.835 97.85 97.865 97.97 98.075 98.197 98.37 98.117 98.007 97.937 97.907 97.982 97.962 98.012 98.19 98.182 98.072 97.917 98.027 97.965 98.027 97.965 98.1 98.25 98.32 98.76 97.627 97.512 97.727 97.587 98.01 97.387 97.317 97.272 97.247 97.202 97.192 97.18 97.15 97.112 97.082 97.015 97.01 97 96.932 96.882 96.83 96.78 96.757 96.707 96.645 96.592 96.59 96.555 96.522 96.492 96.467 96.467 96.437
97.222 97.295 97.327 97.355 97.387 97.422 97.505 97.527 97.565 97.625 97.675 97.71 97.745 97.74 97.782 97.802 97.887 98.02 98.09 98.4 98.105 97.987 97.905 97.91 97.962 97.975 97.987 98.185 98.157 98.107 97.987 97.98 98.005 98.062 97.952 98.11 98.215 98.35 98.337 98.367 97.607 97.692 97.71 100.562 98.002 97.332 97.262 97.22 97.2 97.175 97.165 97.167 97.125 97.08 97.052 97.01 96.975 96.925 96.877 96.852 96.805 96.767 96.73 96.665 96.607 96.6 96.57 96.532 96.505 96.497 96.46 96.427
97.232 97.28 97.317 97.347 97.362 97.395 97.475 97.515 97.527 97.555 97.625 97.652 97.677 97.7 97.715 97.747 97.837 97.942 98.31 98.332 98.055 97.967 97.867 97.857 97.92 97.997 97.957 98.175 98.16 98.065 97.932 97.952 97.96 98.01 97.93 98.075 98.175 98.652 97.917 97.78 97.577 97.62 98.147 98.147 97.412 97.312 97.302 97.247 97.212 97.182 97.177 97.18 97.125 97.095 97.067 97.03 97 96.922 96.865 96.815 96.762 96.732 96.677 96.642 96.62 96.562 96.565 96.525 96.495 96.477 96.47 96.432
97.212 97.255 97.3 97.355 97.362 97.375 97.48 97.49 97.472 97.542 97.55 97.552 97.622 97.65 97.68 97.702 97.772 97.9 98.022 98.197 98.02 97.927 97.89 97.87 97.902 97.907 97.905 98.162 98.2 98.115 97.955 97.935 97.965 98.047 97.935 98.025 98.18 98.312 97.9 97.632 97.567 97.8 98.45 100.05 97.937 97.33 97.28 97.235 97.192 97.175 97.162 97.155 97.132 97.102 97.07 97.027 96.995 96.925 96.87 96.802 96.77 96.73 96.697 96.637 96.612 96.572 96.517 96.48 96.455 96.425 96.385 96.385
97.182 97.232 97.287 97.335 97.335 97.345 97.447 97.465 97.44 97.452 97.48 97.5 97.555 97.595 97.627 97.65 97.715 97.845 97.912 98.497 98.06 97.917 97.845 97.832 97.905 97.877 97.93 98.107 98.165 98.097 97.917 97.912 97.965 98.027 97.927 97.99 98.142 98.265 97.822 97.6 97.552 97.71 98.192 97.66 97.485 97.405 97.292 97.21 97.2 97.187 97.16 97.155 97.107 97.07 97.035 97.037 96.982 96.925 96.877 96.825 96.78 96.73 96.687 96.645 96.595 96.565 96.51 96.487 96.46 96.427 96.39 96.372
97.177 97.217 97.282 97.31 97.322 97.327 97.395 97.377 97.372 97.395 97.435 97.475 97.512 97.55 97.582 97.602 97.667 97.787 97.862 98.145 98.075 97.865 97.812 97.765 97.835 97.88 97.867 98.075 98.127 98.105 97.915 97.87 97.9 97.985 97.895 97.947 98.077 99.532 103.332 97.582 97.527 97.66 103.36 97.832 97.477 97.467 97.31 97.232 97.202 97.162 97.14 97.11 97.082 97.03 97 97.002 96.937 96.897 96.865 96.805 96.772 96.717 96.675 96.625 96.622 96.552 96.512 96.482 96.457 96.422 96.387 96.362
97.205 97.22 97.272 97.292 97.3 97.297 97.342 97.332 97.332 97.37 97.442 97.452 97.48 97.527 97.562 97.557 97.627 97.737 97.827 98.092 97.992 97.877 97.802 97.78 97.81 97.852 97.827 98.037 98.067 98.045 97.915 97.867 97.925 97.932 97.895 97.915 98.097 98.41 99.322 97.677 97.975 101.902 101.052 97.5 97.485 97.447 97.33 97.247 97.18 97.14 97.085 97.077 97.04 96.997 96.955 96.952 96.927 96.84 96.792 96.762 96.722 96.685 96.65 96.59 96.585 96.555 96.497 96.472 96.447 96.392 96.365 96.35
