data/LIDAR-DSM-2M-NZ24se/nz2644_DSM_2M.asc
ncols 500
nrows 500
xllcorner    426000
yllcorner    544000
cellsize     2
NODATA_value -9999
[rows 465 to 495 of 500, columns 207 to 275 of 500]
97.55 97.545 97.55 97.54 97.552 97.537 97.515 97.57 97.607 97.642 97.677 97.695 97.695 97.67 97.64 97.625 97.565 97.532 97.432 97.322 97.017 96.84 96.64 96.565 96.442 96.175 95.885 95.607 95.362 95.212 95.18 95.21 95.23 95.272 95.307 95.245 95.202 95.157 95.092 94.977 94.957 94.955 99.145 96.532 94.792 94.67 94.58 95.482 97.335 97.43 95.065 94.877 94.695 94.602 94.512 94.422 94.165 93.962 98.447 100.627 100.197 99.367 99.8 100.005 98.192 94 94.232 94.2 94.145
97.437 97.512 97.54 97.53 97.492 97.505 97.495 97.525 97.535 97.635 97.642 97.702 97.79 97.827 97.752 97.697 97.567 97.405 97.095 96.837 96.545 96.395 96.302 96.315 96.08 95.777 95.602 95.415 95.27 95.157 95.132 95.17 95.407 95.187 95.247 95.227 95.182 95.187 95.152 95.055 95.177 95.972 95.16 94.92 94.902 94.762 94.65 97.46 98.367 98.317 97.302 95.087 94.855 94.747 94.712 94.565 94.292 94.007 97.1 100.377 100.572 100.55 100.635 100.38 98.597 94.635 94.732 94.97 94.622
97.44 97.46 97.497 97.545 97.467 97.467 97.442 97.47 97.592 97.7 97.767 97.787 98.872 99.067 97.462 97.177 96.855 96.605 96.36 96.302 96.212 96.127 96.032 95.965 95.695 95.475 96.11 98.4 96.61 95.23 95.085 95.062 95.115 95.162 95.222 95.232 95.215 95.24 95.292 95.245 95.925 97.335 95.97 95.027 94.985 94.825 94.815 96.085 97.672 97.425 95.812 95.017 95.252 94.985 94.865 94.685 94.39 94.072 95.535 100.11 100.615 100.105 99.477 98.79 96.417 94.742 95.42 95.925 95.422
97.412 97.467 97.492 97.515 97.467 97.455 97.415 97.537 97.655 98.375 97.525 97.165 97.315 98.705 96.53 96.405 96.162 96.005 95.867 95.857 95.792 95.825 95.75 95.82 95.787 95.687 96.855 99.282 97.417 95.742 95.245 95.085 95.162 95.23 95.265 95.262 95.297 95.307 95.372 95.425 98.337 101.142 98.455 95.22 95.062 95.01 94.847 94.88 95.697 95.352 97.717 98.595 95.7 95.91 95.05 94.797 94.487 95.105 96.82 98.892 97.137 95.852 94.632 94.235 94.397 94.87 94.622 94.925 95.01
97.447 97.522 97.48 97.45 97.442 97.435 97.402 97.527 97.677 99.235 103.065 101.247 99.167 97.795 96.572 96.077 95.93 95.835 95.792 95.75 95.717 95.707 95.755 95.83 95.847 95.872 95.915 96.095 95.922 97.637 96.672 95.167 95.297 95.347 95.357 95.357 95.34 95.392 95.435 96.985 100.42 101.967 102.16 100.177 95.5 95.182 95.16 95.022 95.07 97.602 101.275 102.03 99.32 96.847 95.802 94.985 94.63 95.647 97.752 98.082 97.022 94.44 95.25 95.125 95.43 96.07 94.882 95 95.112
97.497 97.467 97.51 97.445 97.455 97.382 97.415 97.497 97.53 102.6 104.782 104.797 104.777 102.677 99.957 99.217 95.857 96.355 99.547 99.33 97.772 96.867 96.127 95.93 95.945 95.952 95.99 96.02 96.03 95.967 95.495 95.22 95.337 95.375 95.44 95.447 95.417 95.467 96.61 99.472 101.407 102.405 103.202 102.795 98.92 95.605 95.342 95.985 98.535 101.195 102.032 102.06 101.302 97.655 95.967 95.272 95.37 94.515 96.352 95.23 94.777 94.727 95.93 96.032 100.752 100.332 95.625 95.432 95.417
97.525 97.445 97.47 97.442 97.42 97.367 97.427 97.412 97.38 102.285 104.792 104.79 104.78 102.602 100.002 100.107 98.302 100.722 101.702 101.722 101.745 101.647 100.5 95.952 95.99 96.022 96.067 96.09 96.127 95.927 95.302 95.232 95.335 95.395 95.417 95.457 95.487 96.832 98.835 101.52 102.39 103.225 102.775 101.827 100.37 97.627 95.635 98.867 101.577 102.042 102.04 101.292 97.775 95.355 95.727 95.61 95.897 94.712 94.612 94.915 95.145 95.485 96.47 100.58 102.497 101.815 97.895 96.195 95.675
97.472 97.435 97.445 97.445 97.46 97.35 97.387 97.43 97.56 102.992 104.795 104.785 104.785 103.245 100.947 102.782 104.832 103.547 101.74 101.705 101.7 101.71 100.592 95.962 96.045 96.06 96.09 96.152 96.165 95.942 95.312 95.29 95.397 95.427 95.467 95.502 95.53 96.147 99.785 101.197 103.155 102.76 101.795 99.132 98.552 98.415 95.952 97.68 101.117 102.012 101.245 97.987 95.652 95.465 96.472 96.142 96.512 95.827 95.785 95.685 95.732 95.927 100.742 103.562 103.105 102.137 100.635 98.11 96.115
97.46 97.462 97.45 97.42 97.407 97.377 97.417 97.425 98.162 105.822 105.72 105.405 105.182 105.422 105.455 105.237 104.655 104.562 104.155 103.7 104.255 102.02 98.222 95.962 96.032 96.067 96.097 96.132 96.16 96.037 95.59 95.34 95.415 95.46 95.53 95.562 96.187 96.35 96.675 100.605 101.032 101.425 99.04 95.89 95.87 96.487 95.712 95.772 98.825 101.242 97.35 95.405 95.387 96.347 96.542 96.412 96.815 96.335 96.077 96.347 96.592 96.822 100.947 102.887 103.58 103.105 102.332 100.975 98.952
97.442 97.437 97.45 97.462 97.447 97.372 97.395 97.437 98.022 106.14 105.927 105.8 105.767 105.812 105.702 105.907 104.657 104.64 104.635 104.62 104.63 100.592 95.892 95.912 95.982 96.035 96.087 96.155 96.177 96.017 95.587 95.44 95.487 95.515 95.577 95.607 96.527 95.867 95.675 96.802 98.982 97.6 95.582 95.722 96.217 96.195 95.837 95.702 96.345 96.245 95.395 95.382 95.775 96.647 96.74 96.745 97.432 96.727 96.825 97.205 96.17 95.96 98.08 101.857 102.792 103.612 103.26 102.355 98.787
97.445 97.477 97.5 97.487 97.462 97.407 97.407 97.322 100.015 106.7 106.65 106.572 106.542 106.607 106.52 105.68 104.107 101.68 101.845 102.805 102.182 100.04 95.87 95.905 95.952 96.002 96.057 96.12 96.177 95.995 95.572 95.495 95.572 95.602 95.652 95.672 96.127 96.192 95.885 95.745 96.572 95.842 95.705 96.365 96.497 96.527 96.54 96.192 96.752 96.597 95.935 96.295 96.445 96.827 97.035 97.137 97.062 96.985 97.995 97.66 96.547 96.287 95.94 97.65 101.27 102.702 103.435 101.615 96.13
97.405 97.457 97.507 97.5 97.472 97.422 97.435 97.502 99.182 106.472 106.49 106.32 106.515 106.63 106.575 105.007 101.517 98.122 95.852 95.855 95.92 95.9 95.887 95.902 95.927 96.012 96.057 96.112 96.157 95.997 95.597 95.55 95.655 95.72 95.765 95.837 96.142 96.12 96.035 96.032 95.952 96.047 96.482 96.745 96.827 96.887 96.825 96.727 96.99 96.817 96.852 96.96 97.057 97.262 97.392 97.687 97.482 98.332 99.145 97.222 96.645 97.015 96.187 96.042 96.357 100.632 101.605 96.842 95.95
97.462 97.45 97.487 97.51 97.472 97.425 97.497 97.445 100.237 105.472 105.525 105.742 105.782 105.787 105.89 103.647 99.382 95.905 95.847 95.842 95.87 95.877 95.867 95.91 95.93 96 96.06 96.132 96.167 96 95.597 95.625 95.747 95.855 95.94 96.042 96.425 96.41 96.285 96.327 96.347 96.97 97.315 97.002 97.112 97.167 97.195 97.21 97.655 97.83 97.41 97.315 97.455 97.607 97.707 97.71 97.832 98.522 98.737 97.525 97.207 97.072 96.995 96.552 96.43 97.837 96.41 95.965 96.47
97.54 97.555 97.532 97.53 97.507 97.54 97.585 97.502 97.39 97.36 98.565 97.962 99.395 101.717 101.13 99.8 96.287 96.042 95.83 95.82 95.81 95.852 95.855 95.882 95.927 96.017 96.075 96.117 96.197 96.092 95.642 95.705 95.837 95.972 96.107 96.222 97.037 96.902 96.565 96.602 97.557 97.622 97.652 97.382 97.287 97.365 97.435 97.525 98.06 98.1 97.645 97.78 97.815 97.892 97.97 98.01 97.967 99.295 98.605 97.877 97.745 97.547 97.737 97.055 96.51 96.517 96.587 96.647 97.822
97.635 97.615 97.63 97.615 97.602 97.6 97.677 97.582 97.43 97.747 97.34 97.352 96.54 96.695 96.997 96.092 95.842 95.842 95.852 95.84 95.832 95.86 95.875 95.895 95.93 96.007 96.05 96.69 96.22 96.22 95.777 95.81 95.92 96.052 96.215 96.362 97.32 97.535 96.755 97.192 97.805 97.885 97.97 98.36 97.662 97.492 97.587 98.085 98.115 98.96 98.102 98.462 98.16 98.24 98.302 98.332 98.637 100.37 98.8 98.35 98.252 98.16 99.052 98.595 97.84 97.667 97.842 98.745 98.985
97.637 97.67 97.685 97.64 97.652 97.622 97.687 97.695 97.535 97.322 96.952 96.622 96.255 95.965 96.26 95.882 95.875 95.855 95.865 95.875 95.892 95.875 95.875 95.895 95.94 96.025 96.005 96.385 101.4 97.917 95.915 95.922 96.022 96.105 96.792 96.787 97.502 96.965 96.987 97.117 98.365 99.717 99.675 101.07 101.092 98.785 98.565 98.747 98.602 98.547 98.355 98.415 98.492 98.565 98.637 98.662 100.202 100.352 98.862 98.787 98.742 98.66 98.752 98.965 98.927 98.81 98.865 98.995 99.122
97.717 97.772 97.742 97.71 97.635 97.66 97.74 97.775 97.592 97.32 96.962 96.62 96.28 95.977 95.892 95.877 95.882 95.9 95.912 95.927 95.897 95.867 95.905 95.935 95.967 96.02 96.065 96.14 99.447 98.85 96.035 96.01 96.647 96.837 98.372 99.237 96.805 96.895 97.022 97.142 97.745 99.247 100.912 100.37 101.91 99.972 99.995 99.867 99.232 99.747 99.405 98.837 99.535 99.15 99.565 100.317 101.03 100.777 99.407 99.25 99.135 99.19 99.135 99.087 99.452 99.277 99.255 99.36 99.472
97.757 97.792 97.825 97.817 97.737 97.762 97.817 97.977 97.952 97.3 96.957 96.635 96.317 96.05 95.925 95.917 95.922 95.947 95.972 95.97 95.937 95.937 95.952 95.96 95.985 96.027 96.087 96.13 96.265 96.25 96.795 96.965 96.882 96.635 96.692 96.747 96.852 96.957 97.072 97.202 97.355 97.775 98.482 97.88 98.4 98.68 100.327 100.475 99.4 100.31 99.65 100.727 100.61 99.895 99.892 100.747 101.435 101.65 100.765 99.872 99.547 101.242 100.937 99.71 99.437 99.495 99.572 99.647 99.822
97.827 97.877 97.865 97.87 97.84 97.887 97.972 98.05 98.067 97.33 96.965 96.66 96.452 96.27 95.985 95.967 95.972 95.975 95.987 96.002 95.977 96.002 95.99 95.98 96.012 96.057 96.077 96.155 96.21 96.55 96.925 97.975 98.482 96.72 96.762 96.842 96.9 96.992 97.115 97.257 97.397 97.52 97.74 97.962 98.1 98.822 100.732 100.695 100.515 100 99.325 99.89 100.337 99.862 101.115 100.28 101.06 102.312 101.882 101.357 101.212 102.305 100.765 100.717 99.807 99.802 99.992 100.295 101.607
97.91 97.975 97.94 97.905 97.877 97.967 98.155 98.252 97.585 97.2 96.952 96.702 96.647 96.52 96.075 95.997 95.992 96.005 96 96.025 95.985 96.015 96.005 96.025 96.037 96.057 96.085 96.165 96.24 96.527 98.475 100.4 97.947 96.76 97.235 96.92 96.972 97.042 97.122 97.272 97.425 97.53 97.88 98.025 98.032 98.887 100.812 98.982 99.727 99.505 99.495 100.537 100.53 99.792 99.812 100.44 100.952 100.805 100.335 100.827 101.375 102.977 101.945 101.007 100.952 100.927 101.755 100.81 101.722
97.967 97.977 97.987 97.962 97.94 98.097 98.48 98.387 97.292 97.147 96.97 96.737 96.707 96.73 96.202 96.04 96.032 96.017 96.03 96.04 96.03 96.055 96.06 96.075 96.072 96.067 96.125 96.182 96.272 96.592 98.08 100.972 96.822 97.932 101.452 99.117 97.04 97.065 97.115 97.255 97.485 97.735 98.045 98.027 98.035 99.615 100.095 99.162 99.655 99.665 99.66 99.942 100.38 100.002 100.037 100.172 101.52 101.615 100.27 100.317 100.372 100.882 100.432 100.437 101.01 100.862 100.827 101.662 101.485
98.077 98.097 98.112 98.077 98.067 98.175 98.355 98.222 97.312 97.127 96.982 96.815 96.66 96.735 96.422 96.205 96.397 96.232 96.32 96.372 96.36 96.65 96.415 96.535 96.492 96.377 96.49 96.48 96.61 97.117 97.965 98.19 96.91 99.187 102.077 99.727 97.15 97.28 97.547 97.73 98.842 98.792 98.17 98.132 98.447 100.622 99.917 99.23 100.04 99.785 99.775 99.812 100.752 100.175 100.225 100.207 100.84 101.627 100.35 100.347 100.362 100.81 101.555 101.85 101.982 100.927 100.902 101.267 101.347
98.145 98.172 98.182 98.16 98.15 98.237 98.435 98.13 99.23 100.172 97.077 96.845 96.682 96.585 96.522 97.095 97.005 98.685 99.932 101.787 99.832 96.535 96.512 96.545 96.57 96.55 96.585 96.69 96.707 98.132 98.98 97.89 97.16 97.702 99.76 98.085 99.417 99.712 100.415 100.792 101.265 99.15 98.497 98.97 98.925 101.217 99.547 99.435 100.022 99.842 99.987 100.177 100.412 100.26 100.295 100.32 101.212 102.12 100.7 100.37 101.022 103.177 102.567 102.092 103.507 104.235 103.38 102.922 101.442
98.245 98.265 98.217 98.242 98.205 98.33 98.475 98.737 98.64 97.76 97.195 97.005 96.765 96.58 96.59 97.17 96.887 99.762 101.637 103.12 102.035 97.035 96.48 96.52 96.55 96.552 96.527 96.57 96.715 97.92 98.477 97.267 97.25 97.242 97.292 98.822 101.225 101.62 101.945 102.195 102.797 101.96 98.512 98.652 99.057 100.767 99.322 100.135 100.182 100.612 100.62 100.535 100.307 100.32 100.352 100.332 100.515 101.395 101.41 101.54 102.502 101.637 101.155 101.952 104.887 106.11 105.527 102.512 103.685
98.367 98.352 98.317 98.302 98.295 98.44 98.552 98.217 97.71 97.402 97.267 97.13 96.897 96.642 96.665 97.162 97.025 99.812 101.565 103.147 101.55 96.552 96.86 97.342 97.4 96.562 96.585 96.637 96.772 98.042 98.397 97.4 97.475 97.442 97.407 98.075 102.542 103.147 103.457 103.472 103.722 103.07 98.19 98.305 100.192 100.737 100.26 100.567 100.075 100.197 100.507 100.332 100.32 100.472 100.37 100.395 100.457 100.84 101.985 101.95 101.342 101.19 101.35 101.852 104.41 105.412 105.232 102.31 106.185
98.405 98.43 98.45 98.427 98.387 98.557 98.612 98.28 98.29 97.532 97.315 97.242 97.022 96.67 96.58 96.53 96.682 99.387 102.352 103.2 102.565 101.295 101.93 102.047 101.032 96.595 96.705 96.757 96.95 98.342 98.642 97.645 97.632 97.672 97.597 98.022 102.312 103.632 103.177 102.78 101.542 99.52 98.67 98.33 99.657 100.48 102.555 101.392 100.877 100.437 100.33 100.897 100.452 100.697 100.425 100.435 100.47 101.497 102.655 101.945 101.207 101.262 103.61 103.575 101.72 101.845 102.517 104.475 107.78
98.467 98.535 98.517 98.462 98.47 98.612 98.617 98.805 101.3 99.285 97.535 97.93 97.757 96.797 97.63 97.337 97.707 100.035 104.11 104.022 104.202 104.09 104.07 103.782 100.767 96.645 96.812 96.905 97.157 99.37 98.95 97.787 98.215 98.257 98.47 99.092 102.16 101.672 100.122 98.012 98.155 98.03 98.162 98.54 98.987 100.822 104.017 104.127 103.785 103.407 103.34 103.77 103.112 101.217 100.6 100.487 100.562 101.83 101.872 101.515 102.052 102.205 103.835 103.137 101.78 102.157 101.95 106.487 109.382
98.565 98.587 98.572 98.512 98.605 98.707 99.427 98.502 99.555 98.692 97.622 97.672 97.487 97.035 99.76 100.362 100.357 100.512 102.817 103.172 103.157 103.165 103.215 103.117 100.07 96.697 96.952 97.08 97.42 98.707 99.487 98.852 98.895 98.69 98.36 101.655 102.355 100.927 100.252 98.085 98.14 98.132 98.225 98.687 101.015 101.92 104.305 104.775 104.822 104.662 105.36 103.975 104.892 104.497 103.762 101.572 101.377 103.082 102.445 101.925 102.617 102.117 102.627 102.167 101.89 102.337 102.965 108.2 109.63
98.685 98.675 98.675 98.597 98.712 98.827 99.82 98.307 98.025 98.627 98.367 97.49 97.257 97.127 100.26 100.732 100.632 100.795 102.015 101.215 100.33 100.135 100.157 99.545 96.977 96.817 97.195 97.282 97.922 99.002 98.807 98.157 98.342 98.22 98.825 101.355 102.387 101.187 100.145 98.922 98.612 98.457 99.995 100.267 100.84 101.597 102.537 103.402 104.19 105.017 106.915 106.555 106.337 105.877 105.072 101.66 101.44 102.115 102.097 102.93 105.455 104.31 102.895 102.207 102.102 102.227 103.515 107.557 108.032
98.697 98.745 98.74 98.675 98.797 98.937 98.992 98.355 98.925 100.61 98.662 97.64 97.177 96.727 97.735 97.67 98.145 98.132 100.142 100.83 99.137 97.035 96.627 96.642 96.762 97.08 97.402 97.457 98.017 99.085 99.407 98.4 99.07 98.812 98.177 100.492 102.485 102.227 102.17 101.825 102.84 103.42 104.14 101.51 101.065 100.832 100.86 100.742 103.637 105.515 108.087 107.832 107.907 107.275 106.757 105.212 104.422 104.52 104.242 104.302 106.277 106.25 105.917 105.182 102.53 102.562 103.68 102.352 102.442
98.845 98.832 98.82 98.77 98.862 99.07 99.012 98.655 98.455 99.165 98.137 97.817 97.255 96.875 96.702 96.69 96.925 96.782 98.702 100.22 99.1 96.64 96.795 96.707 97.057 97.44 97.642 97.715 98.12 100.622 99.592 98.75 98.715 99.325 99.15 100.45 103.6 103.97 104.295 104.64 104.995 105.342 105.732 101.622 100.92 101.207 101.507 102.215 103.702 106.217 107.875 108.155 108.27 108.325 107.582 106.562 106.24 107.612 108.78 108.52 108.075 107.685 107.292 105.512 102.545 102.917 103.297 102.445 102.245
