data/LIDAR-DSM-2M-NZ24se/nz2642_DSM_2M.asc
ncols 500
nrows 500
xllcorner    426000
yllcorner    542000
cellsize     2
NODATA_value -9999
[rows 341 to 371 of 500, columns 350 to 419 of 500]
66.716 66.836 66.748 67.133 67.373 67.486 71.036 75.133 77.626 78.521 78.691 77.813 77.046 74.823 69.926 69.621 70.346 69.513 69.273 69.386 69.181 69.131 70.228 74.166 77.473 78.716 79.203 78.383 77.036 74.661 72.353 71.961 71.888 70.558 69.491 69.296 69.403 69.958 69.158 68.333 68.281 68.253 68.198 68.138 68.821 69.516 68.353 69.791 70.708 69.211 68.196 69.921 73.721 73.758 74.211 75.781 76.438 76.928 77.303 77.128 77.103 76.258 75.771 74.758 70.921 68.781 67.453 67.366 67.433 67.551
68.771 68.648 67.813 67.883 68.041 71.691 75.156 77.528 78.551 79.398 79.231 77.826 75.001 70.426 69.923 70.063 69.798 69.498 69.423 70.288 69.268 69.893 73.166 78.021 78.818 80.146 78.491 77.396 75.698 73.461 71.788 69.878 70.028 70.021 70.593 69.606 69.366 70.181 68.818 68.658 68.643 69.026 68.848 69.398 68.398 68.316 68.301 69.271 70.003 68.283 68.826 71.026 70.413 70.358 68.701 71.768 74.498 75.803 76.308 76.896 77.333 77.801 77.211 76.341 75.841 73.336 68.096 67.498 67.496 67.588
68.716 67.433 67.708 68.318 70.846 75.118 77.503 78.883 79.653 79.346 78.723 76.648 70.776 70.143 70.213 70.108 69.753 69.873 70.171 69.511 70.128 72.646 77.571 79.033 79.601 79.151 77.631 75.886 73.788 72.978 70.938 69.898 69.798 70.068 70.663 71.616 69.563 69.243 69.058 68.886 69.983 71.746 70.253 70.721 69.233 68.853 68.743 68.508 69.036 68.398 68.996 70.541 69.193 68.683 69.701 69.156 69.646 72.071 75.258 75.776 76.228 76.698 75.671 76.203 75.343 68.766 68.026 67.588 67.563 67.696
67.558 67.346 67.433 68.628 74.876 77.776 78.873 79.843 80.176 78.348 77.011 70.828 70.136 70.173 70.541 69.963 69.931 70.466 70.048 70.191 73.603 77.801 78.871 79.671 79.081 77.956 75.851 74.373 73.301 70.908 70.556 70.288 70.218 69.936 70.923 69.561 69.521 69.408 69.336 71.373 72.341 70.861 70.401 70.428 70.521 69.978 69.841 69.508 69.201 68.668 68.706 69.748 69.258 68.818 69.503 71.358 70.073 71.206 72.343 71.393 73.933 75.611 74.678 71.816 68.011 67.888 67.718 67.691 67.646 67.763
67.788 67.626 68.531 69.621 76.891 78.926 79.778 79.988 79.483 77.236 70.933 70.106 70.898 71.033 70.203 70.228 70.853 70.146 70.413 71.971 77.166 79.373 80.028 79.951 78.136 76.301 72.253 72.941 71.663 70.361 70.501 71.141 70.856 70.543 70.046 69.888 69.781 70.111 71.573 73.063 72.928 71.988 72.003 72.448 72.653 70.996 71.708 71.723 69.343 68.936 68.901 68.858 69.153 69.238 70.298 71.021 68.818 70.073 71.056 69.276 71.443 71.178 69.501 68.256 68.051 67.963 67.836 67.748 67.731 67.828
67.848 70.093 75.333 77.491 78.063 79.948 80.358 79.036 77.491 72.321 70.818 70.728 71.026 70.448 70.346 71.236 70.563 70.818 72.823 77.846 79.041 79.861 79.721 78.633 77.248 72.093 70.556 71.266 71.326 71.383 70.543 70.986 70.758 70.373 70.251 70.076 70.818 71.658 72.386 72.313 72.048 72.453 72.788 74.626 74.658 74.996 77.518 76.688 70.921 70.118 69.501 69.088 69.081 69.053 69.028 69.523 69.336 70.223 70.196 69.461 68.833 68.613 68.493 68.343 68.133 67.993 67.911 67.801 67.836 67.798
68.613 69.381 76.048 78.861 79.511 80.478 79.743 78.368 72.761 70.243 71.103 71.558 70.631 70.571 70.818 70.743 70.633 71.471 77.203 79.566 80.491 80.581 78.728 77.101 73.426 73.828 72.006 70.758 71.286 72.151 71.671 70.821 70.726 70.646 70.461 71.918 72.986 73.516 74.061 72.891 72.236 74.648 74.178 74.736 78.041 78.128 78.871 79.551 75.238 72.521 71.746 71.301 69.391 69.333 69.336 69.301 69.236 69.821 69.638 68.986 68.858 68.758 68.633 68.531 68.198 67.998 67.896 67.836 67.801 67.861
68.636 73.073 77.526 79.378 80.351 79.473 79.016 75.406 71.188 71.138 71.306 70.938 70.771 71.033 71.321 70.678 72.023 77.708 78.646 80.143 80.356 79.311 77.758 73.121 71.058 73.331 73.901 73.193 72.648 72.038 71.191 71.103 70.993 72.503 73.331 73.313 72.898 75.093 77.043 75.183 72.423 74.123 78.288 79.098 79.706 80.498 79.618 79.353 77.731 72.818 73.538 73.573 71.311 70.203 69.663 69.573 69.443 69.318 69.223 69.133 69.003 68.991 68.648 67.981 67.888 67.818 67.878 67.868 67.866 67.868
71.473 77.456 78.288 79.173 79.961 78.696 75.176 71.603 71.376 71.866 71.053 70.956 70.848 70.801 71.046 71.926 76.756 79.473 80.653 80.751 79.436 78.278 75.483 73.593 72.621 71.583 73.878 73.453 71.598 71.553 71.521 71.498 74.283 74.998 74.806 76.291 76.798 73.823 76.173 77.688 76.938 79.591 79.846 80.211 80.611 80.716 78.963 78.578 76.458 71.611 71.471 72.001 70.893 70.536 69.841 69.733 69.611 69.498 69.386 69.281 68.868 68.408 67.958 67.948 67.923 67.923 67.943 67.911 67.896 67.863
77.553 78.481 79.136 79.543 78.841 75.536 72.048 71.558 71.801 71.396 71.191 71.088 70.953 72.736 73.458 74.378 79.271 80.613 80.911 79.961 78.508 75.956 72.521 73.281 72.636 72.531 73.528 72.361 72.171 72.391 71.998 73.856 74.006 73.596 74.558 77.358 79.121 77.761 78.413 79.646 80.171 80.908 82.056 80.441 79.853 79.203 77.221 73.858 71.021 70.838 71.508 70.688 70.313 70.098 69.981 69.866 69.766 69.648 69.406 68.421 68.046 67.996 67.983 68.013 68.036 67.981 68.003 67.878 67.906 67.943
78.316 79.251 79.681 78.933 76.263 73.268 71.841 72.351 71.723 71.416 71.311 71.183 71.146 74.071 74.093 73.976 78.843 80.853 80.093 78.921 75.953 74.991 72.403 72.161 72.541 72.856 72.568 72.293 73.186 73.373 74.413 74.271 74.221 73.656 73.688 76.838 79.661 79.926 80.881 81.543 81.648 81.598 81.041 79.708 78.631 76.293 73.128 71.498 71.148 71.021 70.696 70.496 70.373 70.236 70.078 69.968 69.656 68.828 68.183 68.103 68.103 68.083 68.033 68.066 67.943 67.926 67.876 68.136 68.178 68.391
79.123 79.883 79.291 77.378 72.293 71.836 72.243 72.028 71.568 71.518 71.363 71.343 71.803 73.323 74.278 74.923 77.023 78.936 79.048 75.813 71.993 73.023 73.276 72.923 73.088 72.728 72.633 72.536 73.588 75.981 74.066 74.531 74.321 74.358 75.526 79.468 81.076 81.198 81.866 82.238 81.758 80.516 79.993 77.686 73.123 71.938 72.083 72.373 71.356 71.371 70.753 70.623 70.471 70.328 70.213 69.128 68.343 68.238 68.203 68.186 68.181 68.126 68.046 68.013 67.918 67.956 68.173 68.721 69.468 69.568
80.051 79.338 78.481 74.161 71.906 72.208 71.773 71.713 71.661 71.546 71.426 72.806 73.498 73.423 75.863 75.858 75.001 75.781 77.996 76.101 73.083 72.703 73.696 73.648 73.863 73.303 73.118 74.823 75.506 76.713 78.331 78.156 75.628 79.028 80.326 81.721 82.613 82.888 81.866 81.668 80.353 77.921 75.523 73.083 72.908 72.258 72.321 71.753 71.721 71.151 70.853 70.706 70.701 69.608 68.813 68.378 68.353 68.356 68.308 68.261 68.183 68.108 68.091 68.021 68.163 68.988 69.736 70.046 69.923 70.388
79.661 77.448 73.153 72.056 72.223 72.661 71.858 71.786 71.691 71.701 72.406 74.433 74.273 74.103 74.973 75.023 74.973 75.328 76.691 78.331 75.363 74.406 77.308 76.803 77.753 77.616 78.098 76.093 75.441 78.748 80.616 80.518 81.441 82.173 82.813 82.951 82.771 82.006 80.601 79.603 76.346 73.563 72.536 73.098 72.846 72.271 72.538 71.801 71.256 71.096 70.968 70.403 68.718 68.551 68.506 68.476 68.443 68.386 68.276 68.273 68.131 68.151 68.196 68.648 70.076 71.171 72.333 75.293 77.096 80.906
78.881 73.573 72.136 72.191 72.201 72.066 71.906 71.823 71.843 72.928 75.213 74.336 74.396 76.168 76.703 74.991 75.381 75.858 75.978 78.701 79.073 79.783 80.986 80.201 78.536 78.296 79.711 77.696 77.731 79.066 82.088 82.193 82.738 83.373 83.843 82.248 82.116 80.746 77.161 73.636 73.143 73.501 72.981 72.808 73.008 72.128 71.661 71.546 71.456 70.481 69.228 68.753 68.691 68.651 68.603 68.541 68.491 68.431 68.348 68.261 68.276 69.126 70.521 71.716 71.393 71.908 74.311 77.868 77.966 80.223
74.278 72.313 72.251 72.938 72.101 72.016 71.901 71.863 72.958 74.523 76.453 74.581 74.671 77.038 76.346 77.228 75.833 75.993 76.448 78.561 79.433 79.581 80.206 79.596 76.083 78.318 81.013 81.426 81.628 82.511 83.591 84.238 83.618 83.216 82.451 80.941 78.448 75.951 74.226 73.816 73.451 72.921 74.493 72.461 72.116 71.918 71.843 71.061 69.598 68.976 68.908 68.833 68.781 68.718 68.643 68.573 68.513 68.491 68.493 68.576 69.853 71.353 71.018 70.993 70.923 71.161 72.681 73.086 72.926 73.293
72.296 72.501 72.563 72.133 72.111 72.001 71.963 72.191 74.801 74.986 76.463 75.241 76.191 76.198 75.568 75.891 75.961 76.758 77.458 77.631 78.746 79.261 78.028 76.701 75.766 78.091 81.763 82.898 83.508 83.588 84.023 83.698 82.823 81.923 79.506 76.031 73.821 73.828 74.231 74.126 72.958 72.666 72.553 72.318 72.276 71.248 69.921 69.188 69.103 69.036 68.961 68.938 68.836 68.708 68.631 68.521 68.526 68.673 69.378 70.618 72.728 71.293 71.021 71.276 71.388 71.396 71.083 71.948 74.858 77.051
72.283 72.778 72.401 72.206 72.111 72.058 72.378 75.641 74.171 74.521 74.771 74.706 76.006 77.971 76.716 76.053 76.386 78.501 78.196 77.603 77.968 79.176 78.458 77.086 76.338 78.746 83.406 83.996 84.423 84.028 83.226 82.791 80.521 77.923 74.558 74.548 74.231 73.858 73.533 73.933 73.258 72.746 72.616 71.803 70.096 69.413 69.308 69.223 69.186 69.118 68.981 68.943 68.866 68.711 68.713 68.721 69.276 70.558 70.883 71.231 73.996 72.891 71.376 71.501 71.266 71.211 72.153 73.068 75.058 76.088
72.276 72.256 72.281 72.606 72.403 72.473 74.553 75.501 74.936 74.341 74.893 75.106 75.528 77.743 79.681 76.941 76.556 77.266 77.538 77.613 79.243 80.803 80.268 78.613 76.888 76.533 83.443 84.391 83.831 83.171 82.118 78.561 76.243 75.078 75.476 75.253 74.538 74.596 73.363 73.188 73.026 73.028 70.921 69.648 69.518 69.421 69.353 69.268 69.211 69.091 69.001 68.938 68.901 68.856 69.251 70.758 71.153 71.826 75.278 72.708 71.666 71.633 71.438 73.906 75.708 71.301 71.506 71.191 72.281 73.178
72.371 72.333 72.323 73.141 72.858 74.146 74.803 74.583 74.861 75.263 75.231 76.831 79.048 77.798 78.121 78.471 77.266 77.786 78.983 78.633 85.306 85.583 81.238 79.771 78.161 77.263 79.898 83.381 82.718 81.421 77.478 75.206 76.453 75.406 74.308 74.031 74.011 73.768 73.478 73.183 71.943 70.358 69.753 69.633 69.563 69.496 69.413 69.321 69.213 69.123 69.071 69.063 69.248 70.116 71.576 71.598 71.723 72.323 75.126 73.436 72.591 74.681 78.011 78.803 79.113 74.371 71.921 71.846 71.233 71.008
72.436 72.651 72.333 74.466 79.133 76.326 74.661 74.661 75.698 75.858 75.638 79.561 80.356 77.728 77.211 78.541 79.096 79.243 81.091 83.541 85.198 86.326 85.341 81.651 79.568 78.388 78.466 80.743 78.741 77.118 76.353 75.706 75.693 74.483 74.313 74.131 73.903 73.846 72.848 71.166 69.993 69.881 69.771 69.688 69.598 69.496 69.411 69.341 69.273 69.201 69.311 69.916 71.271 71.713 71.996 72.423 72.008 72.141 73.703 76.181 78.473 79.361 79.908 80.041 80.311 78.471 72.901 72.163 70.896 73.396
72.856 73.183 72.543 74.696 78.276 77.238 75.258 76.091 75.468 75.526 75.593 77.141 79.756 79.458 77.796 77.713 79.693 79.393 84.236 84.576 85.451 86.476 86.493 85.036 79.896 78.038 77.678 76.146 77.393 78.288 76.103 75.768 75.033 74.596 74.416 74.201 73.608 72.003 70.613 70.086 69.941 69.888 69.828 69.743 69.648 69.536 69.481 69.373 69.331 69.821 71.048 71.858 72.226 72.223 72.248 72.551 73.493 76.573 79.226 79.738 80.063 80.601 80.936 79.898 79.213 78.483 72.593 71.263 73.388 75.448
72.871 72.691 73.806 75.036 75.653 75.158 76.873 77.108 75.896 75.626 75.943 76.486 77.838 78.456 78.118 78.821 81.298 83.801 84.688 85.588 86.396 86.423 85.868 85.433 78.676 77.613 78.418 77.703 77.171 75.863 75.281 75.223 74.891 74.661 74.398 73.388 71.416 70.476 70.203 70.126 70.013 69.938 69.858 69.746 69.613 69.551 69.728 69.948 71.553 72.196 72.183 72.346 72.421 72.441 73.216 77.133 79.376 79.931 80.536 81.261 80.758 80.008 79.401 78.568 77.296 72.323 72.293 71.326 72.268 72.743
72.576 73.836 76.233 74.966 75.016 75.326 76.313 78.308 77.803 76.121 76.866 77.291 77.291 77.826 79.941 81.776 84.188 84.773 85.776 86.638 86.281 85.346 82.866 79.146 77.706 78.473 77.071 76.038 75.753 75.588 75.378 75.256 75.011 74.148 73.011 70.638 70.451 70.311 70.181 70.123 70.081 69.961 69.871 69.751 69.726 69.823 73.198 72.896 73.336 73.178 72.601 72.651 73.196 75.783 79.428 80.088 80.801 81.393 80.941 80.373 79.426 78.291 75.106 75.108 76.456 72.678 71.843 72.143 71.716 71.066
73.773 75.816 75.093 75.316 75.538 75.783 76.216 76.693 79.438 77.418 78.246 77.888 77.836 79.566 81.671 84.081 84.853 85.763 86.726 86.748 85.208 81.828 77.688 77.703 78.026 77.056 76.238 76.068 75.916 75.718 75.553 74.803 73.691 72.893 70.748 70.566 70.443 70.328 70.251 70.168 70.056 69.961 69.901 69.881 70.316 72.886 75.101 73.806 73.946 73.193 73.026 74.953 79.468 80.291 80.746 81.308 81.243 80.508 79.598 78.768 76.278 77.173 74.098 72.061 75.143 73.031 71.808 71.628 71.548 72.488
75.341 75.793 75.373 75.631 75.841 76.316 77.086 77.331 78.853 79.951 78.806 77.491 77.486 78.358 81.968 85.741 85.566 86.566 86.028 85.113 81.561 77.783 77.688 77.576 77.158 76.756 76.358 76.198 75.996 75.598 75.511 73.708 71.836 70.798 70.663 70.548 70.448 70.368 70.281 70.213 70.101 70.408 71.996 72.296 72.583 72.768 74.906 74.383 73.428 75.383 77.923 80.076 80.823 81.506 81.891 80.703 79.988 79.183 78.041 74.456 72.391 75.733 74.296 72.133 73.861 72.783 71.513 71.288 71.248 72.166
75.548 75.588 75.671 75.881 76.373 77.011 77.261 77.991 78.701 79.463 79.998 77.781 79.458 78.526 84.003 86.941 86.471 85.926 84.971 83.356 77.838 77.788 77.628 77.403 77.768 76.793 76.476 76.293 75.711 74.501 73.201 71.396 70.918 70.791 70.741 70.576 70.503 70.438 70.358 70.276 70.238 71.601 72.998 73.363 73.628 73.171 73.426 73.743 75.381 80.026 80.841 81.958 81.743 81.273 80.451 79.473 77.518 73.443 75.456 76.368 74.148 74.711 73.526 72.341 71.781 71.528 71.446 71.326 71.223 72.106
75.856 76.653 76.621 76.806 76.848 77.376 78.043 78.681 85.198 81.288 79.928 78.608 79.291 79.478 79.821 85.521 86.291 84.996 80.011 77.656 77.861 79.121 77.093 77.018 76.948 76.673 76.478 75.336 74.586 72.876 71.443 71.061 70.923 70.818 70.746 70.671 70.513 70.436 70.361 70.571 72.006 73.316 73.468 73.716 73.641 73.406 75.228 79.778 80.678 81.223 81.968 82.126 80.873 79.961 77.201 76.451 77.628 74.598 72.973 74.338 74.066 72.756 71.846 72.048 72.506 72.836 73.111 71.441 71.211 71.421
76.408 78.628 77.153 77.291 77.436 78.903 78.261 82.743 87.398 85.601 82.381 83.566 80.843 80.363 79.538 79.136 85.218 81.338 77.751 77.628 77.651 77.338 77.118 77.018 76.831 76.361 75.268 74.416 72.308 71.313 71.158 71.073 70.991 70.896 70.778 70.671 70.583 70.563 72.066 72.853 73.201 74.041 73.851 73.716 74.518 76.873 80.326 81.156 82.108 82.621 81.306 80.641 79.276 78.291 76.098 72.751 75.028 73.581 73.386 73.123 72.068 71.956 72.113 74.871 75.151 76.241 76.566 74.896 71.111 70.968
76.493 76.353 76.546 77.826 79.028 78.748 82.111 86.201 87.616 87.406 85.968 84.798 82.666 80.456 78.641 77.823 78.881 78.738 79.298 77.663 77.541 77.263 77.146 77.041 76.353 75.263 74.983 72.711 71.393 71.273 71.193 71.126 71.041 70.898 70.868 70.733 70.908 72.356 73.756 73.341 73.571 73.928 73.973 75.538 79.418 81.043 81.608 82.278 82.188 81.323 80.213 78.173 73.211 76.461 76.621 73.266 73.473 73.583 72.353 72.201 72.673 74.718 76.873 77.131 77.023 77.003 76.833 75.956 71.491 70.993
76.533 76.866 77.066 78.551 79.053 78.456 80.763 85.138 86.531 87.636 87.296 85.966 84.718 81.241 78.228 78.451 77.851 82.486 80.656 78.506 77.788 77.303 77.248 76.116 75.228 74.638 73.101 71.658 71.443 71.328 71.216 71.131 71.108 70.956 70.888 71.311 72.898 73.671 74.341 73.901 74.028 74.423 77.276 80.561 81.428 82.286 83.121 81.858 81.006 79.696 78.576 78.348 74.051 73.193 73.243 73.123 72.986 72.426 72.368 74.928 76.888 77.416 77.356 76.591 74.136 73.998 72.628 71.751 70.833 71.781
