data/LIDAR-DSM-2M-NZ24se/nz2642_DSM_2M.asc
ncols 500
nrows 500
xllcorner    426000
yllcorner    542000
cellsize     2
NODATA_value -9999
[rows 62 to 92 of 500, columns 280 to 349 of 500]
87.131 89.066 90.323 91.091 91.718 91.141 90.741 90.368 90.186 87.906 87.381 87.441 88.303 87.816 87.908 89.223 88.673 87.983 88.261 89.993 89.516 88.179 88.004 88.051 88.134 88.729 90.569 89.031 88.424 89.066 89.766 91.461 91.899 92.211 91.851 91.389 91.646 92.141 91.341 88.254 85.874 85.486 85.896 83.191 83.261 81.166 80.291 79.499 79.334 77.656 76.986 77.171 81.726 82.474 81.891 79.679 79.384 79.191 79.159 79.199 79.204 79.389 80.206 87.386 88.556 89.404 88.569 87.484 81.689 78.609
86.801 87.091 89.488 90.721 91.126 91.358 91.083 90.448 88.283 87.361 87.636 88.046 88.023 88.021 88.258 89.011 87.961 88.043 89.771 90.393 90.429 90.536 89.851 88.274 88.181 88.196 90.026 93.534 89.976 88.709 89.999 91.176 92.194 92.209 91.461 91.001 90.956 91.364 92.031 91.839 89.019 85.499 84.526 83.649 83.431 81.749 80.601 79.741 79.031 78.769 77.066 76.746 78.174 79.599 78.861 79.511 79.226 79.146 79.186 79.351 79.274 79.316 78.676 83.554 87.934 89.131 89.239 87.764 85.564 78.724
86.711 86.778 87.248 89.103 90.736 91.093 90.806 88.036 87.386 87.253 88.021 88.253 87.871 87.748 87.951 89.413 88.221 88.121 88.316 88.973 90.349 91.441 91.996 91.104 88.604 88.311 88.779 90.524 90.374 89.956 90.844 90.281 91.174 91.541 91.054 90.814 89.346 89.041 91.246 91.774 88.096 85.839 85.019 84.244 83.419 82.806 80.886 80.031 79.366 78.709 77.924 76.496 76.511 78.999 79.251 79.169 79.324 79.496 79.479 79.069 78.794 78.796 78.721 80.816 87.219 88.359 88.999 87.711 86.456 81.136
86.583 86.616 87.156 87.803 89.598 90.106 87.806 87.118 87.048 87.081 89.921 88.091 87.591 87.601 88.656 90.703 88.501 88.133 88.146 88.568 90.724 91.891 92.361 92.244 91.019 88.326 88.346 88.364 88.631 89.351 90.181 90.929 89.461 89.646 90.904 89.939 88.319 88.109 88.699 90.364 86.514 85.834 85.464 84.676 83.531 82.864 81.291 80.341 80.589 80.459 78.351 76.371 76.301 77.946 79.236 79.161 79.359 79.956 79.406 78.754 78.806 78.871 79.114 80.809 85.911 86.791 87.909 88.184 87.846 86.049
86.658 86.618 86.788 87.223 87.603 87.916 87.148 86.838 86.866 89.478 90.251 87.283 87.381 87.508 88.611 90.761 88.471 88.151 88.321 89.543 91.751 92.274 92.346 91.944 90.824 88.306 88.344 88.374 88.356 88.554 89.319 89.354 88.346 88.354 89.399 88.901 88.309 88.151 88.181 88.219 87.206 86.051 85.524 85.294 83.926 83.139 81.681 80.839 85.951 84.204 78.394 77.214 76.046 76.026 78.416 78.309 78.441 78.264 78.774 78.946 78.829 79.471 80.706 81.421 82.696 86.174 87.979 88.461 87.866 86.371
86.526 86.478 86.683 86.601 87.083 86.981 86.641 89.156 88.481 88.608 87.043 87.203 87.611 87.338 87.996 91.366 90.143 88.231 89.016 91.348 92.151 92.416 91.961 91.484 89.671 88.291 88.319 88.336 88.349 88.341 88.344 89.079 88.826 88.319 88.361 88.366 88.396 88.231 88.146 88.434 87.384 86.276 85.574 85.329 84.449 83.134 81.879 80.689 79.916 78.841 77.999 77.994 75.891 75.769 76.199 79.656 79.114 78.301 78.739 79.431 78.986 79.221 79.309 79.789 80.276 84.156 87.084 88.004 88.229 86.556
86.413 86.328 88.368 86.883 86.418 86.583 86.591 88.776 88.118 86.533 86.653 87.668 87.408 87.151 87.436 89.326 88.703 87.868 88.173 90.206 91.771 92.186 91.581 91.176 89.686 88.321 88.306 88.299 88.316 88.319 88.316 88.319 88.469 88.474 88.349 88.306 88.304 88.306 88.259 88.821 87.869 86.736 85.826 85.401 84.741 83.291 82.309 81.076 79.861 79.274 78.044 77.896 76.476 75.586 75.496 78.751 79.126 79.186 80.031 78.829 78.159 78.341 78.496 79.141 79.426 81.281 85.744 86.964 87.984 87.234
86.313 86.296 86.581 87.943 86.636 86.913 87.531 88.638 89.341 88.026 86.448 86.938 86.788 87.248 87.501 88.216 88.738 87.733 87.881 88.546 89.311 91.131 91.251 90.391 88.551 88.256 88.301 88.274 88.306 88.324 88.339 88.346 88.336 88.481 89.004 88.964 88.361 88.276 88.246 88.184 88.174 86.971 85.791 85.361 85.099 83.481 82.451 81.311 80.099 79.116 78.249 77.489 77.431 75.454 75.286 76.399 80.219 81.586 81.006 81.091 78.341 78.466 79.351 80.674 81.149 80.959 84.651 86.766 87.674 88.006
86.231 86.198 86.253 86.681 87.886 87.631 88.998 89.318 89.806 89.648 87.501 86.493 86.871 87.758 87.581 87.153 87.956 87.501 87.703 87.866 88.326 88.971 89.779 88.856 88.264 88.276 88.291 88.266 88.289 88.306 88.304 88.286 88.189 88.261 88.881 89.976 89.119 88.111 88.036 87.926 87.991 86.976 85.876 86.259 85.969 83.646 82.386 81.319 80.281 79.246 78.581 77.474 77.316 76.334 75.109 75.566 79.689 81.349 81.391 80.261 79.156 79.281 78.526 78.591 78.899 80.179 83.986 86.236 87.194 88.856
86.478 86.026 86.063 86.111 87.908 89.431 89.301 89.811 89.693 88.588 86.331 87.433 86.821 86.773 86.883 87.068 89.061 88.458 87.471 87.643 87.784 87.921 88.141 88.161 88.211 88.254 88.239 88.231 88.269 88.279 88.244 88.136 88.176 88.249 88.239 89.741 89.746 87.614 87.419 87.386 87.154 86.704 85.841 87.116 87.491 83.641 82.521 81.489 80.584 79.564 78.556 77.676 77.441 75.991 74.879 74.826 77.626 80.869 80.779 79.941 78.539 77.964 78.091 78.196 78.339 78.871 82.199 84.916 86.659 87.879
86.161 85.991 85.948 86.888 89.328 88.033 89.496 89.486 88.626 86.428 86.241 86.388 86.273 86.311 87.358 87.876 89.941 89.496 87.131 87.381 87.571 87.741 87.879 87.979 88.126 88.209 88.216 88.186 88.199 88.241 88.254 88.199 88.191 88.214 88.186 88.186 88.156 86.459 86.266 86.141 86.156 85.894 85.551 85.371 85.466 83.999 82.694 81.686 80.779 79.796 78.704 77.914 77.451 76.821 75.546 74.629 75.656 79.801 80.609 79.791 78.106 78.034 78.099 78.281 78.506 78.469 82.609 82.714 86.449 87.466
86.148 85.956 87.406 89.348 86.838 86.346 88.591 89.753 89.678 86.188 86.163 86.168 86.153 86.123 86.268 86.606 88.408 88.883 87.011 87.438 87.336 87.539 87.691 87.754 87.879 88.064 88.139 88.139 88.149 88.179 88.096 88.151 87.961 87.661 88.289 88.664 87.191 85.764 85.426 85.024 84.991 85.221 85.171 85.496 84.651 83.779 82.976 82.441 80.936 79.941 78.969 78.229 77.589 77.359 76.361 74.414 74.346 78.211 80.784 80.359 78.784 78.111 78.161 77.959 77.691 76.936 78.556 78.516 85.869 86.966
86.126 86.481 88.968 87.571 86.171 88.096 89.778 89.863 89.561 88.201 86.081 86.043 86.051 85.998 85.961 86.328 86.103 86.898 86.556 86.768 87.009 87.289 87.434 87.544 87.666 87.839 88.019 88.036 88.199 88.089 87.764 88.881 88.764 87.656 86.966 86.799 84.524 84.959 83.936 83.326 83.764 83.999 85.134 85.139 84.384 83.769 83.019 82.216 81.104 79.961 79.216 79.019 78.454 77.536 76.919 75.161 74.144 75.569 80.314 80.824 79.471 77.906 77.596 76.994 76.859 77.009 77.654 78.099 82.136 86.106
85.861 88.806 87.638 86.311 88.128 89.736 89.708 89.643 89.831 89.568 88.188 86.096 85.911 85.881 85.801 85.766 85.768 85.943 86.406 86.463 86.674 86.906 87.104 87.306 87.509 87.674 87.839 87.569 87.351 87.491 85.816 85.809 85.466 84.326 84.769 84.291 82.354 83.321 82.116 82.114 82.411 82.544 82.519 82.574 85.271 84.369 82.196 81.681 80.804 80.679 79.414 78.999 78.371 77.536 77.016 76.591 74.036 74.049 77.704 79.994 79.349 77.744 77.056 77.134 76.874 77.969 78.051 78.856 81.959 85.526
86.096 86.748 85.851 87.301 89.663 89.776 88.283 88.576 89.623 89.851 89.581 88.361 85.843 85.771 85.701 85.643 85.638 86.073 86.098 86.171 86.384 86.539 86.799 87.051 87.269 87.434 87.006 86.166 84.809 84.474 84.956 84.739 82.801 82.526 82.221 81.929 82.836 80.964 81.766 81.129 81.944 81.081 81.211 81.246 81.856 81.716 83.149 82.851 80.814 81.914 79.199 78.014 78.491 77.624 77.809 77.421 74.859 73.656 74.984 79.154 79.664 78.739 76.706 76.929 77.139 76.586 74.924 77.719 79.089 84.259
86.051 87.146 86.866 87.268 89.731 89.278 88.878 89.271 89.693 89.833 89.808 89.601 88.921 85.713 85.633 85.596 85.686 86.886 87.636 86.126 86.124 86.316 86.516 86.736 86.836 86.249 84.991 84.231 83.424 82.906 82.114 81.699 81.199 80.926 80.566 81.421 87.174 82.229 79.494 79.596 80.399 80.169 80.814 83.114 80.596 81.919 83.289 80.934 80.201 79.814 77.974 80.164 80.026 78.354 77.801 76.721 75.929 73.516 73.499 77.634 78.616 77.249 76.799 76.554 76.264 74.646 74.401 75.361 77.349 80.064
88.431 88.143 87.398 86.048 88.088 88.783 88.938 89.656 89.786 89.468 89.536 89.858 87.586 86.146 85.563 85.521 85.471 86.443 87.816 86.246 85.836 86.046 86.246 86.356 86.284 84.796 83.611 82.771 82.799 81.746 80.566 80.379 80.179 80.529 79.229 80.334 86.796 86.769 80.304 78.636 79.481 78.971 80.534 85.081 81.241 79.391 80.194 81.406 80.669 77.794 79.366 81.821 80.966 80.394 78.681 76.991 75.536 73.916 73.211 73.494 76.884 77.189 75.274 74.739 75.164 75.021 74.939 76.051 75.649 75.549
85.586 88.408 86.476 85.673 85.676 87.288 86.548 87.908 89.493 88.273 88.406 88.026 85.791 85.566 85.463 85.428 85.341 85.283 85.576 87.201 85.554 85.779 85.989 85.866 85.799 83.976 82.334 82.316 82.759 80.021 79.141 78.834 78.424 78.459 78.061 77.871 78.371 80.411 79.076 78.471 79.029 79.186 80.189 81.814 80.846 79.311 79.469 80.914 81.519 78.724 80.404 80.926 81.301 81.051 79.724 77.161 75.819 75.301 73.369 72.911 76.416 77.451 76.371 74.724 75.964 75.656 75.644 74.829 74.451 74.556
83.976 86.861 86.856 85.723 85.643 85.931 85.773 86.183 87.583 85.873 85.811 85.726 85.533 85.433 85.383 85.313 85.186 85.043 86.881 93.696 90.776 85.449 85.506 84.936 83.914 82.829 81.374 80.569 79.349 78.161 77.764 77.639 78.124 77.106 76.709 76.544 77.009 77.494 77.344 76.931 76.744 76.896 77.559 78.676 80.884 79.869 81.021 80.056 77.671 77.544 78.114 80.174 80.791 80.061 80.344 77.479 76.791 76.219 74.421 72.709 73.611 77.096 76.326 75.291 75.419 74.674 74.404 74.404 74.409 74.884
85.476 86.141 87.461 86.523 85.678 86.078 85.773 85.968 85.726 85.793 85.656 85.471 85.378 85.298 85.236 85.118 84.973 84.816 86.806 94.748 93.464 85.789 84.889 83.719 83.294 81.954 80.826 79.559 78.504 77.851 76.714 76.809 76.696 76.306 75.906 75.759 75.901 77.031 76.444 76.411 75.811 75.981 77.209 77.796 76.999 75.959 76.691 76.674 76.799 77.051 77.246 77.836 78.624 77.694 79.364 78.679 77.029 75.726 74.076 72.479 72.599 75.129 78.954 78.449 75.031 74.461 75.204 74.509 74.586 75.331
85.568 84.888 85.663 86.266 85.713 85.606 85.628 85.656 85.651 85.718 85.443 85.336 85.246 85.098 84.941 84.833 84.698 84.541 84.791 90.096 88.674 85.069 84.201 82.924 82.386 81.014 80.069 78.916 78.824 78.294 76.244 76.409 76.764 75.656 75.524 75.466 75.446 75.471 75.479 75.344 75.581 75.339 75.726 77.734 78.196 76.141 76.641 76.386 76.091 76.336 76.771 77.439 77.166 77.484 79.094 79.209 78.744 77.276 74.371 72.321 72.266 73.624 78.349 79.039 77.446 74.144 77.304 75.164 74.859 73.721
84.711 84.696 85.223 85.911 87.126 85.696 85.583 85.576 85.508 85.396 85.321 85.228 85.053 84.838 84.648 84.651 84.518 84.221 84.126 84.968 85.891 84.851 83.691 82.199 81.094 80.091 79.099 78.054 77.711 77.011 76.111 76.244 76.026 75.799 75.669 75.391 75.271 75.206 75.121 74.989 74.916 74.944 75.011 75.654 76.134 75.469 75.776 75.784 75.784 75.809 76.189 76.219 76.054 75.939 78.164 79.079 78.954 75.944 75.851 73.659 72.021 72.061 76.014 78.394 75.681 73.639 74.029 73.616 73.126 73.161
83.576 84.143 84.983 85.108 86.706 86.926 85.623 85.538 85.448 85.361 85.231 85.066 84.871 84.641 84.391 85.823 86.088 84.823 84.023 84.301 86.409 85.051 83.626 81.966 80.639 79.576 78.649 77.869 77.296 76.894 76.899 77.089 76.594 76.431 79.209 79.171 75.379 75.156 75.084 75.011 74.896 74.829 74.791 74.679 74.711 74.674 74.574 74.599 74.784 75.014 75.491 75.626 75.656 76.824 78.684 78.509 76.649 75.486 75.596 74.676 72.079 71.844 71.941 73.134 73.026 72.891 73.044 73.094 73.166 73.676
83.263 83.666 84.428 84.486 84.823 86.276 86.361 85.746 85.601 85.486 85.331 85.398 85.498 84.628 84.948 86.306 85.781 84.453 83.913 84.341 83.941 85.044 86.869 82.094 82.196 81.221 78.934 78.606 78.404 77.794 77.631 77.476 76.941 77.154 82.476 83.494 75.529 75.184 75.144 75.016 74.966 74.931 74.814 74.656 74.554 74.594 74.451 74.344 74.289 74.294 74.479 74.894 76.961 78.556 79.436 78.026 75.674 75.431 75.269 74.804 73.024 71.574 71.616 72.711 73.004 73.461 74.516 74.836 74.429 74.029
82.911 83.121 83.798 84.191 84.566 84.991 86.013 86.521 86.731 87.281 86.761 87.003 87.118 85.463 85.123 85.381 85.591 83.638 83.218 84.506 83.636 84.371 88.244 84.121 84.884 86.536 80.111 80.579 81.271 79.326 78.834 78.501 77.739 78.136 80.834 79.606 75.919 75.269 75.126 75.094 74.941 75.074 74.909 74.724 74.441 74.329 74.274 74.236 74.561 74.171 74.074 74.169 77.706 79.329 79.671 79.001 76.426 75.339 75.234 74.979 74.656 71.844 71.274 71.661 74.386 74.774 74.914 76.316 74.009 73.476
85.821 88.796 84.563 83.881 84.298 84.933 85.273 85.271 86.058 86.128 85.446 85.401 85.573 84.561 83.898 83.331 83.238 83.191 82.651 84.336 82.814 84.594 86.674 85.149 83.644 82.539 81.439 81.539 81.324 80.556 79.694 78.969 78.699 78.321 78.149 78.856 76.671 75.976 75.979 75.644 75.456 75.196 74.936 74.779 74.561 74.359 74.216 74.186 74.304 74.119 74.031 73.901 74.019 77.794 79.136 77.159 75.341 75.324 75.139 74.954 74.644 73.716 71.191 71.009 72.424 76.716 78.249 77.416 74.801 74.216
84.618 85.321 83.421 83.548 84.053 84.896 85.236 85.036 85.888 85.481 84.766 84.696 84.863 84.836 84.021 83.488 82.816 82.443 82.111 81.886 81.886 82.346 83.126 82.984 83.349 83.994 84.274 83.004 82.579 81.501 80.819 80.071 79.496 79.329 79.149 83.171 80.279 78.014 77.604 76.659 76.116 75.479 75.121 74.886 74.769 74.521 74.259 74.156 74.341 74.159 73.964 73.819 73.681 73.616 75.896 74.679 75.199 75.229 75.044 74.744 74.484 74.734 72.316 70.729 70.694 74.391 77.864 78.066 76.399 73.779
86.498 86.581 83.141 83.133 84.078 85.168 85.108 84.991 84.421 83.941 83.636 83.683 84.321 85.906 85.818 86.201 83.258 82.276 81.891 81.583 81.376 81.544 82.516 83.364 81.699 83.619 83.866 83.899 83.566 82.746 82.199 83.084 81.964 80.599 80.591 82.419 79.934 84.139 79.961 77.466 78.946 79.691 76.591 78.999 77.176 75.541 74.384 74.141 74.661 74.096 73.864 73.724 73.561 73.449 73.376 74.094 74.941 74.981 74.846 74.694 74.511 74.636 74.114 71.204 70.459 71.734 76.701 78.266 77.479 75.319
86.048 87.866 89.956 84.348 84.371 85.228 84.956 84.423 83.406 82.751 82.431 82.733 83.371 85.021 86.951 87.206 83.081 82.163 81.688 81.273 81.079 82.704 83.769 81.999 81.876 81.621 81.686 82.491 85.324 84.519 83.914 85.691 84.284 82.746 82.069 81.416 81.396 82.894 83.364 79.524 81.611 82.574 78.356 79.026 76.964 75.401 74.859 74.621 74.699 74.719 74.314 74.194 73.476 73.274 73.054 73.339 74.279 74.466 74.469 74.354 74.294 74.379 72.901 71.569 70.231 70.174 73.471 77.104 77.691 76.776
80.126 80.901 81.853 84.878 84.346 85.143 85.251 83.883 82.411 81.656 81.518 81.653 82.808 83.918 84.218 84.008 82.591 82.033 81.491 81.003 80.784 82.434 84.631 81.309 80.339 81.816 81.086 81.761 85.831 84.514 85.816 84.576 83.824 84.264 83.744 83.074 88.371 86.701 83.361 80.779 79.009 79.826 79.204 79.764 77.049 76.896 80.301 79.769 77.031 75.651 75.379 75.464 73.851 73.659 72.864 72.666 72.779 72.831 73.006 73.011 73.046 72.634 72.196 71.044 70.356 69.949 69.844 73.119 77.029 77.479
79.501 80.476 81.786 83.108 84.416 85.056 84.413 82.948 81.691 81.026 81.056 81.216 82.548 83.558 83.743 83.583 82.458 81.638 80.848 80.476 80.389 80.089 79.729 80.126 79.661 79.909 80.251 80.741 83.246 83.216 83.489 85.769 85.079 84.354 84.349 86.249 93.209 85.744 81.716 81.004 79.636 80.161 79.349 79.971 80.354 80.689 80.901 81.029 81.636 79.789 78.616 79.614 75.126 74.806 73.541 73.644 72.586 72.104 71.906 71.666 71.374 71.101 70.719 70.399 70.026 69.761 69.646 70.014 76.079 76.694
