data/LIDAR-DSM-2M-NZ24se/nz2642_DSM_2M.asc
ncols 500
nrows 500
xllcorner    426000
yllcorner    542000
cellsize     2
NODATA_value -9999
[rows 62 to 92 of 500, columns 210 to 279 of 500]
62.053 62.178 63.008 63.418 63.868 64.433 65.033 65.668 66.716 67.631 67.946 68.118 68.486 68.833 69.228 69.331 69.453 69.763 70.151 70.553 71.076 71.608 72.141 72.596 73.141 73.836 73.848 74.351 76.261 76.713 77.383 77.326 77.633 77.896 78.216 78.506 78.903 79.381 79.796 80.388 80.466 80.673 80.696 80.396 80.201 79.991 79.468 79.231 79.016 78.998 79.528 80.421 81.726 80.718 80.691 81.751 82.266 82.563 83.371 83.813 84.091 84.688 85.056 85.758 86.383 87.323 87.131 86.808 86.831 86.791
62.298 61.968 62.203 63.003 63.526 64.528 65.721 65.411 66.071 67.358 67.646 67.863 68.233 68.571 69.053 69.271 69.266 69.343 69.621 70.071 70.561 71.063 71.536 71.938 72.316 72.868 73.083 73.398 74.136 75.138 76.761 77.281 79.396 77.388 77.626 77.923 78.168 78.418 78.806 79.476 79.593 79.631 79.581 79.433 79.146 78.688 78.346 78.301 79.053 78.311 78.448 81.986 82.133 80.676 80.061 81.111 81.761 82.236 82.641 82.911 83.431 84.093 85.226 85.656 86.623 86.943 87.048 86.858 86.766 86.743
62.616 62.208 61.913 62.431 63.151 63.703 64.461 64.988 65.566 66.643 67.306 67.848 68.048 68.696 68.956 68.996 69.076 69.186 69.296 69.558 69.986 70.486 70.956 71.386 71.808 72.233 72.506 72.763 73.316 73.943 75.613 75.636 76.638 76.926 77.166 77.301 77.518 77.686 78.303 78.928 78.478 78.678 78.751 79.611 78.041 77.661 77.553 78.921 78.726 77.788 77.928 78.348 79.291 79.101 79.701 80.521 81.486 82.048 82.121 82.338 83.326 83.998 84.701 85.986 86.588 87.066 86.933 86.806 86.723 86.721
62.898 62.006 61.868 61.908 62.741 63.338 63.963 64.556 65.148 65.881 66.888 67.383 67.716 67.953 68.311 68.528 68.781 69.031 69.168 69.291 69.526 69.906 70.366 70.783 71.251 72.818 72.031 72.373 74.283 76.918 74.826 74.573 76.346 76.768 76.841 76.708 76.926 77.093 77.198 77.363 77.711 79.508 78.088 77.858 77.128 77.023 76.968 77.006 77.161 77.281 77.533 77.851 78.163 78.628 79.216 80.056 80.933 81.221 82.171 82.263 83.038 83.803 84.518 85.691 86.718 87.213 87.921 86.823 86.728 86.683
62.556 62.511 61.808 62.048 62.306 62.991 63.541 64.158 64.786 65.348 66.256 67.118 67.508 68.263 68.083 68.228 68.506 68.811 69.008 69.078 69.226 69.441 69.788 70.201 70.668 71.258 71.528 74.223 76.248 84.208 81.421 75.236 74.541 75.706 75.828 76.171 76.326 76.478 76.646 76.748 78.051 79.153 78.686 79.838 77.123 76.446 76.398 76.423 76.771 76.878 77.063 77.386 77.791 78.221 78.766 79.408 80.161 80.813 81.561 82.451 82.988 83.551 84.451 85.483 86.403 86.651 86.723 86.928 86.713 86.681
62.751 62.518 61.921 61.723 61.878 62.623 63.111 63.696 64.413 65.038 65.621 66.401 66.908 67.973 67.821 67.956 68.176 68.428 68.693 68.891 69.028 69.086 69.328 69.766 70.211 70.666 71.078 73.978 76.091 82.668 82.478 77.231 73.218 73.846 74.428 75.223 75.671 75.793 75.798 76.088 77.136 77.763 76.108 75.808 77.118 77.731 75.566 75.756 76.156 76.471 76.736 77.086 77.481 77.928 78.546 79.241 80.236 80.941 81.648 82.898 82.983 84.086 84.278 84.918 85.611 85.876 86.793 87.101 86.728 86.658
63.451 62.666 62.001 61.848 61.613 62.023 62.781 63.273 64.111 64.748 65.456 66.091 66.588 67.101 67.346 67.588 67.836 68.161 68.363 68.583 68.841 68.993 68.991 69.251 69.691 70.188 70.586 71.323 71.678 71.771 73.943 73.383 72.471 72.851 73.401 74.036 74.806 75.066 75.108 75.018 75.061 76.128 75.963 76.536 76.016 75.743 75.051 75.181 75.606 76.088 76.408 76.828 77.316 77.788 78.428 79.208 79.938 80.896 82.376 82.373 83.141 83.763 84.266 84.481 84.946 85.441 86.488 86.853 86.683 86.501
61.906 61.708 61.766 61.698 61.748 61.458 62.506 63.086 63.856 64.343 65.103 66.236 66.223 66.638 66.978 67.241 67.518 67.781 67.983 68.181 68.451 68.703 68.818 68.838 69.156 69.638 69.978 72.231 75.093 71.333 71.326 71.803 72.061 72.181 72.538 73.046 73.811 74.221 74.471 74.493 74.476 74.626 74.418 74.171 74.456 74.316 74.501 74.783 75.116 76.121 76.506 76.601 77.203 77.783 78.486 79.388 80.013 80.981 82.046 82.726 83.781 84.428 84.928 84.521 84.606 84.971 85.331 86.086 87.276 86.528
61.743 61.681 61.751 62.058 61.906 61.111 61.933 62.978 63.261 63.993 64.668 65.631 65.871 66.233 66.568 66.841 67.123 67.416 67.613 67.768 68.013 68.318 68.621 68.721 68.741 69.083 69.783 69.816 70.068 72.008 71.271 72.163 71.441 74.103 72.433 72.166 72.658 73.373 73.738 73.821 73.851 73.916 73.661 73.516 75.791 77.196 75.316 74.528 74.908 75.448 75.866 76.483 77.143 77.763 78.533 79.366 80.198 81.216 81.866 82.928 84.973 84.718 85.253 84.698 84.381 84.796 85.188 85.806 86.443 86.283
62.046 61.653 61.726 61.558 61.841 61.633 61.626 62.448 62.923 63.661 64.128 64.761 65.346 65.863 66.093 66.413 66.726 67.016 67.246 67.383 67.608 67.851 68.143 68.493 68.633 69.978 70.398 69.616 69.636 70.871 70.406 70.628 70.791 71.113 71.498 71.556 71.898 72.436 73.026 73.028 73.096 74.328 73.113 73.066 73.258 74.233 75.256 74.931 74.788 75.218 75.811 76.538 77.226 77.738 78.518 79.406 80.276 80.918 81.686 83.006 84.143 85.373 85.643 85.366 85.098 85.821 89.456 88.501 86.116 86.656
62.743 62.083 61.768 61.578 61.571 61.861 61.338 62.301 62.533 63.678 63.728 64.208 64.783 65.233 65.568 65.916 66.311 66.623 66.863 66.988 67.233 67.478 67.716 68.013 68.361 68.813 70.281 68.908 69.451 69.488 69.783 70.076 70.381 72.318 71.383 71.353 71.626 71.708 72.043 72.246 72.446 73.068 72.678 72.821 72.993 73.171 73.586 74.098 74.621 75.183 75.811 76.763 77.313 77.726 78.513 79.293 80.128 81.308 81.378 82.143 83.491 84.388 84.801 86.151 85.461 84.721 88.611 91.013 89.113 86.931
63.591 62.496 61.648 61.476 61.541 61.246 60.968 61.888 62.411 62.486 63.103 63.763 64.286 64.836 65.083 65.396 65.818 66.141 66.381 66.568 66.786 67.046 67.301 67.573 67.878 68.251 68.476 68.563 70.316 70.473 69.256 69.498 69.906 71.836 72.016 70.678 71.133 71.168 71.411 71.676 71.891 72.046 72.241 72.471 73.218 73.241 73.653 74.023 74.533 75.296 75.818 76.681 77.141 77.783 78.461 79.206 80.181 81.566 81.351 81.773 82.476 83.576 86.353 85.331 85.383 84.851 85.973 89.161 89.831 88.486
62.833 62.381 61.766 62.218 61.671 61.266 61.063 62.153 62.193 62.913 62.793 63.381 64.318 64.781 64.583 64.951 65.331 65.683 65.943 66.148 66.391 66.636 66.878 67.141 67.406 67.718 68.048 68.396 68.601 69.281 68.786 68.993 69.288 69.638 69.968 70.196 70.441 70.676 70.926 71.213 71.453 71.628 71.816 72.011 72.426 73.091 73.486 73.928 74.501 75.186 75.723 76.393 76.988 78.376 78.673 78.936 79.566 80.531 80.811 82.596 82.221 82.416 83.156 84.221 84.523 84.111 86.008 84.611 86.333 85.268
63.333 62.676 62.053 61.411 61.381 61.383 61.721 61.411 61.601 62.321 62.993 63.818 64.138 65.403 64.248 64.563 64.886 65.261 65.581 65.796 66.051 66.301 66.518 66.751 67.038 67.346 67.606 67.913 68.213 68.491 68.556 68.693 68.886 69.176 69.511 69.771 70.006 70.261 70.508 70.786 71.056 71.231 71.511 71.828 72.193 72.721 73.226 73.771 74.411 74.998 75.608 76.386 76.873 77.581 78.036 78.618 79.051 79.758 80.371 81.048 81.583 82.243 83.061 82.981 83.788 84.443 85.373 83.706 85.811 85.093
62.403 62.188 61.913 61.571 61.476 61.261 61.783 61.546 61.046 62.293 62.058 62.613 63.951 63.958 63.998 64.173 64.546 64.883 65.218 65.478 65.768 66.003 66.211 66.428 66.701 66.971 67.241 67.546 67.806 68.111 68.386 68.548 68.653 68.743 68.951 69.293 69.551 69.801 70.073 70.336 70.663 71.086 71.311 71.551 71.986 72.413 72.958 73.591 74.271 74.838 75.433 76.003 76.596 77.208 78.706 78.113 78.636 79.191 79.878 81.066 81.206 82.098 83.016 84.023 84.713 84.186 83.451 83.726 84.128 84.851
62.016 61.703 61.646 61.561 61.658 61.271 61.413 61.573 60.456 61.063 61.681 62.413 62.516 63.088 63.361 63.683 64.083 64.466 64.823 65.116 65.393 65.651 65.881 66.138 66.388 66.686 66.943 67.213 67.488 67.766 68.008 68.273 68.493 68.568 68.688 68.871 69.176 69.446 69.771 70.066 70.638 71.098 71.056 71.283 71.718 72.183 72.646 73.348 74.223 74.688 76.148 75.693 76.181 76.721 77.258 77.728 78.246 78.833 79.436 80.061 80.718 81.278 82.208 83.098 84.171 84.248 83.618 83.833 83.951 88.781
62.336 61.961 61.733 62.261 61.771 61.398 61.238 61.063 60.673 61.401 61.591 61.691 62.451 62.608 62.823 63.256 63.628 64.031 64.401 64.698 65.016 65.308 65.573 65.861 66.458 66.718 66.583 66.866 67.136 67.438 67.766 68.011 68.726 68.476 68.566 68.671 68.878 69.173 69.493 69.778 70.108 70.306 70.801 71.036 71.481 71.968 72.421 73.046 73.893 74.651 76.206 75.466 75.743 76.296 76.853 77.391 77.893 78.406 78.988 79.523 80.163 81.178 81.441 82.073 82.738 83.738 84.168 83.421 83.661 88.426
61.891 61.931 61.831 61.686 61.766 61.486 61.163 60.953 60.828 60.773 61.211 61.078 61.761 61.811 62.053 62.438 62.926 63.413 63.888 64.321 64.663 64.973 65.293 65.603 65.891 66.166 66.343 66.581 66.836 67.123 67.906 67.921 68.271 68.253 68.468 68.606 68.736 68.908 69.181 69.486 69.773 70.071 70.426 70.823 71.221 71.653 72.156 72.728 73.441 74.213 74.591 75.076 75.393 75.891 76.423 77.036 77.591 77.988 78.526 79.018 79.568 82.688 82.181 81.626 82.168 83.041 87.198 92.493 87.018 85.758
61.828 61.808 61.728 61.568 61.608 61.386 61.571 61.476 60.993 60.688 61.473 61.893 60.786 61.431 61.863 62.191 62.338 62.691 63.198 63.726 64.206 64.598 64.963 65.296 65.571 65.858 66.098 66.338 66.558 66.781 67.728 68.173 67.958 67.896 68.206 68.458 68.681 68.786 68.936 69.196 69.483 69.821 70.148 70.513 70.891 71.331 71.836 72.388 73.011 73.763 74.456 74.676 75.068 75.543 76.018 76.621 77.311 77.551 78.101 78.651 79.253 79.778 81.283 82.193 81.961 82.676 82.541 83.991 84.823 83.348
61.783 61.723 61.638 61.571 61.471 61.356 61.496 61.283 61.308 61.051 61.073 60.176 59.933 60.371 61.221 61.771 62.186 62.563 63.006 63.363 63.723 64.051 64.528 64.901 65.233 65.561 65.831 66.063 66.306 66.546 67.031 68.008 67.346 67.531 67.816 68.173 68.688 68.776 68.891 69.038 69.238 69.541 69.851 70.168 70.538 71.016 71.468 71.988 72.576 73.228 73.891 74.261 74.603 75.078 75.511 76.198 76.891 77.188 77.651 78.223 78.788 79.351 80.333 81.423 82.613 82.026 82.163 88.086 87.168 83.181
61.778 61.723 61.663 61.593 61.493 61.381 61.203 61.353 61.441 60.961 61.323 60.536 60.206 60.073 60.213 60.756 61.328 61.753 62.193 62.791 65.966 65.471 64.186 64.361 64.756 65.181 65.568 65.836 66.033 66.263 66.476 66.883 66.938 67.171 67.431 67.821 68.253 68.521 68.763 68.993 69.118 69.326 69.551 69.908 70.268 70.671 71.151 71.601 72.133 72.751 73.418 73.796 74.143 74.546 74.983 75.418 76.206 76.768 77.256 77.841 78.441 79.033 79.666 80.703 81.123 81.781 82.083 83.768 88.776 83.133
61.698 61.678 61.631 61.551 61.431 61.286 61.356 61.293 61.183 61.133 61.308 60.638 60.361 60.113 60.061 60.223 60.416 60.853 61.296 61.786 64.576 63.721 63.251 63.758 64.158 64.671 65.186 65.571 65.786 65.953 66.153 66.381 66.658 66.878 67.106 67.386 67.696 68.008 68.443 68.788 69.048 69.228 69.368 69.628 69.991 70.323 70.703 71.186 72.188 72.256 72.856 73.711 73.611 73.971 74.371 74.783 75.563 76.396 76.896 77.401 78.068 78.758 79.371 80.048 80.708 81.356 81.953 82.238 83.123 83.198
61.611 61.573 61.501 61.446 61.363 61.296 61.248 61.191 61.101 60.898 60.806 60.683 60.406 60.228 60.396 60.366 60.601 60.396 61.368 61.328 62.726 62.621 62.676 63.116 63.596 64.043 64.608 65.263 65.536 65.891 65.893 66.088 66.331 66.581 66.831 67.083 67.321 67.646 68.036 68.413 68.786 69.041 69.286 69.446 69.701 70.023 70.368 70.726 71.613 71.718 72.293 72.831 73.178 73.513 73.908 74.298 74.728 75.938 76.391 76.908 77.851 80.858 79.741 79.838 81.138 82.901 81.896 83.483 83.378 84.278
61.603 61.541 61.473 61.448 61.396 61.321 61.256 61.206 61.093 60.956 60.786 60.633 60.551 60.361 60.058 60.448 60.313 60.531 60.496 60.996 61.348 61.496 61.966 62.478 62.871 63.333 64.001 64.546 65.746 66.608 65.658 65.876 66.078 66.263 66.498 66.726 66.956 67.248 67.603 68.028 68.378 68.741 69.151 69.361 69.498 69.773 70.046 70.396 70.758 71.231 71.763 72.346 72.713 73.053 73.438 73.793 74.198 74.783 75.618 76.441 77.241 83.451 81.521 80.641 80.343 82.526 82.173 83.873 83.383 82.761
61.541 61.508 61.483 61.456 61.378 61.318 61.251 61.168 61.098 61.003 60.876 60.768 60.626 60.446 60.213 60.093 60.031 60.211 59.976 60.511 60.863 61.998 61.433 62.038 62.233 64.061 63.521 63.953 64.243 64.916 65.393 65.611 65.868 66.676 66.216 66.408 66.621 66.878 67.181 67.571 67.956 68.346 68.806 69.168 69.411 69.566 69.758 70.108 70.413 70.793 71.251 71.723 72.253 72.621 73.011 73.391 73.761 74.178 74.838 75.746 76.656 78.388 79.296 82.056 79.421 81.073 80.721 81.636 84.273 82.526
61.558 61.531 61.478 61.496 61.466 61.406 61.291 61.206 61.161 61.091 60.956 60.823 60.768 60.441 60.468 60.426 60.053 59.901 59.648 60.108 60.368 60.586 60.958 61.441 61.671 62.168 62.626 63.168 63.693 64.118 64.791 65.313 65.586 66.871 65.971 66.173 66.281 66.458 66.771 67.151 67.561 67.976 68.413 68.891 69.218 69.448 69.593 69.791 70.123 70.421 70.781 71.201 71.661 72.061 72.576 73.026 73.448 73.773 74.293 74.958 76.881 76.568 77.418 78.856 79.071 81.511 80.113 80.961 81.706 82.196
61.546 61.566 61.533 61.553 61.513 61.436 61.338 61.266 61.346 61.183 60.981 60.866 60.726 60.688 60.571 60.323 60.191 59.878 59.631 59.631 59.731 60.013 60.488 60.853 61.041 61.438 62.421 62.593 63.028 63.596 64.091 64.803 65.348 65.678 65.721 65.936 66.113 66.278 66.428 66.736 67.126 67.556 67.983 68.498 68.846 69.241 69.488 69.623 69.846 70.168 70.378 70.683 71.196 71.626 72.101 72.551 72.998 73.346 73.831 74.423 75.111 76.113 77.043 78.961 78.098 78.593 79.491 80.601 81.111 83.098
61.523 61.533 61.541 61.568 61.468 61.383 61.336 61.256 61.218 61.078 60.938 60.783 60.698 60.683 60.628 60.228 60.286 60.143 60.163 60.126 59.361 59.391 59.628 60.151 60.578 61.053 61.268 61.961 62.468 62.911 63.356 63.841 64.621 65.236 65.431 65.696 66.136 66.266 66.376 66.451 66.763 67.126 67.558 68.051 68.476 68.916 69.316 69.513 69.631 69.851 70.073 70.308 70.866 71.283 71.543 72.051 72.568 73.003 73.368 73.856 74.511 75.216 78.056 76.968 77.528 78.061 79.231 79.703 80.231 84.538
61.583 61.553 61.526 61.493 61.426 61.358 61.336 61.246 61.186 61.108 61.401 61.006 60.693 60.613 60.503 60.551 60.581 60.383 60.156 60.226 59.616 59.216 59.293 59.418 59.948 60.281 60.656 61.091 62.191 62.181 62.621 63.306 64.038 64.543 65.021 65.393 66.006 66.071 66.261 66.271 66.476 66.791 67.198 67.631 68.098 68.581 69.126 69.498 69.518 69.573 69.778 70.006 70.311 70.641 71.048 71.498 72.061 72.446 72.978 73.321 74.001 74.503 75.066 76.078 76.513 77.601 78.438 78.896 79.501 80.743
61.603 61.578 61.563 61.451 61.456 61.358 61.428 61.276 61.146 61.123 61.348 60.776 60.708 60.608 60.513 60.593 60.521 60.176 60.336 60.003 59.433 59.261 59.251 59.246 59.691 60.041 60.733 60.436 62.041 61.588 62.208 63.096 64.331 64.576 64.393 64.858 65.283 66.031 65.846 66.053 66.298 66.588 66.908 67.261 67.691 68.161 68.883 69.383 69.533 69.461 69.531 69.763 69.976 70.186 70.468 70.903 71.456 71.903 72.196 72.706 73.378 75.901 76.316 79.338 78.448 77.143 78.071 78.176 78.801 79.413
61.581 61.508 61.496 61.441 61.438 61.343 61.658 61.556 61.718 61.038 61.276 60.788 60.641 60.553 60.606 60.321 60.303 60.403 60.103 59.988 59.678 59.196 59.278 59.218 59.276 59.576 59.971 60.006 60.071 60.593 62.418 62.213 62.298 66.006 63.718 64.138 64.521 65.136 65.596 65.853 66.341 66.348 66.658 66.923 67.256 67.691 68.251 68.778 69.166 69.486 69.436 69.528 69.726 69.938 70.136 70.501 70.843 71.391 71.643 72.031 72.563 73.271 73.766 78.561 80.361 77.478 77.256 77.446 78.081 78.753
