data/LIDAR-DSM-2M-NZ24se/nz2641_DSM_2M.asc
ncols 500
nrows 500
xllcorner    426000
yllcorner    541000
cellsize     2
NODATA_value -9999
[rows 64 to 95 of 500, columns 360 to 431 of 500]
86.64 84.468 84.623 84.688 84.82 85.02 85.258 85.808 86.658 87.395 89.015 88.345 88.323 88.428 88.528 88.583 88.625 88.815 88.723 88.685 89.053 92.395 93.435 96.418 96.523 96.798 97.208 97.553 97.905 97.968 97.6 97.208 96.863 95.265 93.135 91.78 91.165 88.465 88.373 88.368 88.358 88.368 88.57 88.298 87.673 86.988 86.233 86.035 85.115 84.7 84.213 83.695 83.278 82.745 82.37 81.945 83.988 81.818 80.123 79.408 82.043 78.978 79.035 78.775 79.155 76.763 78.59 77.69 76.575 75.185 73.898 74.103
84.658 84.648 84.748 84.88 85.045 85.255 85.495 86.135 87.235 87.86 88.285 88.378 88.44 88.455 88.535 88.658 88.693 88.7 88.68 88.69 88.668 90.633 94.475 96.695 97.033 97.445 97.86 98.025 97.735 97.353 96.93 96.628 94.62 91.915 92.473 91.215 89.363 88.435 88.378 88.38 88.333 88.24 88.903 88.01 87.33 86.64 85.998 85.535 84.9 84.85 84.028 83.348 82.895 82.26 81.785 83.65 85.52 80.005 79.3 78.69 78.21 80.675 79.333 77.285 74.945 76.16 78.185 78.483 77.418 77.56 75.165 75.003
84.868 84.913 84.943 85.078 85.295 85.503 85.683 86.148 86.908 87.605 88.175 88.365 88.478 88.533 88.565 88.885 88.668 88.618 88.66 88.708 88.74 89.955 96.868 97.298 97.723 98.018 97.855 97.49 97.065 96.708 96.493 96.468 95.618 92.093 90.315 89.993 88.415 88.393 88.333 88.338 88.29 88.115 87.848 87.783 87.023 87.438 85.155 84.588 84.628 84.853 83.345 82.28 83.135 84.198 80.845 80.328 80.118 79.093 78.53 78.118 77.705 77.2 76.998 76.493 78.27 74.725 77.238 78.383 78.318 78.448 77.815 75.393
85.078 85.115 85.198 85.355 85.505 85.763 85.885 86.245 86.735 87.69 88.28 88.403 88.493 88.525 88.605 88.775 88.81 88.6 88.673 88.713 88.725 89.638 96.493 97.943 97.978 97.61 97.218 96.845 96.56 96.505 96.495 96.463 93.98 90.255 88.435 88.398 88.348 88.368 88.325 88.29 88.075 87.81 87.25 86.118 90.885 87.775 84.915 87.408 83.05 82.423 81.758 81.405 81.083 82.45 82.445 79.695 79.033 78.585 78.115 77.633 77.143 76.95 78.54 76.245 77.068 76.863 77.26 78.133 78.503 77.815 75.818 73.753
85.393 85.448 85.525 85.873 85.758 85.913 86.128 86.375 87.01 87.97 88.388 88.443 88.703 89.085 88.555 88.678 88.965 88.685 88.663 88.678 88.695 88.73 91.008 96.918 97.34 96.925 96.6 96.475 96.508 96.205 96.335 92.558 89.363 88.688 88.473 88.408 88.373 88.35 88.263 88.255 87.33 86.488 85.62 84.75 84.09 88.3 87.55 82.488 82.105 81.723 81.248 80.818 80.375 79.938 79.488 79.008 78.593 78.34 77.653 76.918 76.538 76.335 78.165 78.325 77.295 77.43 78.018 78.425 77.438 75.668 74.183 73.743
85.613 85.635 85.66 85.778 85.94 86.163 86.345 86.533 86.85 87.543 88.228 88.378 88.533 88.485 88.54 88.668 88.858 88.94 88.688 88.715 88.713 88.718 89.593 94.27 96.615 94.815 96.538 96.463 95.768 94.448 88.84 88.845 88.685 88.653 88.543 88.423 88.32 88.195 87.718 86.87 86.01 85.253 84.515 83.833 84.773 85.075 85.03 82.06 81.655 81.153 80.68 80.263 79.778 79.318 78.718 78.43 78.27 77.655 76.865 76.25 75.755 75.115 75.905 77.76 78.53 78.68 77.568 76.683 75.178 73.968 73.903 73.775
85.828 85.825 85.88 85.965 86.133 86.403 86.573 86.78 87.015 87.233 87.498 87.88 88.135 88.35 88.438 88.695 88.81 89.043 88.905 88.773 88.758 88.733 88.713 89.903 92.16 92.935 93.923 94.12 91.065 89.59 88.683 88.665 88.653 88.658 88.588 88.385 87.975 87.355 86.415 85.695 85.27 84.313 83.928 83.175 82.733 82.338 82.813 81.463 81.025 80.548 80.028 79.515 78.95 78.523 78.045 77.853 77.545 76.82 76.218 75.443 74.955 76.505 77.888 78.648 78.49 77.665 75.263 74.168 74.133 74.055 73.945 73.873
86.103 86.148 86.125 86.213 86.37 86.613 86.805 86.988 87.395 87.478 87.703 87.888 88.108 88.823 88.52 88.708 88.838 88.825 89.01 88.778 88.783 88.775 88.783 88.723 88.778 91.04 89.58 89.215 88.69 88.738 88.69 88.653 88.643 88.608 88.405 87.598 87.703 86.163 85.905 84.92 84.27 83.688 83.185 82.705 82.213 81.73 83.723 80.743 80.265 79.608 79.125 78.595 78.205 77.768 77.583 77.23 76.573 75.963 75.173 75.16 77.085 78.138 78.755 78.313 77.395 75.128 74.22 74.25 74.223 74.155 74.073 73.893
86.04 86.198 86.34 86.44 86.793 87.05 87.075 87.165 87.723 87.755 88.113 88.23 88.418 88.605 88.788 88.918 89.148 89.04 89.043 88.895 88.805 88.865 88.8 88.69 88.765 88.84 88.728 88.695 88.695 88.655 88.68 88.673 88.558 88.128 87.293 86.51 87.503 86.003 84.698 84.185 87.625 87.798 82.725 82.075 81.57 81.013 80.765 79.875 79.478 78.808 78.303 77.825 77.53 77.323 76.945 76.433 75.798 74.925 75.588 77.528 78.355 78.69 78.025 76.96 74.885 74.278 74.268 74.233 74.218 74.18 74.16 73.958
86.238 86.353 86.5 86.91 87.125 87.133 87.47 87.505 87.72 88.033 88.27 88.498 88.678 88.895 89.073 89.213 89.38 89.488 89.205 88.958 88.835 88.825 88.735 88.72 88.673 88.71 88.68 88.678 88.643 88.625 88.638 88.515 88.043 87.243 86.428 85.918 85.935 86.198 84.295 83.858 84.648 83.91 82.005 81.39 80.735 80.173 79.625 79.19 78.543 78.043 77.678 77.375 77.088 76.873 76.415 75.983 75.493 74.838 77.2 78.608 78.588 77.77 76.193 74.488 74.338 74.373 74.33 74.31 74.28 74.22 74.215 74.14
86.483 86.61 86.843 87.043 87.095 87.68 87.583 87.753 88.133 88.253 88.558 88.843 89.095 89.248 89.373 89.443 89.61 89.725 89.85 89.103 88.978 88.828 88.835 88.728 88.7 88.7 88.748 88.603 88.633 88.618 88.528 89.188 87.115 86.563 86.263 85.493 84.915 84.44 83.938 83.34 85.128 81.933 81.303 80.62 80.043 79.413 78.953 78.585 78.013 77.525 77.223 77.103 76.85 76.58 76.13 75.79 75.418 75.153 75.495 78.065 77.478 75.595 74.35 74.493 74.508 74.453 74.438 74.558 74.493 74.373 74.295 74.303
86.715 86.803 87.045 87.323 87.408 87.588 87.843 88.04 88.488 89.195 89.948 89.843 89.438 89.545 89.67 89.84 89.955 89.988 90.043 89.508 89.055 88.948 88.803 88.74 88.705 88.718 88.678 88.605 88.593 88.51 88.055 88.79 89.398 86.118 85.638 85.15 84.545 83.94 83.338 82.733 82.03 81.713 80.658 80.07 79.485 78.983 78.44 78.083 77.628 77.205 76.905 76.78 76.685 76.393 75.973 75.703 75.428 75.278 75.098 75.165 75.073 74.768 74.673 74.58 74.518 74.535 74.56 74.568 74.533 74.43 74.36 74.37
87.015 87.043 87.43 87.495 87.78 87.955 88.133 88.368 90.423 90.805 90.39 90.06 89.93 90.73 89.988 90.078 90.25 90.273 90.283 90.188 89.363 89.073 88.94 88.855 88.838 88.815 88.778 88.835 89.285 88.16 87.615 86.92 86.398 85.928 85.285 84.62 84.043 83.355 82.728 82.05 81.495 81.04 80.535 80.033 79.343 78.645 78.093 78.085 77.463 77.04 76.648 76.545 76.383 76.11 75.863 75.665 75.42 75.283 75.158 74.755 74.655 74.718 74.675 74.65 74.67 74.693 74.645 74.6 74.54 74.485 74.465 74.37
87.123 87.32 87.623 87.99 88.075 88.238 88.478 88.708 89.503 90.633 89.493 90.05 90.225 90.545 90.333 90.373 90.465 90.518 90.455 90.64 89.863 89.105 89.185 89.465 89.228 89.055 88.95 88.838 91.79 88.265 87.783 86.808 86.288 85.608 84.843 84.17 83.49 83.085 82.51 81.82 81.483 81.005 80.508 80.165 79.773 78.845 78.168 77.9 77.285 77.165 76.548 76.38 76.228 76.01 75.743 75.518 75.325 75.2 75.118 75.035 74.898 74.773 74.82 74.82 74.873 74.823 74.725 74.65 74.588 74.56 74.535 74.423
87.398 87.903 87.818 88.543 89.55 88.708 88.823 88.978 89.428 90.12 89.955 90.173 90.43 90.653 90.625 90.64 90.793 90.635 89.973 89.52 89.325 89.463 90.033 90.263 89.933 89.97 89.21 88.938 92.238 91.99 91.11 86.728 86.103 85.36 84.498 83.723 83.08 82.598 82.255 81.94 81.473 80.813 80.243 80.045 79.75 79.305 78.693 77.833 77.115 76.795 76.605 76.298 76.11 75.843 75.615 75.435 75.303 75.203 75.113 75.23 75.67 75.098 78.315 81.005 76.52 74.933 74.828 74.7 74.648 75.2 74.603 74.503
88.44 88.235 88.118 88.393 88.665 88.898 89.495 89.34 89.765 89.885 90.123 90.578 90.785 90.8 90.8 90.788 90.54 90.245 89.638 89.625 89.99 90.453 90.59 90.523 90.455 89.738 89.233 89.13 88.345 90.173 93.86 91.598 85.828 85.01 84.135 83.353 82.748 82.465 82.25 81.818 81.268 80.425 80.088 79.94 79.638 79.37 78.803 77.675 77.003 76.745 76.645 76.253 75.938 75.76 75.655 75.495 75.375 75.298 75.188 76.475 79.865 81.64 82.103 82.308 80.158 75.028 74.913 74.805 76.75 74.775 76.313 75.245
88.043 88.19 88.405 88.635 88.918 89.803 89.655 90.965 89.878 90.385 90.54 90.888 90.913 90.96 90.883 90.465 90.003 89.905 90.1 90.658 90.828 90.79 90.705 90.648 90.143 89.788 89.645 89.463 92.373 87.918 87.253 86.435 85.603 84.708 83.785 83.043 82.445 82.208 81.943 81.39 80.603 79.995 79.948 79.828 79.553 79.148 78.363 77.443 76.983 76.71 76.52 76.41 76.02 75.895 75.79 75.56 75.448 75.363 76.895 80.128 82.083 82.468 82.845 82.768 82.058 78.065 75.02 74.9 74.788 77.053 80.098 81.265
88.53 88.513 88.718 88.928 89.185 89.675 89.718 89.98 90.935 90.623 90.785 91.078 91.085 90.853 90.408 90.195 90.24 90.685 91.083 91.188 91.153 91.013 90.753 90.748 90.253 90.015 89.783 89.238 89.84 87.903 87.06 86.128 85.423 84.38 83.455 82.765 82.365 82.035 81.585 80.74 80.1 79.74 79.653 79.505 79.29 78.68 77.825 77.32 77.003 76.79 76.62 76.693 76.345 76.035 75.87 75.668 77.513 80.388 82.01 82.408 82.78 83.155 83.545 83.215 82.485 80.383 76.058 75.035 76.535 79.83 82.058 81.593
88.615 88.813 89.03 89.25 89.553 89.803 90.073 90.273 90.66 90.918 91.055 91.113 90.815 90.573 90.473 90.75 91.18 91.403 91.55 91.6 91.338 91.068 90.888 90.823 90.3 89.958 89.828 89.173 88.468 87.685 86.738 85.788 86.06 83.98 83.205 82.578 82.178 82.618 81.235 80.333 79.765 79.638 79.453 79.013 78.608 78.16 77.738 77.428 77.17 76.973 76.825 76.713 76.62 76.235 75.98 75.82 76.795 81.88 82.54 83.07 83.52 83.903 84.15 83.578 82.838 82.155 78.145 75.238 79.098 85.373 89.72 87.203
88.91 89.105 89.415 89.635 89.93 90.14 90.395 90.585 91.405 91.05 91.11 90.888 90.77 90.948 91.23 91.5 91.575 91.733 92.615 91.54 91.415 95.75 93.34 90.81 90.355 90.033 89.703 89.238 88.293 87.353 86.385 85.498 84.638 83.753 82.965 83.353 85.075 81.655 80.815 80.058 79.693 79.405 79.1 78.685 78.425 78.175 77.895 77.638 77.483 77.44 77.32 77.195 77.12 76.788 76.393 76.135 75.883 79.74 82.193 82.923 83.638 84.325 84.573 83.94 83.258 82.55 80.783 76.405 79.758 87.055 91.38 88.163
89.213 89.485 89.74 90 90.47 90.618 90.805 90.913 91.238 91.213 91.11 91.06 91.323 91.555 91.633 91.848 91.893 91.853 91.655 91.578 95.598 97.798 100.343 91.32 90.43 90.108 89.518 88.795 87.965 87.015 86.105 85.325 84.375 83.55 82.838 84.72 86.345 80.97 80.393 80.03 79.703 79.318 78.94 78.695 78.475 78.313 78.295 78.165 78.115 78.05 77.95 77.598 77.31 77.5 76.94 76.583 76.233 76.063 81.638 82.528 83.248 83.975 84.025 83.638 83.235 82.758 82.14 79.88 78.758 85.973 86.775 86.978
89.543 89.803 90.035 90.29 90.613 90.945 91.198 91.335 91.368 91.31 91.388 91.58 91.703 91.84 92.12 92.715 91.918 91.77 91.715 91.62 92.853 94.013 95.755 90.785 90.473 89.96 89.253 88.418 87.675 86.728 85.915 86.01 84.21 83.498 82.825 82.283 81.628 80.96 80.473 80.13 79.8 79.49 79.175 78.888 78.825 78.803 78.813 78.778 78.8 79.398 78.49 78.13 77.763 77.838 77.518 77.168 76.733 76.148 78.28 82.13 82.855 83.488 83.31 82.888 82.535 82.14 80.613 77.915 75.715 78.12 78.19 79.13
89.86 90.093 90.31 90.6 90.918 91.485 91.565 91.628 91.62 91.563 93.703 91.975 92.123 92.213 92.155 92.105 92.043 91.973 91.825 91.715 91.843 92.948 93.018 90.773 90.32 89.69 88.873 88.143 87.323 86.455 85.665 84.813 84.168 83.54 82.963 82.38 81.695 81.13 80.695 80.35 80.023 79.738 79.498 79.383 79.398 79.493 79.615 79.538 79.483 79.49 79.158 78.795 78.45 78.235 78.228 77.808 77.403 76.908 75.958 81.355 82.47 82.915 82.603 82.198 81.705 77.768 76.903 75.978 76.01 76 75.975 75.973
90.17 90.383 90.685 91.165 91.665 91.955 91.953 91.893 91.888 92.018 92.633 92.753 92.47 92.328 92.275 92.245 92.573 92.043 91.913 91.72 91.58 91.71 92.053 90.68 90.033 89.4 88.588 87.903 87.443 86.268 85.553 84.848 84.288 83.593 82.973 82.443 81.783 81.408 80.985 80.62 80.348 80.078 79.99 79.915 80.125 80.39 80.393 80.363 80.258 80.078 79.805 79.578 79.268 78.958 78.83 78.41 77.993 77.505 76.755 78.54 82.06 82.243 80.81 79.593 76.998 76.603 76.37 76.51 76.6 76.525 76.475 76.33
90.448 90.74 91.04 91.708 92.085 92.263 92.288 92.233 92.405 95.14 94.793 92.653 92.58 92.515 92.455 92.415 92.42 92.18 92.038 91.87 91.653 91.36 90.99 90.383 89.765 89.063 88.38 87.653 87.613 86.233 85.505 84.958 84.413 83.723 83.225 82.48 82.028 81.67 81.303 80.965 80.69 80.455 80.435 80.818 81.528 81.403 81.053 81.12 80.998 80.798 80.513 80.263 79.918 79.623 79.218 79.07 78.438 78.06 77.603 76.835 79.815 79.705 77.12 76.685 77.403 77.27 77.26 77.193 77.225 77.138 77.035 76.885
90.788 90.948 91.255 91.983 92.413 92.588 92.63 92.683 92.988 93.898 92.888 93.863 92.733 92.735 92.633 92.54 92.41 92.305 92.153 91.92 91.603 91.268 90.75 90.115 89.568 88.845 88.238 87.648 87.19 86.528 85.523 84.935 84.41 83.783 83.27 82.733 82.365 81.973 81.638 81.34 81.11 80.97 81.168 81.74 82.488 83.005 81.913 81.823 81.798 81.553 81.273 81.03 80.673 80.258 79.79 79.645 79.033 78.648 78.335 77.788 77.078 77.11 77.618 77.865 77.958 78.008 77.933 77.893 77.84 77.868 77.875 77.778
91.078 91.033 91.435 92.308 92.748 92.87 92.9 93.005 92.975 92.895 92.92 93.255 92.805 92.785 92.728 92.64 92.49 92.403 92.21 91.883 91.503 91.075 90.555 89.92 89.468 88.803 88.203 87.638 86.875 86.228 85.598 85.065 84.505 83.96 83.475 83.123 82.745 82.375 82.038 81.793 81.633 81.635 81.82 82.14 82.483 82.49 82.713 82.573 82.428 82.22 82.085 81.755 81.358 81.183 80.488 80.055 79.763 79.235 78.955 79.288 78.393 78.303 78.39 78.563 78.553 78.538 78.515 78.558 78.673 78.58 78.79 78.98
91.11 91.355 91.94 93.62 92.978 93.628 93.703 93.153 93.095 93.098 93.165 92.95 92.893 92.868 92.785 92.693 92.578 92.418 92.113 91.785 91.345 90.895 90.423 89.915 89.378 88.84 88.253 87.58 86.973 86.345 85.795 85.268 84.868 84.403 83.95 83.538 83.135 82.783 82.493 82.283 82.195 82.333 82.563 82.78 83.098 83.21 83.298 83.29 83.178 82.898 82.68 82.39 82.088 81.693 81.293 80.685 80.175 79.925 79.695 80.23 79.065 78.935 79.003 79.033 79.015 79.033 79.088 79.248 79.21 79.465 79.673 79.775
94.145 92.43 92.873 93.123 93.265 94.843 95.328 93.188 92.988 93.105 93.133 93.243 93.143 94.355 93.135 92.728 92.565 92.328 92.03 91.618 91.213 90.81 90.325 89.843 89.405 88.793 88.245 87.723 87.14 86.633 86.125 85.745 85.393 84.968 84.5 84.003 83.583 83.25 83.02 82.818 82.775 82.983 83.21 83.458 83.695 83.835 83.975 83.918 83.885 83.66 83.445 83.165 82.695 82.333 81.86 81.373 80.848 80.503 80.095 80.005 79.583 79.403 79.368 79.355 79.445 79.548 79.655 79.828 79.963 80.058 80.17 80.095
98.2 92.938 93.153 93.268 93.233 93.238 95 94.8 93.053 93.015 93.165 94.785 97.223 98.303 98.763 94.42 92.515 92.223 91.898 91.585 91.575 91.445 90.598 90.113 89.963 89.043 88.61 88.17 87.565 87.083 86.66 86.325 85.968 85.508 85.005 84.545 84.13 83.77 83.538 83.358 83.388 83.605 83.843 84.12 84.35 84.43 84.683 84.568 84.555 84.255 84.105 83.763 83.938 82.845 82.403 81.985 81.495 81.033 80.593 80.473 80.278 79.78 79.68 79.718 79.823 79.918 80.073 80.145 80.18 80.96 86.08 81.723
94.758 93.263 93.235 93.258 93.233 93.173 93.225 93.495 93.12 93.103 93.08 94.408 96.343 92.973 92.765 92.53 92.378 92.145 91.91 92.48 92.095 91.465 90.985 90.478 89.948 89.715 88.968 88.873 88.143 87.65 87.303 86.905 86.52 86.075 85.58 85.12 84.695 84.348 84.058 83.865 83.995 84.203 84.468 84.635 84.835 84.993 85.463 85.125 85.053 84.938 87.725 84.4 86.098 83.383 82.975 82.6 82.045 81.545 81.205 80.958 80.758 80.185 80.008 80.048 80.113 80.233 80.31 81.8 84.88 87.78 88.18 86.995
93.43 93.278 93.268 93.233 93.225 93.218 93.18 93.305 93.15 93.113 93.098 93.145 94.135 92.86 92.66 92.46 92.303 92.868 92.748 92.375 92.138 91.98 91.403 90.95 90.498 90.023 90.018 89.285 88.788 88.245 87.848 87.47 87.088 86.623 86.158 85.68 85.265 84.883 84.603 84.395 84.61 84.868 85.07 85.245 85.423 85.543 85.753 85.58 85.505 85.358 87.345 84.963 90.095 83.878 83.44 83.008 82.5 82.048 81.63 81.375 81.105 80.833 80.32 80.268 80.27 81.188 83.7 87.378 88.07 88.145 88.193 88.015
