data/LIDAR-DSM-2M-NZ24se/nz2643_DSM_2M.asc
ncols 500
nrows 500
xllcorner    426000
yllcorner    543000
cellsize     2
NODATA_value -9999
[rows 64 to 95 of 500, columns 142 to 212 of 500]
107.952 107.927 107.92 110.33 109.18 108.047 117.1 120.892 114.037 110.49 107.932 107.872 107.877 107.877 107.86 108.99 109.032 108.875 111.03 112.14 113.725 108.207 107.912 107.867 107.807 107.787 107.73 107.745 107.772 107.797 107.752 107.947 111.11 110.012 107.562 108.495 114.057 115.975 115.555 114.507 113.997 111.68 111.082 113.307 114.795 110.085 108.9 108.372 108.315 108.842 109.065 107.955 108.182 107.772 106.907 105.885 105.785 105.635 105.545 105.82 106.42 106.787 106.412 106.772 105.75 105.807 106.145 104.93 104.742 104.78 104.762
108.962 108.697 107.98 107.917 107.905 107.927 109.86 108.15 108.662 107.912 107.972 107.892 108.007 107.877 107.887 108.382 109.492 112.667 114.11 114.66 114.44 110.517 107.872 107.862 107.867 107.772 108.455 109.977 113.437 110.95 107.775 107.667 108.63 111.37 107.627 107.562 113.647 115.287 112.732 110.89 115.207 110.047 116.495 118.547 119.017 115.92 112.762 108.225 108.267 108.017 107.625 108.027 108.145 106.125 105.915 105.905 106.14 106.455 106.745 107.015 107.002 107.117 106.772 106.642 105.767 106.025 106.407 105.867 104.875 104.835 104.872
112.437 111.9 109.24 108.755 108.427 108.277 107.942 107.93 107.907 107.91 107.905 107.912 107.927 107.885 107.89 109.11 111.612 112.91 114.51 115.53 115.02 113.24 108.017 107.837 108.04 110.73 114.447 115.695 116.107 114.775 107.837 108.73 108.477 110.57 109.767 107.592 107.597 107.815 110.065 110.13 115.315 113.762 117.612 119.272 115.995 117.062 119.225 114.5 108.7 109.062 107.63 106.765 106.22 106.135 106.382 107.08 107.457 107.89 108.955 109.142 111.437 111.172 107.907 107.665 106.245 106.12 106.485 106.605 105.325 104.885 104.902
113.782 113.507 113.185 111.912 110.242 109.852 108.822 108.495 107.975 107.91 107.917 107.917 107.895 107.872 107.842 109.09 111.767 111.9 113.875 115.162 115.457 114.382 110.965 111.715 113.447 115.815 116.28 116.797 116.8 115.965 112.787 111.655 110.912 109.76 111.382 107.882 107.572 107.535 108.422 111.125 113.382 116.56 115.145 115.68 115.557 117.85 118.737 113.21 110.757 109.102 106.82 106.325 106.35 107.047 107.462 108.042 111.75 112.405 113.195 113.365 113.575 113.337 109.55 106.84 106.607 106.322 106.617 107.187 106.11 105.115 104.965
114.765 114.505 114.157 114.195 113.452 112.88 112.322 109.14 108.21 107.895 107.87 107.867 107.86 107.817 107.81 107.812 108.985 110.43 113.04 114.58 113.64 114.827 115.142 115.815 116.31 117.052 116.957 116.86 116.94 116.43 115.087 111.845 111.307 109.185 109.427 107.565 107.56 107.532 107.465 108.257 114.095 115.79 116.282 117.295 116.45 119.337 118.79 113.537 107.63 106.6 106.437 106.762 107.397 108.035 107.895 108.667 112.717 113.67 113.997 114.187 114.25 113.55 110.847 106.895 106.962 106.587 107.44 108.29 108.437 107.047 105.002
114.617 114.8 115.082 115.857 114.43 114.105 112.237 109.185 108.372 107.882 107.815 107.815 107.8 107.785 107.782 107.8 107.817 109.43 112.16 113.837 113.692 114.002 115.835 116.627 117.027 116.815 116.3 115.917 116.535 116.82 115.917 111.855 109.07 107.472 107.495 107.5 107.537 107.49 107.435 107.382 108.825 112.69 114.332 114.76 112.977 118.065 117.985 114.362 106.687 106.715 106.857 107.302 107.655 110.275 108.957 109.147 112.367 113.635 114.395 115.067 114.59 113.695 112.265 106.962 106.85 106.685 108.145 109.792 109.517 106.71 105.085
113.682 113.857 114.19 115.142 112.225 112.362 110.442 109.08 107.977 107.89 107.815 107.77 107.73 107.82 108.327 107.887 107.75 107.555 111.357 113.542 113.777 113.967 115.3 116.37 116.262 115.787 115.555 115.662 116.28 116.975 116.395 113.477 108.232 107.422 107.525 107.492 107.47 107.422 107.385 107.34 107.262 108.785 108.725 108.17 108.135 110.695 110.277 106.825 106.9 107.77 107.522 107.512 107.612 111.785 111.797 108.39 110.817 113.482 114.262 115.415 114.74 113.852 113.06 107.067 106.835 106.732 107.102 107.735 108.105 106.777 105.12
111.762 111.512 112.972 113.575 109.495 109.222 108.812 108.247 108.065 107.955 107.872 107.79 107.83 108.655 108.627 108.24 107.732 107.635 109.182 113.97 113.977 113.74 113.65 115.61 115.455 115.655 115.992 116.425 116.865 117.097 116.517 115.767 110.547 107.372 108.102 107.58 107.797 107.367 107.315 107.292 107.25 107.22 107.455 107.83 107.192 107.057 106.957 107.235 107.625 107.745 107.51 107.612 110.677 114.532 113.795 110.132 109.735 113.57 114.085 114.897 114.877 114.055 113.267 107.72 106.805 106.635 106.6 106.77 106.897 106.835 105.202
109.282 109.457 110.895 110.355 109.197 109.022 108.257 108.182 108.105 108.015 108.025 107.887 107.757 108.477 108.09 108.28 108.312 109.44 110.057 112.312 113.3 112.272 111.352 114.855 115.927 116.465 117.242 116.892 116.595 116.105 115.61 111.157 108.757 107.482 107.742 107.6 108.517 107.522 107.38 107.265 107.202 107.145 107.102 107.192 107.115 107.112 107.967 111.202 108.217 107.57 107.527 107.517 113.425 114.337 113 108.577 108.512 113.057 113.922 114.737 115.022 114.247 113.407 109.947 106.86 106.662 106.665 106.747 106.852 106.897 105.74
109.232 109.187 109.317 109.3 109.125 108.402 108.292 108.262 108.175 108.15 108.09 107.895 108.635 110.04 108.197 109.465 110.352 110.817 112.087 111.985 111.537 111.227 111.227 113.027 115.907 116.68 116.497 116.075 115.86 114.142 107.452 107.83 108.365 110.19 110.06 109.427 108.68 107.777 107.472 107.857 107.192 107.125 107.037 107.05 107.29 107.795 110.997 113.927 110.412 107.915 107.542 107.697 109.647 110.492 111.527 111.397 112.01 113.18 113.745 114.577 115.08 114.42 113.61 111.172 106.932 106.75 106.79 106.842 107.665 107.145 106.37
109.83 109.127 109.012 108.897 108.527 108.367 108.362 108.295 108.26 108.237 108.077 107.915 110.127 110.485 110.335 111.047 111.932 113.07 113.28 112.615 111.307 111.25 111.227 111.23 114.817 115.91 114.477 111.802 111.857 107.79 108.292 108.345 109.735 110.485 111.345 112.665 110.157 108.92 107.36 107.855 107.117 107.067 107 106.957 107.275 108.105 107.875 107.19 107.735 110.662 110.727 112.075 113.047 113.197 113.362 113.542 113.705 113.885 114.095 114.497 115.182 114.685 113.752 111.835 107 106.815 106.755 106.815 108.795 107.085 106.995
109.22 109.13 108.997 108.765 108.53 108.45 108.392 108.385 108.402 108.78 109.57 110.7 110.46 110.41 111.98 113.055 113.3 113.575 113.645 113.165 111.822 111.232 111.207 111.207 112.437 110.94 109.265 108.335 107.982 108.195 108.585 107.615 109.465 110.9 112.147 112.297 117.932 115.995 107.907 107.312 107.04 107.007 106.962 106.987 107.042 107.442 108.002 107.502 108.102 112.892 113.47 113.682 113.862 113.995 114.19 114.342 114.51 114.71 114.855 115.007 115.492 114.97 113.917 113.122 108.172 106.867 106.74 106.97 107.117 107.022 107.295
109.28 109.165 109.055 108.655 108.49 108.682 108.417 108.942 110.685 111.425 111.895 111.892 110.855 110.447 111.415 113.112 113.605 113.537 113.265 112.742 110.19 111.215 111.237 111.237 111.192 109.052 108.715 109.912 108.475 107.63 107.587 107.37 108.072 109.79 111.32 109.935 114.645 113.567 107.612 107.14 107.06 107.012 106.957 106.935 106.907 107.027 107.322 106.977 107.912 112.842 113.717 114.39 114.785 114.917 114.935 115.105 115.067 114.98 114.942 114.772 114.605 114.42 114.047 113.277 108.957 106.902 106.735 110.042 112.657 107.085 108.257
109.357 109.292 109.035 108.592 108.535 108.48 108.682 111.115 111.89 111.93 111.935 111.942 111.577 110.547 110.897 112.412 113.2 111.785 110.672 107.785 108.22 110.875 111.25 111.4 111.61 110.067 108.022 108.515 107.507 107.565 108.122 108.007 107.38 107.9 108.23 108.617 109.475 109.467 107.692 107.185 107.16 107.11 106.977 106.93 106.905 106.887 106.905 106.952 107.102 110.612 113.565 114.387 115.312 115.115 114.775 114.625 114.46 114.28 114.11 113.975 113.772 113.61 113.467 113.187 110.042 106.935 106.747 113.545 115.115 107.482 107.317
109.547 109.36 108.922 108.622 108.555 108.525 108.695 109.617 111.905 111.937 111.94 111.927 111.897 110.935 110.835 111.172 110.21 107.87 107.81 107.91 108.077 109.74 111.6 111.735 111.742 111.697 109.197 107.547 107.525 108.62 115.055 116.98 111.382 107.292 107.267 107.925 107.78 107.325 107.69 107.222 107.265 107.142 107.045 107.002 106.935 106.885 106.88 106.915 107.065 110.177 113.385 114.16 114.345 114.127 113.977 113.812 113.625 113.47 113.285 112.352 111.877 111.27 109.557 108.177 108.002 106.942 108.012 113.745 111.287 106.85 106.922
110.237 109.355 108.852 108.652 108.592 108.567 108.742 108.762 111.56 111.92 111.902 111.85 111.725 111.372 111.195 110.745 108.55 108.237 108.575 110.152 110.697 109.417 111.367 111.725 111.767 111.775 110.362 107.872 107.565 109.295 119.205 121.132 115.362 107.332 107.457 107.347 107.312 107.31 107.247 107.2 107.16 107.35 107.117 106.995 106.937 106.93 106.935 106.892 106.965 107.782 113.225 113.665 113.475 113.297 112.78 113.007 110.365 109.382 109.2 107.187 107.057 107.042 107.047 107.017 107.02 106.945 106.915 108.632 106.592 106.515 106.61
111.257 109.742 108.855 108.72 108.647 108.652 108.765 108.785 110.9 111.787 111.702 111.47 111.415 111.407 111.337 110.957 109.62 110.572 111.03 111.167 111.167 110.36 110.105 111.79 111.757 111.75 109.802 107.695 107.745 108.677 117.12 118.81 114.242 107.425 107.562 107.362 107.315 107.225 107.175 107.167 107.1 107.747 107.72 106.957 106.947 106.93 106.932 106.902 106.93 107.037 111.752 111.065 110.027 107.972 107.142 107.362 108.577 107.785 107.332 107.485 107.217 107.045 106.957 106.942 106.95 106.932 106.807 106.605 106.962 110.937 106.465
110.632 109.827 108.935 108.777 108.71 108.7 109.67 110.515 111.34 111.602 111.53 111.627 111.432 111.417 111.33 111.117 110.422 111.1 111.232 111.192 111.147 111.162 109.015 111.012 109.9 108.247 107.812 108.162 108.022 107.77 108.492 108.375 108.502 107.44 107.45 107.552 107.202 107.107 107.067 107.05 106.965 106.955 107.002 106.915 106.937 106.972 106.972 106.905 106.91 106.89 106.91 106.925 106.962 107.012 107.262 107.725 109 107.842 107.152 107.212 107.005 106.942 106.917 106.95 106.937 106.977 106.815 106.607 108.252 110.91 106.395
109.687 109.6 108.912 108.86 108.775 108.757 110.672 111.552 111.777 112.422 112.197 111.877 111.495 111.365 111.35 111.31 110.937 111.045 111.205 111.137 110.485 109.637 108.502 107.95 109.54 108.452 108.147 108.055 107.897 107.842 107.605 107.635 107.47 107.392 107.517 107.445 107.417 108.087 108.785 106.942 106.942 106.905 106.885 106.902 106.915 107.017 107.112 107.205 107.017 106.86 106.835 106.847 106.88 107.167 107.865 109.44 108.842 112.227 107.18 106.91 107.12 106.812 106.782 106.922 106.867 106.787 106.69 106.615 106.392 106.385 106.355
109.585 109.725 108.985 108.892 108.855 108.817 110.047 111.797 112.145 112.522 112.465 112.035 111.645 111.395 111.4 111.407 111.122 110.142 109.952 109.385 108.29 108.16 108.652 110.757 114.817 114.597 108.56 107.782 107.952 107.675 107.535 107.417 107.302 107.315 107.812 108.85 110.835 111.367 111.305 107.007 106.907 106.865 106.825 106.872 106.907 107.222 107.325 107.487 107.237 106.922 106.867 106.802 106.737 107.04 107.475 109.64 109.06 108.345 108.395 106.867 107.297 106.682 106.592 106.687 106.77 106.675 106.63 106.527 106.462 106.3 106.277
109.425 109.217 109.052 108.985 108.93 108.85 109.3 111.612 112.017 112.36 112.585 112.235 111.807 111.475 111.395 111.455 111.305 110.8 108.667 108.422 108.912 110.555 110.96 111.67 115.025 115.7 109.23 107.697 107.647 107.55 107.305 107.135 108.027 110.145 111.26 112.027 112.75 112.6 111.785 108.895 106.95 106.872 106.822 106.86 106.91 107.292 108.172 107.177 107.715 106.962 106.837 106.722 106.66 106.68 107.402 108.565 110.267 110.402 109.202 106.85 106.815 106.717 106.492 106.425 106.512 106.527 106.542 106.435 106.347 106.272 106.252
109.375 109.237 109.117 109.062 109.052 108.945 109.077 111.02 111.822 112.217 112.567 112.405 111.97 111.592 111.457 111.47 111.475 110.985 110.44 109.2 110.97 111.152 111.14 111.195 114.062 113.525 107.65 107.667 107.54 107.37 108.227 110.085 111.487 111.96 112.4 112.802 113.03 112.71 112.08 110.012 106.952 106.875 106.87 106.847 107.245 107.65 107.345 108.36 110.435 108.637 106.852 106.705 106.625 106.617 109.895 110.515 110.905 110.577 109.84 107.63 107.915 109.02 107.095 106.317 106.292 106.387 106.442 106.382 106.287 106.25 106.212
109.427 109.272 109.195 109.15 109.182 109.142 109.007 109.727 111.665 112.055 112.432 112.5 112.107 111.72 111.48 111.472 111.435 111.137 110.822 110.28 111.185 111.175 111.21 111.262 111.47 109.462 107.427 107.832 108.627 110.657 111.657 112.115 112.52 112.91 112.907 112.617 112.74 111.927 110.465 108.225 106.972 106.827 106.86 106.875 107.065 107.58 108.29 110.62 110.642 109.66 106.857 106.645 106.575 106.595 109.2 110.33 110.82 110.75 110.237 108.292 107.475 109.137 107.11 106.217 106.13 106.192 106.275 106.34 106.327 106.23 106.127
109.44 109.357 109.262 109.44 109.34 109.362 110.025 109.535 111.13 111.907 112.277 112.545 112.287 111.877 111.512 111.145 111.06 110.99 110.897 111.135 111.21 111.19 111.172 111.13 111.117 109.745 107.462 110.102 111.772 112.287 112.732 112.927 112.83 112.457 111.987 111.195 110.192 108.325 107.392 106.945 106.897 106.88 106.952 107.025 106.942 107.045 107.76 110.447 110.432 109.575 107.05 106.545 106.507 106.495 107.84 110.105 110.627 110.9 110.437 109.79 106.572 107.622 106.242 106.17 106.067 105.997 106.097 106.352 107.577 107.34 107.385
109.477 109.375 109.33 109.375 109.465 109.712 110.222 109.76 110.287 111.732 112.135 112.51 112.457 112.042 111.652 111.215 111.092 110.962 110.857 111.017 110.932 111.045 111.117 110.782 110.617 109.43 107.657 108.4 111.712 112.617 112.717 112.27 111.835 111.37 110.855 107.29 107.02 106.93 106.915 106.895 106.9 106.902 107.207 107.402 107.67 109.152 110.095 110.3 110.31 110.285 107.54 106.66 106.455 106.425 106.607 109.197 110.415 110.88 110.625 110.105 107.102 106.917 106.5 108.48 106.28 105.832 105.93 106.752 109.777 107.972 109.185
109.467 109.422 109.4 109.495 109.58 109.727 109.897 109.912 109.695 111.437 111.982 112.377 112.547 112.207 111.802 111.412 111.02 111.01 109.752 110.767 110.09 110.342 111.085 110.962 109.312 109.09 107.65 107.5 110.392 112.017 111.645 111.197 110.69 110.352 110.317 108.377 107.067 106.942 106.927 106.89 106.872 106.942 108.227 109.15 110.29 110.287 110.29 110.29 110.355 110.365 109.21 106.977 106.355 106.335 106.445 107.715 110.287 110.762 110.772 110.287 108.577 106.855 106.737 106.897 106.47 105.777 106.53 106.815 106.725 107.395 106.822
109.455 109.412 109.5 109.607 109.725 109.825 109.817 110.05 109.415 110.37 111.842 112.232 112.547 112.377 111.967 111.515 110.495 111.235 110.29 110.327 109.935 109.292 109.855 108.852 108.407 108.182 107.437 107.262 109.707 110.797 110.482 110.355 110.28 110.277 110.295 109.882 107.425 107.017 106.962 107.585 108.47 109.455 110.285 110.29 110.277 110.282 110.375 110.352 110.302 110.28 109.552 107.055 106.617 106.285 107.162 107.532 110.032 110.6 110.877 110.34 109.767 106.69 106.887 108.312 106.227 105.782 106.045 106.757 106.132 109.257 106.23
109.402 109.442 109.582 109.745 109.902 109.927 109.882 109.887 109.28 109.22 111.55 112.032 112.42 112.502 112.142 111.732 110.38 111.305 111.242 109.535 110.38 108.642 108.19 107.967 107.767 107.507 107.39 107.285 107.12 109.362 110.225 110.277 110.32 110.405 110.362 110.327 108.39 107.83 109.512 110.22 110.297 110.292 110.315 110.305 110.382 110.312 110.287 110.28 110.262 110.28 110.27 107.68 106.912 106.235 106.6 106.712 109.34 109.875 109.565 107.947 106.667 107.272 107.192 109.15 106.422 105.872 105.755 106.37 106.082 106.285 107.63
109.38 109.54 109.717 109.94 110.092 110.11 109.955 109.737 109.13 109.412 111.64 111.902 112.257 112.555 112.3 111.885 111.07 110.552 111.307 109.985 110.392 108.932 107.87 107.76 107.612 107.435 107.322 107.277 107.152 107.66 108.682 108.437 110.287 110.317 110.34 110.342 109.832 110.317 110.302 110.325 110.332 110.305 110.37 110.295 110.295 110.272 110.297 110.33 110.245 109.67 108.49 107.382 107.01 106.2 106.19 106.237 107.09 107.012 106.695 107.492 107.722 106.915 107.605 107.46 106.125 105.902 105.755 106.962 106.107 107.687 112.735
109.357 109.542 109.822 110.105 110.227 110.215 110.017 109.775 109.245 110.932 111.735 111.805 112.092 112.532 112.44 112.06 111.677 110.16 111.29 111.175 109.51 109.722 107.642 107.577 107.47 107.342 107.252 107.225 107.11 107.07 107.047 107.357 110.282 110.34 110.375 110.325 110.347 110.312 110.37 110.34 110.342 110.302 110.305 110.377 110.31 110.287 110.327 109.117 107.685 107.395 107.025 106.942 106.982 106.285 106.075 106.047 106.077 106.26 109.31 109.375 108.447 106.537 107.905 109.622 107.032 105.945 105.765 105.875 105.81 105.977 108.942
109.32 109.5 109.822 110.097 110.252 110.29 110.142 109.827 109.38 109.712 111.647 111.577 111.957 112.347 112.552 112.227 111.832 110.48 110.752 111.295 109.77 109.97 108.312 107.415 107.285 107.217 107.187 107.11 107.095 107.205 107.96 109.525 110.32 110.327 110.307 110.31 110.322 110.347 110.345 110.307 110.305 110.327 110.36 110.312 110.257 109.267 107.637 107.03 107.047 107.045 107.03 106.982 108.292 106.317 106.062 106.007 106.302 109.087 110.027 109.925 109.297 107.747 110.147 111.377 107.187 105.92 105.852 105.59 105.822 105.56 105.977
109.252 109.387 109.717 109.99 110.192 110.287 110.187 109.925 109.542 109.272 109.34 110.507 111.807 112.17 112.53 112.38 111.982 111.62 110.015 110.945 109.27 109.525 108.782 107.265 107.207 107.11 107.057 107.387 108.757 109.737 110.282 110.235 110.27 110.297 110.325 110.332 110.332 110.34 110.292 110.29 110.252 110.052 109.592 108.222 107.635 107.03 107.067 107.117 107.04 107.052 107.005 106.727 106.702 106.007 105.962 105.96 106.36 108.072 109.582 110.067 109.822 109.252 107.682 109.677 106.545 105.987 105.9 105.63 105.462 105.442 106.187
