data/LIDAR-DSM-2M-NZ24se/nz2641_DSM_2M.asc
ncols 500
nrows 500
xllcorner    426000
yllcorner    541000
cellsize     2
NODATA_value -9999
[rows 256 to 287 of 500, columns 288 to 359 of 500]
98.107 98.145 98.257 98.365 98.53 99.475 98.5 98.352 98.227 98.065 97.95 97.792 97.635 97.487 97.342 97.152 96.897 96.752 96.62 96.455 96.312 96.137 95.98 95.777 95.51 95.305 95.38 95.545 95.485 95.462 95.42 95.437 95.5 95.535 95.607 95.682 95.74 95.807 95.867 95.93 96.032 96.112 96.182 96.28 96.38 96.465 96.555 96.627 96.687 96.797 96.89 96.965 97.055 97.157 97.242 97.355 97.457 97.485 97.54 97.622 97.647 97.707 97.577 97.622 97.56 97.522 97.512 97.482 97.347 97.33 97.235 97.162
98.312 98.147 98.265 98.385 98.512 99.087 98.552 98.397 98.275 98.157 98.065 97.942 97.74 97.545 97.387 97.227 97.057 96.905 96.76 96.585 96.405 96.267 96.15 95.95 95.66 95.482 95.325 95.605 95.62 95.46 95.427 95.415 95.445 95.455 95.532 95.625 95.682 95.742 95.812 95.892 95.96 96.05 96.16 96.262 96.34 96.43 96.522 96.577 96.635 96.755 96.847 96.87 96.972 97.075 97.165 97.247 97.325 97.367 97.402 97.437 97.422 97.457 97.45 97.437 97.342 97.312 97.287 97.262 97.122 97.087 97.027 96.927
99.067 98.122 98.257 98.375 98.58 98.965 98.6 98.467 98.36 98.242 98.115 97.967 97.82 97.67 97.52 97.382 97.142 96.99 96.857 96.7 96.58 96.44 96.23 96.077 95.78 95.515 95.38 95.417 95.667 95.517 95.427 95.382 95.402 95.42 95.462 95.522 95.602 95.692 95.75 95.862 95.945 96.025 96.137 96.205 96.305 96.407 96.475 96.552 96.6 96.695 96.865 96.8 96.88 96.975 97.06 97.195 97.26 97.232 97.28 97.267 97.257 97.225 97.177 97.17 97.182 97.137 97.045 97.042 96.917 96.837 96.777 96.705
98.827 98.112 98.24 98.355 98.482 99.06 98.725 98.505 98.365 98.287 98.185 98.052 97.885 97.717 97.577 97.417 97.272 97.132 97.04 96.867 96.69 96.517 96.327 96.147 95.937 95.567 95.385 95.202 95.387 95.602 95.44 95.362 95.335 95.365 95.4 95.447 95.54 95.642 95.73 95.83 95.905 96.01 96.112 96.192 96.262 96.35 96.435 96.477 96.575 96.635 96.697 96.73 96.805 96.885 96.955 97.297 97.11 97.102 97.127 97.12 97.097 97.042 97.247 96.965 96.937 96.88 96.852 96.837 96.692 96.617 96.625 96.505
99.902 98.1 98.26 98.355 98.572 99.332 98.985 98.562 98.445 98.315 98.192 98.05 97.955 97.792 97.68 97.572 97.415 97.23 97.102 96.957 96.802 96.655 96.432 96.205 95.967 95.742 95.505 95.202 95.262 95.47 95.422 95.372 95.325 95.322 95.372 95.4 95.502 95.612 95.71 95.79 95.897 95.985 96.08 96.165 96.247 96.325 96.392 96.49 96.55 96.58 96.645 96.7 96.807 96.835 96.855 96.927 96.955 96.955 96.955 96.945 96.927 96.86 96.805 96.745 96.705 96.655 96.617 96.625 96.532 96.412 96.425 96.307
99.042 98.117 98.245 98.345 98.502 99.427 98.91 98.575 98.46 98.345 98.235 98.13 98.032 97.895 97.755 97.612 97.505 97.35 97.25 97.082 96.905 96.727 96.517 96.25 96.052 95.847 95.677 95.4 95.115 95.247 95.562 95.512 95.342 95.305 95.337 95.385 95.472 95.56 95.657 95.775 95.892 95.99 96.06 96.13 96.217 96.32 96.342 96.405 96.487 96.54 96.572 96.632 96.86 96.792 96.677 96.742 96.735 96.77 96.752 96.745 96.717 96.647 96.592 96.612 96.5 96.447 96.405 96.415 96.37 96.235 96.137 96.082
98.832 98.065 98.262 98.322 98.442 98.975 99.12 98.657 98.527 98.422 98.287 98.192 98.1 97.965 97.845 97.742 97.615 97.425 97.282 97.115 96.947 96.75 96.592 96.34 96.14 95.985 95.877 95.582 95.192 95.06 95.24 95.842 95.375 95.305 95.322 95.367 95.4 95.505 95.595 95.735 95.837 95.942 96.037 96.105 96.187 96.32 96.29 96.35 96.472 96.592 96.492 96.505 96.557 96.532 96.512 96.577 96.615 96.755 96.67 96.565 96.495 96.427 96.352 96.287 96.267 96.232 96.187 96.207 96.195 96.082 95.965 95.92
99.342 99.002 98.33 98.342 98.427 99.06 99.557 98.7 98.56 98.44 98.36 98.302 98.205 98.075 97.93 97.777 97.64 97.475 97.372 97.23 97.045 96.852 96.67 96.44 96.227 96.085 95.977 95.847 95.432 94.965 95.007 95.297 95.487 95.34 95.317 95.34 95.38 95.455 95.58 95.675 95.807 95.93 96.027 96.082 96.122 96.202 96.257 96.285 96.34 96.442 96.357 96.387 96.412 96.385 96.385 96.465 96.382 96.43 96.417 96.375 96.325 96.222 96.23 96.077 96.06 96.04 95.995 95.97 95.957 95.955 95.87 95.84
98.815 99.325 98.285 98.735 98.935 98.957 99.515 98.765 98.64 98.515 98.41 98.317 98.192 98.075 97.957 97.852 97.712 97.552 97.44 97.32 97.13 96.95 96.757 96.532 96.282 96.145 96.042 95.92 95.7 95.147 94.86 94.96 95.34 95.5 95.317 95.31 95.357 95.415 95.505 95.63 95.772 95.9 96.127 96.06 96.085 96.195 96.227 96.187 96.292 96.327 96.25 96.325 96.292 96.25 96.225 96.175 96.175 96.137 96.137 96.092 96.08 96 95.942 95.885 95.877 95.872 95.835 95.85 95.775 95.845 95.762 95.742
101.672 98.312 98.21 98.272 98.432 99.86 100.632 98.805 98.685 98.517 98.415 98.367 98.287 98.185 98.04 97.925 97.79 97.65 97.55 97.427 97.242 97.02 96.79 96.552 96.312 96.165 96.037 95.905 95.767 95.477 94.997 94.895 94.955 95.242 95.437 95.33 95.35 95.397 95.487 95.595 95.717 95.815 95.965 96 96.022 96.045 96.105 96.075 96.092 96.12 96.062 96.095 96.13 96.035 96.02 96.055 95.972 95.915 95.865 95.865 95.817 95.75 95.677 95.682 95.7 95.675 95.7 95.715 95.595 95.555 96.06 95.575
101.485 98.125 98.17 98.245 98.322 98.917 99.53 98.857 98.74 98.607 98.512 98.435 98.377 98.28 98.16 98.05 97.907 97.735 97.605 97.46 97.255 97.042 96.817 96.582 96.347 96.17 96.092 95.96 95.81 95.61 95.297 95.005 95.06 94.907 95.34 95.512 95.355 95.372 95.44 95.535 95.65 95.752 95.972 95.912 95.925 95.94 96.005 95.945 95.93 95.935 95.95 95.92 95.872 95.845 95.78 95.752 95.697 95.625 95.6 95.557 95.68 95.492 95.515 95.542 95.582 95.552 95.64 95.61 95.432 95.312 95.315 95.352
102.46 98.74 98.155 98.245 98.307 99.2 99.75 98.917 98.815 98.68 98.63 98.542 98.465 98.35 98.222 98.08 97.952 97.775 97.627 97.5 97.322 97.08 96.9 96.682 96.445 96.285 96.165 95.99 95.827 95.632 95.412 95.105 95.012 94.98 94.842 95.475 95.485 95.387 95.412 95.49 95.555 95.64 95.717 95.755 95.887 95.835 95.8 95.787 95.79 95.747 95.73 95.71 95.665 95.605 95.565 95.497 95.42 95.375 95.36 95.342 95.362 95.6 95.43 95.405 95.445 95.59 95.502 95.565 95.252 95.122 95.12 95.107
102.265 98.76 98.185 98.227 98.33 99.24 100.005 99.045 98.87 98.745 98.65 98.575 98.465 98.407 98.285 98.142 97.98 97.817 97.687 97.577 97.42 97.217 96.987 96.757 96.485 96.305 96.162 96.012 95.845 95.662 95.437 95.342 95.137 94.962 94.792 95.085 95.487 95.497 95.417 95.417 95.477 95.5 95.53 95.655 95.69 95.647 95.637 95.622 95.632 95.582 95.575 95.46 95.47 95.37 95.312 95.262 95.227 95.272 95.272 95.232 95.26 95.28 95.295 95.302 95.362 95.38 95.437 95.425 95.122 94.955 94.885 94.94
102.717 98.3 98.162 98.27 98.35 98.855 99.622 98.997 98.922 98.812 98.707 98.642 98.6 98.45 98.357 98.245 98.1 97.93 97.795 97.682 97.49 97.265 96.98 96.75 96.487 96.34 96.2 96.077 95.952 95.83 95.652 95.615 95.395 95.095 94.917 94.765 94.957 95.415 95.49 95.385 95.382 95.415 95.395 95.5 95.515 95.457 95.402 95.38 95.36 95.307 95.265 95.217 95.18 95.157 95.147 95.155 95.162 95.17 95.157 95.187 95.167 95.202 95.237 95.245 95.337 95.365 95.25 95.032 94.857 94.772 94.695 94.645
102.4 98.142 98.205 98.277 98.332 98.77 99.527 99.11 98.977 98.85 99.212 99.717 98.592 98.567 98.47 98.327 98.2 97.99 97.792 97.697 97.49 97.287 97.067 96.837 96.585 96.425 96.295 96.172 96.08 95.98 95.812 95.62 95.437 95.23 94.925 94.787 94.65 94.837 95.402 95.38 95.307 95.325 95.31 95.297 95.342 95.252 95.19 95.14 95.137 95.142 95.09 95.125 95.042 95.062 95.062 95.077 95.05 95.057 95.08 95.095 95.142 95.16 95.072 95.06 95.347 95.54 95.335 94.717 94.617 94.575 94.522 94.452
102.05 98.275 98.187 98.28 98.322 99.405 101.267 99.217 99.035 100.557 102.657 101.515 98.74 99.635 98.492 98.362 98.2 98.045 97.895 97.687 97.562 97.362 97.16 96.94 96.735 96.497 96.365 96.277 96.177 96.07 95.937 95.74 95.522 95.325 95.112 94.837 94.69 94.632 95.025 95.395 95.277 95.177 95.187 95.195 95.192 95.15 95.082 95.08 95.03 95.082 95.005 95.112 95.01 95.017 95.037 94.985 94.97 94.992 94.977 94.88 94.877 94.74 94.742 94.752 96.6 96.472 95.597 94.707 94.547 94.39 94.352 94.297
98.24 98.782 98.667 98.455 98.565 99.082 101.852 99.48 99.1 99.662 99.262 98.995 98.775 98.63 98.57 98.41 98.257 98.112 97.93 97.765 97.602 97.462 97.24 97.015 96.817 96.597 96.422 96.307 96.217 96.097 95.965 95.842 95.665 95.507 95.27 94.952 94.79 94.625 94.545 95.067 95.252 95.135 95.105 95.087 95.07 95.065 95.04 95.027 95.025 94.995 94.965 94.97 94.98 94.935 94.912 94.86 94.72 94.677 94.652 94.587 94.48 94.55 94.55 94.602 95.095 94.74 94.682 94.557 94.405 94.23 94.197 94.137
98.412 98.392 98.53 98.525 98.735 99.46 102.09 99.715 99.13 99.032 98.927 98.897 98.805 98.722 98.612 98.482 98.382 98.225 98.052 97.902 97.717 97.502 97.255 97.027 96.862 96.632 96.445 96.355 96.3 96.215 96.125 95.982 95.792 95.562 95.37 95.15 94.877 94.687 94.58 94.462 95.025 95.11 95.135 95.117 95.05 95.047 95.067 95.02 95.055 95.052 95.03 95.027 94.947 94.82 94.635 94.522 94.497 94.485 94.432 94.342 94.342 94.32 94.36 94.712 94.427 94.29 94.812 95.18 94.112 94.032 94.037 94.035
98.297 98.322 98.352 98.41 98.432 99.61 103.575 101.087 99.18 99.085 98.98 98.945 98.922 98.862 98.747 98.61 98.455 98.262 98.06 97.872 97.695 97.49 97.295 97.095 96.94 96.745 96.61 96.475 96.362 96.24 96.115 95.962 95.802 95.627 95.492 95.29 95.042 94.735 94.48 94.28 94.437 94.737 95 95.065 94.987 95.015 94.98 94.997 94.91 94.892 94.672 94.665 94.642 94.577 94.502 94.457 94.322 94.222 94.257 94.197 94.225 94.205 94.147 94.155 94.527 96.43 96.855 96.965 93.955 93.927 93.897 93.887
98.39 98.395 98.395 98.415 98.452 99.04 101.312 99.917 99.232 99.145 99.062 99 98.957 98.895 98.825 98.657 98.47 98.275 98.102 97.915 97.797 97.6 97.39 97.212 97.037 96.87 96.657 96.505 96.375 96.262 96.14 95.997 95.88 95.717 95.545 95.355 95.127 94.935 94.635 94.335 94.337 94.307 94.642 95.01 94.607 94.567 94.507 94.517 94.437 94.422 94.422 94.447 94.472 94.47 94.402 94.377 94.187 94.082 94.137 94.067 94.047 94.085 94.11 94.055 95.655 96.927 96.502 95.35 93.855 93.937 93.81 93.742
98.427 98.417 98.485 99.627 99.807 100.1 101.84 100.13 99.325 99.192 99.102 100.092 99.02 98.947 98.892 98.777 98.57 98.355 98.192 97.992 97.842 97.652 97.432 97.25 97.07 96.902 96.69 96.58 96.452 96.327 96.15 95.977 95.807 95.61 95.472 95.367 95.26 95.06 94.82 94.502 94.212 94.137 94.187 94.125 94.185 94.822 94.215 94.24 94.245 94.262 94.49 94.272 94.237 94.175 94.19 94.117 94.02 93.99 93.947 93.987 94.02 93.987 94.105 93.94 94.857 94.547 93.745 93.977 93.552 94.297 93.947 93.582
99.597 98.432 99.15 101.42 102.062 101.812 100.515 100.23 99.375 99.21 99.14 102.26 101.505 98.92 98.88 98.875 98.667 98.842 98.255 98.01 97.822 97.66 97.515 97.915 97.145 96.937 96.737 96.572 96.4 96.222 96.092 95.92 95.82 95.712 95.615 95.472 95.365 95.122 94.9 94.705 94.36 94.1 94.012 93.872 93.94 94.06 94.06 94.052 94.04 94.237 94.017 94.04 94.032 93.952 94.007 93.885 93.75 93.787 93.805 93.965 93.927 93.84 93.76 93.832 93.427 93.485 93.615 94.537 93.24 93.32 94.422 93.437
104.627 104.057 103.365 101.51 102.61 101.992 100.162 100.645 99.367 99.23 99.14 100.61 99.17 98.927 98.932 98.885 98.717 98.535 98.335 98.162 97.947 97.747 98.645 97.962 97.272 97.14 96.81 96.622 96.43 96.315 96.23 96.087 95.947 95.785 95.627 95.45 95.325 95.187 95.005 94.805 94.537 94.19 93.965 93.88 93.74 93.825 93.852 93.902 93.86 93.857 93.795 93.812 93.78 93.78 93.83 93.782 93.727 93.82 93.697 93.595 93.457 93.375 93.232 93.197 93.202 93.22 96.827 97.252 94.775 93.2 94.19 93.47
106.827 106.207 105.645 101.71 101.152 100.645 100.11 100.91 99.377 99.272 99.122 99.072 99.105 100.492 98.982 98.847 98.65 98.52 98.342 98.177 97.932 97.685 97.54 98.15 97.147 97.975 96.815 96.767 96.552 96.36 96.225 96.065 95.905 95.777 95.627 95.517 95.407 95.302 95.11 94.852 94.602 94.365 94.092 93.857 93.642 93.665 93.702 93.685 93.62 93.66 93.692 93.655 93.535 93.667 93.705 93.812 94.237 93.28 93.23 93.057 93.112 93.115 93.132 93.13 93.782 95.402 102.305 100.69 96.405 93.58 94.522 93.185
107.475 107.502 106.937 99.542 98.437 98.677 98.865 99.862 99.402 99.325 99.187 99.132 99.167 99.052 98.967 98.875 98.695 98.52 98.352 98.21 98.022 97.81 97.657 97.432 97.22 97.03 96.81 96.682 96.535 96.375 96.232 96.105 95.997 95.882 95.777 95.535 95.375 95.24 95.182 95.012 94.755 94.525 94.302 94.025 93.67 93.555 93.605 93.63 93.432 93.402 93.565 93.547 93.427 93.575 93.957 95.82 95.085 93.107 93.107 93.095 93.075 93.077 93.105 93.555 97.627 100.862 102.125 102.595 99.805 93.587 94.092 93.73
106.767 106.472 105.177 99.432 98.417 99.455 98.927 100.68 100.952 100.815 99.685 99.232 99.182 99.072 99.067 99.152 98.89 98.617 98.442 98.27 98.082 97.86 97.667 97.487 97.277 97.062 96.877 96.737 96.65 96.475 96.305 96.227 96.1 96 95.935 95.545 95.402 95.297 95.285 95.072 94.892 94.63 94.63 94.165 93.885 93.59 93.427 93.442 93.367 93.375 93.505 93.232 93.09 93.627 93.977 96.277 96.325 93.835 92.922 93 93.025 93.03 93.145 98.177 101.057 102.26 102.95 103.06 102.47 95.747 93.012 93.467
105.06 105.225 104.015 98.707 98.392 98.715 98.807 100.37 101.845 102.087 101.79 99.922 101.665 101.307 101.367 101.407 101.085 99.357 99.032 99.552 98.972 98.377 97.705 98.085 97.677 97.455 97.04 96.715 96.865 96.787 96.552 96.262 96.392 96.117 96.177 95.767 95.86 96.1 95.25 95.01 94.92 94.695 94.955 94.25 93.995 93.682 93.457 93.412 93.305 93.322 92.95 92.85 92.795 92.75 92.752 93.547 94.32 93.517 92.862 93.175 93.417 94.105 99.585 101.267 102.402 102.585 101.517 99.457 98.805 93.04 93.08 93.287
99.605 101.405 99.7 98.41 98.392 98.362 98.482 99.125 99.197 99.162 99.217 99.12 100.172 100.095 100.127 100.257 100.327 98.922 99.217 99.742 99.78 99.715 97.877 99.762 100.035 100.317 99.835 99.72 100.387 99.387 99.52 99.022 97.532 96.902 97.107 96.592 96.852 95.892 95.162 95.012 94.917 95.757 94.542 94.27 94.047 93.795 93.435 94.467 94.267 92.905 92.782 92.717 92.65 92.602 92.582 92.58 92.597 92.7 93.667 93.88 97.772 100.322 101.53 102.627 102.395 101.26 98.36 95.26 92.95 92.985 92.622 92.632
98.445 98.415 98.595 98.397 98.352 98.345 98.332 98.552 98.517 98.477 98.532 98.525 98.54 98.56 98.502 98.547 98.497 98.555 98.562 98.637 98.357 98.075 97.832 98.562 98.775 98.697 98.432 99.045 98.832 98.815 98.485 98.227 97.917 97.682 97.755 96.377 96.165 95.35 95.185 95.185 94.795 94.667 94.42 94.36 93.992 93.78 93.872 94.03 93.302 92.81 92.627 92.55 92.52 92.455 92.422 92.412 92.51 92.852 92.752 97.087 100.83 101.752 102.752 102.31 101.222 98.332 94.7 92.922 92.745 92.59 92.31 92.297
98.317 98.325 98.275 98.257 98.24 98.235 98.245 98.247 98.22 98.215 98.16 98.125 98.13 98.112 98.13 98.097 98.082 98.045 98.047 98.037 98.077 97.935 97.882 97.992 97.925 97.862 97.952 97.94 97.912 97.815 98.272 98.205 97.807 97.907 96.557 96.325 95.58 96.477 96.285 94.88 94.775 94.702 94.522 94.935 95.775 93.777 93.502 93.395 93.42 92.777 92.522 92.407 92.375 92.33 92.295 92.245 92.335 92.802 92.792 94.992 99.802 101.905 102.007 100.82 99.182 94.592 92.842 92.822 92.235 92.177 92.16 92.135
98.305 98.337 98.275 98.262 98.205 98.212 98.192 98.195 98.137 98.1 98.07 98.067 98.042 98.012 98.01 97.98 97.925 97.87 97.87 97.845 97.812 97.852 97.795 97.77 97.772 97.795 97.79 97.785 97.76 97.762 97.737 97.765 98.362 97.48 97.027 98.54 98.315 98.635 99.642 98.215 96.875 96.705 95.725 97.255 97.367 94.672 93.56 93.4 94.12 93.275 92.41 92.262 92.21 92.195 92.17 92.102 92.102 92.527 92.787 92.815 96.525 99.665 101.12 100.045 98.03 94.1 92.765 92.675 92.627 91.997 92 91.987
98.33 98.327 98.28 98.23 98.217 98.175 98.162 98.147 98.142 98.112 98.112 98.075 98.055 98.007 97.975 97.897 97.907 97.89 97.87 97.847 97.817 97.795 97.762 97.732 97.722 97.72 97.67 97.665 97.632 97.655 97.63 97.712 97.775 97.567 98.052 96.542 96.205 96.445 97.49 99.79 98.77 97.775 97.635 96.197 94.985 93.992 94.252 96.937 98.835 100.267 94.565 92.122 92.06 92.062 92.042 91.977 91.952 92.16 92.392 92.867 92.762 96.845 100.277 99.237 94.12 92.812 92.615 92.29 91.93 91.807 91.85 91.817
