data/LIDAR-DSM-2M-NZ24se/nz2643_DSM_2M.asc
ncols 500
nrows 500
xllcorner    426000
yllcorner    543000
cellsize     2
NODATA_value -9999
[rows 352 to 383 of 500, columns 213 to 283 of 500]
84.402 85.159 86.024 85.069 84.442 84.217 84.249 84.302 84.247 84.244 84.309 84.357 84.377 84.677 85.087 84.414 84.039 84.059 84.064 84.124 85.547 85.427 85.664 85.122 84.129 84.144 84.257 84.394 84.687 84.052 83.587 83.039 84.544 85.202 84.274 83.542 83.599 83.592 84.067 83.747 83.379 83.062 82.587 82.687 82.629 82.604 82.909 82.682 83.007 83.342 85.389 86.857 89.359 90.394 90.019 85.342 82.767 82.774 82.869 82.782 82.734 83.882 83.732 82.917 83.537 82.904 82.944 82.962 83.527 89.447 90.144
84.627 84.594 84.757 85.097 84.264 84.212 84.192 84.169 84.192 84.429 84.439 84.197 84.292 84.377 84.504 85.257 87.722 84.669 83.872 84.109 84.659 85.019 84.374 84.349 84.284 84.547 84.589 84.094 83.634 83.202 83.232 82.987 83.282 83.472 82.869 83.122 86.364 85.052 83.694 83.847 83.807 82.882 82.849 82.902 83.229 83.359 84.517 83.537 83.074 82.884 83.332 84.969 86.519 89.614 88.927 84.812 82.809 82.807 83.839 83.432 82.757 83.202 83.644 84.624 85.177 82.864 82.894 82.912 83.342 85.544 89.064
84.577 84.879 84.287 84.209 84.144 84.144 84.089 84.147 84.217 84.214 84.172 84.062 84.042 85.347 87.049 89.674 90.914 88.957 88.007 85.512 83.734 83.552 83.419 83.902 84.757 83.304 83.157 83.477 83.647 84.089 83.514 82.984 82.779 82.969 82.834 84.882 88.677 87.464 83.807 83.032 82.817 82.762 82.712 82.644 82.704 83.017 83.352 82.927 82.914 83.019 83.289 83.397 83.084 83.229 83.949 83.162 82.987 83.157 84.022 84.074 82.762 82.794 82.784 83.032 83.619 82.922 82.902 82.904 82.927 83.017 83.757
84.189 84.164 84.002 83.999 84.009 84.259 84.502 84.142 84.154 84.059 84.002 84.854 85.617 89.524 90.642 91.399 92.084 91.669 89.942 88.952 84.282 83.422 83.329 83.669 83.672 83.147 83.097 83.004 83.749 84.094 84.737 83.372 82.739 82.712 82.867 83.174 85.149 84.404 83.517 82.892 82.644 82.757 83.209 82.854 82.659 82.939 82.822 82.854 82.902 82.914 83.157 83.419 84.947 83.987 83.554 83.664 83.192 84.089 83.727 84.074 83.322 82.797 82.797 83.719 83.269 83.179 82.864 82.907 82.934 82.954 83.089
83.944 83.959 83.922 83.974 85.182 86.252 84.627 84.042 84.027 84.372 86.664 88.634 90.179 91.122 92.022 92.454 91.897 91.217 90.459 90.007 87.219 83.407 83.264 83.187 83.112 83.009 82.964 82.907 82.959 84.269 85.369 84.567 83.169 82.719 82.749 82.882 82.764 82.659 82.789 83.787 82.632 82.649 82.834 82.722 82.747 83.732 83.992 83.114 82.934 82.957 82.972 83.137 88.332 88.099 86.167 83.557 83.017 82.952 83.089 83.499 83.957 82.987 82.787 83.107 83.057 83.499 83.362 83.072 82.919 82.957 82.999
83.834 83.844 83.902 84.357 86.452 85.409 83.922 84.064 84.077 85.867 89.592 90.857 91.602 92.262 92.272 91.609 90.659 90.069 89.814 89.464 86.687 83.822 84.099 83.349 83.169 82.997 82.974 82.954 82.902 83.569 85.199 85.339 84.327 82.874 82.739 82.857 82.757 82.664 82.642 82.732 82.612 82.652 82.777 82.732 82.782 82.964 83.359 84.322 83.292 83.589 83.892 84.014 88.487 90.279 91.207 87.457 84.329 82.904 82.869 82.924 82.929 82.857 82.792 82.874 83.649 83.314 84.127 83.077 82.947 83.017 82.999
83.754 84.179 84.057 84.684 84.724 84.467 83.832 84.507 85.562 84.852 88.144 92.052 92.237 91.732 90.994 90.037 86.904 84.604 87.637 86.382 83.787 83.574 83.737 84.754 83.827 83.214 83.004 82.944 82.917 82.962 84.302 84.779 83.937 83.754 83.002 82.802 82.677 82.627 82.692 82.657 82.609 82.612 82.749 82.749 82.939 83.062 83.099 83.107 83.047 84.269 84.469 86.784 89.874 91.102 90.849 89.002 84.814 82.909 82.909 82.884 83.869 83.174 83.129 82.789 83.154 83.692 83.982 83.334 83.004 84.762 83.547
83.749 83.729 83.689 83.587 84.014 84.544 86.774 89.999 89.629 85.514 87.287 88.597 90.029 90.474 89.154 85.332 83.692 83.639 83.422 83.407 83.439 83.472 83.427 83.522 83.567 83.337 83.084 83.039 83.004 83.484 83.427 83.394 83.514 83.702 83.039 82.907 82.699 82.654 82.657 83.057 82.627 82.649 82.659 82.697 82.789 83.144 83.129 83.357 85.432 88.709 87.664 89.299 90.999 91.674 90.192 87.844 82.899 82.882 82.909 82.877 82.857 82.874 83.757 82.842 82.952 83.012 83.197 83.534 83.394 83.804 83.279
83.664 83.634 83.874 83.624 85.762 89.454 90.457 91.049 90.387 89.454 90.492 88.819 89.069 88.397 86.742 83.512 83.444 84.404 83.742 83.384 83.664 83.932 83.257 83.319 83.229 83.184 83.164 83.169 83.374 84.759 83.492 84.329 86.547 85.564 83.114 82.839 82.759 82.679 82.932 82.969 82.734 82.757 82.714 82.739 82.857 83.134 83.104 83.297 84.899 88.542 89.279 90.227 91.347 90.632 89.289 84.599 83.017 82.912 82.902 82.882 82.864 82.849 83.209 83.242 82.882 82.919 82.937 83.124 83.759 84.322 83.454
83.527 83.509 83.914 86.822 89.914 90.627 91.537 91.227 90.499 90.869 90.909 89.614 85.797 86.317 85.182 83.377 83.277 83.682 84.404 83.269 83.107 83.122 83.079 83.252 83.179 83.182 83.249 83.429 83.967 84.334 83.892 86.464 85.249 83.152 82.834 82.837 82.797 83.032 82.839 82.797 82.794 82.997 82.897 82.932 83.072 83.119 83.969 85.449 83.814 83.474 87.037 90.337 91.067 89.817 86.547 83.752 83.892 84.227 83.142 82.929 82.974 83.254 83.939 82.949 82.912 82.999 82.982 82.992 83.079 83.144 83.079
83.372 83.502 84.039 87.354 90.262 91.052 90.537 89.609 89.369 90.387 89.904 88.457 85.754 84.067 83.452 83.197 83.132 83.097 83.922 83.329 83.167 83.069 83.109 83.732 84.112 83.499 83.644 84.159 84.992 84.347 83.044 84.254 83.472 82.932 82.839 82.842 82.874 82.852 83.292 83.264 82.899 83.057 83.429 83.434 83.259 83.872 86.154 86.532 87.317 84.699 83.162 85.647 89.317 87.434 84.052 83.124 83.142 84.432 85.104 83.944 83.607 83.109 82.977 82.904 82.919 83.019 83.014 83.029 83.039 83.054 83.062
83.382 83.244 83.312 84.379 88.802 90.019 89.249 85.709 84.287 88.487 87.344 85.707 83.742 84.687 85.269 83.359 83.039 83.032 83.392 83.864 83.002 83.022 83.044 85.214 87.987 85.414 84.802 89.487 84.267 83.299 82.919 82.837 83.199 83.809 82.854 82.844 82.897 82.884 82.947 83.414 83.282 83.284 83.274 83.514 85.164 84.097 86.299 88.747 90.039 89.067 83.989 83.157 83.177 83.517 83.317 83.079 83.324 84.349 83.607 83.392 83.044 82.982 82.967 82.989 82.987 82.992 82.977 82.992 83.017 83.014 83.042
86.667 86.852 84.317 83.662 85.247 88.927 88.182 84.209 83.292 85.032 84.244 83.084 82.984 85.309 85.572 83.919 82.964 82.972 82.969 83.194 83.319 83.049 83.162 84.849 84.684 83.247 84.797 85.172 83.434 83.054 83.172 82.854 82.902 83.054 83.382 82.974 82.942 82.947 83.517 85.354 85.317 83.507 83.482 86.194 87.394 86.212 88.104 90.169 91.149 90.392 88.454 84.139 83.767 83.657 84.449 83.374 83.682 83.172 83.067 83.039 83.029 83.029 83.022 82.982 82.922 82.927 82.934 82.912 82.944 82.982 83.054
89.789 89.829 87.714 85.372 84.939 86.907 86.542 84.022 83.604 83.262 82.974 82.939 83.054 85.634 85.357 83.057 82.904 82.919 82.919 82.969 83.307 83.837 84.117 83.424 83.172 82.954 83.069 85.432 84.122 83.209 83.099 82.872 82.887 82.954 84.532 83.229 82.959 82.987 83.367 84.779 86.464 85.589 84.624 89.299 89.252 88.682 90.204 91.724 91.417 90.374 88.439 83.799 83.879 83.474 83.284 83.244 83.144 83.112 83.054 83.064 83.052 83.007 82.974 83.019 82.979 83.139 83.002 83.022 83.279 83.109 83.527
90.384 90.384 88.327 85.102 85.344 84.144 83.097 83.112 83.769 83.042 83.202 82.889 82.882 83.389 84.344 83.264 82.889 82.877 82.919 83.084 83.472 83.654 84.572 86.792 87.189 83.629 82.862 84.532 85.709 84.057 84.572 83.182 82.992 82.994 83.177 84.414 83.084 83.062 83.134 83.092 85.414 85.889 87.264 89.294 88.929 89.882 91.037 91.594 90.387 88.722 84.914 83.122 83.194 83.212 83.212 83.157 83.132 83.144 83.114 83.047 83.074 83.089 83.277 83.314 83.242 83.057 83.037 83.032 83.262 83.522 83.509
90.154 90.604 89.309 86.917 85.387 84.857 82.839 82.822 82.819 82.797 83.704 82.952 82.887 82.899 82.887 82.942 82.924 82.919 83.122 83.224 83.757 84.397 84.049 91.132 90.819 84.432 82.832 82.847 83.132 83.182 84.752 83.029 83.134 82.997 83.047 83.212 83.332 83.469 83.402 83.142 83.217 84.202 83.452 86.247 87.469 88.419 90.157 90.377 89.047 86.314 83.694 83.109 83.217 83.352 83.177 83.137 83.149 83.119 83.152 83.199 83.312 83.562 83.624 83.397 82.989 82.994 83.207 83.039 82.987 83.619 84.309
89.834 90.347 89.502 86.592 84.972 85.369 83.247 82.737 82.754 82.707 82.907 82.974 82.857 82.927 82.917 82.912 83.014 83.112 83.094 83.012 84.632 85.942 83.674 89.934 89.254 84.044 82.802 82.857 82.872 82.902 83.259 83.492 83.814 83.049 83.057 83.097 83.167 84.207 83.144 83.289 84.609 87.139 87.284 83.282 83.764 83.324 87.487 88.874 84.742 83.384 84.769 83.547 83.367 83.232 83.199 83.192 83.137 83.139 83.344 83.294 83.122 83.102 83.287 84.342 84.204 85.982 86.527 84.839 83.349 83.249 83.817
89.194 88.999 87.907 86.724 84.437 83.917 83.039 82.604 82.559 82.539 82.569 83.609 83.404 82.874 82.954 82.867 82.877 83.349 83.172 83.224 83.747 83.487 82.699 83.302 83.984 83.809 82.917 82.859 82.869 82.919 83.084 83.487 85.957 83.052 83.679 83.112 83.182 83.677 83.769 83.699 85.152 89.974 90.897 87.282 84.114 83.639 84.387 84.537 83.302 83.329 84.392 84.242 83.247 83.224 83.204 83.159 83.189 83.239 84.009 83.534 83.994 84.029 86.507 89.402 89.214 89.934 89.094 88.212 85.512 83.769 83.614
84.577 83.984 82.849 82.869 83.977 83.959 83.832 82.414 82.349 82.367 82.407 83.024 83.244 82.797 83.164 82.837 83.562 84.339 83.229 83.429 83.119 83.289 82.729 82.669 82.764 83.257 83.677 82.882 82.892 82.962 83.004 83.039 83.454 84.174 85.942 83.587 83.217 83.362 84.652 85.819 89.957 90.984 91.964 91.897 86.827 84.029 83.542 84.214 83.497 83.774 83.604 83.289 83.274 83.269 83.209 83.287 83.474 83.202 83.169 83.404 85.764 87.659 88.622 89.797 90.439 90.537 89.944 90.262 87.179 84.034 85.332
83.354 82.829 82.637 82.572 82.812 84.412 82.897 82.337 82.262 82.237 82.269 82.399 82.634 83.497 84.194 83.217 85.267 83.882 82.744 82.622 84.232 84.334 82.897 82.677 82.732 82.824 83.234 83.054 82.934 83.004 83.082 83.372 83.912 85.934 86.477 85.637 83.537 84.974 87.012 90.027 90.997 92.242 92.054 90.992 89.357 83.847 84.489 83.762 83.627 83.412 83.337 83.329 83.317 83.264 83.287 83.512 83.199 83.152 83.119 83.539 85.587 88.914 90.327 90.694 90.539 90.617 90.282 89.769 88.612 84.432 85.567
83.762 82.379 82.184 82.214 82.464 82.562 82.252 82.262 82.219 82.174 82.192 82.284 82.409 83.872 84.327 86.432 87.289 83.269 82.502 82.619 82.817 83.934 83.759 82.829 83.219 82.824 82.907 83.114 83.049 83.084 83.199 83.257 84.539 86.434 86.057 85.344 83.342 86.689 89.599 91.024 92.004 92.117 91.002 89.069 85.762 84.019 83.612 83.554 83.394 83.324 83.357 83.357 83.279 83.332 83.509 83.409 83.189 85.279 84.987 83.084 83.964 87.019 89.924 89.537 88.372 87.654 88.127 86.704 86.584 83.884 85.427
83.697 83.122 82.179 82.159 82.134 82.144 82.164 82.387 82.179 82.124 82.582 82.242 82.362 82.649 83.459 86.654 84.247 82.614 82.489 82.572 82.634 83.107 83.289 84.324 84.117 82.884 82.942 82.959 83.462 84.159 83.417 83.502 83.317 84.934 85.407 84.074 83.657 84.964 90.372 91.999 91.974 90.952 88.547 84.917 83.354 83.377 83.637 83.609 83.362 83.387 83.397 83.359 83.374 83.387 83.482 84.247 85.547 89.677 88.564 84.489 83.042 84.909 86.794 86.637 86.267 84.949 85.194 85.762 84.744 83.217 84.592
82.547 83.374 82.367 82.147 82.154 82.132 82.079 82.414 82.242 82.204 82.327 82.367 82.527 82.979 82.954 83.507 82.827 84.314 82.754 82.574 82.632 82.697 82.834 83.904 83.299 83.267 83.084 82.992 83.094 84.327 83.702 83.297 83.304 84.394 88.002 84.169 83.477 84.274 87.432 90.729 90.927 88.754 84.802 83.452 83.417 83.522 83.672 83.424 83.407 83.399 83.377 83.527 83.534 84.379 84.114 86.322 89.467 90.754 90.354 89.064 83.132 83.112 85.882 84.797 84.897 84.564 84.157 83.399 83.187 83.109 83.854
82.374 82.822 83.237 82.172 82.134 82.079 82.072 82.129 82.419 82.747 83.179 82.529 82.439 82.367 83.149 82.357 82.457 83.277 82.754 82.689 82.674 82.739 82.807 82.884 83.512 83.477 84.834 84.284 83.167 83.419 85.659 83.814 83.717 88.017 89.472 88.929 85.549 83.904 83.834 85.759 88.794 85.597 83.577 83.357 83.682 83.584 83.467 83.447 83.454 83.417 83.502 83.534 84.654 83.699 86.147 89.702 91.097 91.732 90.952 89.882 87.842 83.299 83.734 83.189 83.139 83.164 83.459 83.507 83.092 83.089 83.089
82.394 82.339 83.054 82.944 82.197 82.052 82.017 82.099 82.149 83.714 83.137 82.837 82.479 82.304 82.307 82.357 82.454 82.499 82.764 83.609 82.857 82.769 82.799 82.839 83.152 84.859 85.387 85.502 84.337 83.282 83.679 84.149 88.054 89.502 89.289 90.459 89.752 86.214 84.182 83.522 83.772 83.482 83.522 83.979 83.944 83.524 83.479 83.469 83.417 83.614 83.827 83.594 83.922 84.457 89.604 90.734 91.704 91.474 90.014 88.229 86.534 84.904 83.734 83.647 83.107 83.049 83.134 83.222 83.167 83.079 83.072
83.762 82.372 82.349 82.327 82.227 82.204 82.069 82.137 82.222 82.414 83.184 85.017 83.409 82.479 82.319 82.362 82.487 82.627 82.604 83.237 84.559 82.799 82.824 82.852 83.887 85.897 85.744 85.482 85.149 83.957 83.892 83.547 85.652 89.322 89.912 91.222 90.007 87.707 84.547 83.559 83.564 83.577 83.732 83.729 83.524 83.517 83.544 83.487 83.549 83.729 83.497 83.889 83.457 85.712 87.974 90.319 90.947 90.004 88.334 86.389 84.477 83.254 83.242 83.762 83.249 83.054 83.064 83.149 83.262 83.239 83.122
83.609 83.727 82.367 82.344 82.279 82.514 83.239 82.389 82.497 82.382 82.832 84.304 84.577 82.812 82.547 82.454 82.502 82.577 82.639 82.739 83.087 83.452 83.092 82.974 83.349 84.087 85.862 85.597 83.282 83.417 84.164 83.607 86.302 90.824 91.329 90.649 89.272 86.559 84.182 83.602 83.612 83.607 83.627 83.539 83.569 83.549 83.524 83.534 84.267 83.577 83.464 84.064 83.697 83.522 84.339 88.737 89.879 88.759 86.484 85.764 83.447 83.234 83.197 83.197 84.659 83.299 83.099 83.099 83.412 83.674 83.444
84.244 85.137 83.337 82.502 82.749 82.454 82.759 82.879 82.582 82.369 82.334 82.299 83.172 82.424 83.044 82.682 82.684 82.622 82.659 82.732 82.772 84.079 84.022 83.469 83.252 83.394 84.192 84.604 83.207 83.292 85.514 88.282 90.659 91.332 90.552 90.239 89.497 83.719 83.649 83.854 83.654 83.612 83.547 83.552 83.569 83.554 83.589 84.452 84.759 84.369 86.649 88.669 88.602 90.319 83.697 83.437 87.807 86.417 86.049 83.759 83.422 83.182 83.164 83.119 83.417 84.307 83.299 83.092 83.129 83.104 83.459
83.142 84.042 83.974 83.617 83.392 83.414 83.899 82.874 83.659 82.869 82.199 82.164 82.169 82.129 82.539 83.139 82.897 82.692 84.447 83.169 82.804 83.039 83.339 83.304 83.449 84.464 84.282 86.027 84.767 83.279 84.204 90.654 91.277 90.317 90.814 88.384 85.189 83.662 83.654 83.972 84.062 83.579 83.604 83.592 83.574 83.747 84.392 84.234 83.982 87.244 90.147 90.574 90.579 91.214 88.729 83.802 83.609 84.177 83.814 83.382 83.472 83.572 83.227 83.194 83.179 83.227 84.424 83.277 83.199 83.097 83.107
83.942 82.919 82.744 83.094 83.819 83.744 84.769 84.919 84.344 83.252 83.177 82.259 82.199 82.219 82.277 82.532 82.844 84.552 85.899 85.284 83.129 82.937 83.274 83.307 84.189 85.109 86.409 89.824 89.427 86.119 83.384 86.632 89.404 88.257 89.219 85.032 83.822 83.802 83.914 84.177 84.639 83.627 83.637 83.619 84.199 85.227 84.042 84.834 85.982 90.489 90.529 91.062 91.169 89.899 87.507 84.704 83.394 83.777 83.952 83.442 83.339 83.294 83.607 83.232 83.199 83.179 83.367 83.704 83.147 83.119 83.114
83.242 82.854 82.757 83.319 84.552 83.124 83.014 85.002 84.142 82.564 82.997 83.182 82.512 82.289 82.337 82.459 82.552 83.702 85.019 85.934 85.427 83.517 83.442 83.287 83.187 85.259 89.699 90.427 90.504 90.794 86.237 83.574 84.712 83.482 83.574 83.697 83.657 83.904 83.854 83.909 83.887 83.662 83.667 83.874 86.527 84.822 83.872 83.864 86.619 90.244 90.962 91.354 89.999 85.637 85.619 84.424 84.439 84.069 83.944 84.482 83.949 83.234 83.277 83.927 83.547 83.184 83.184 83.257 83.617 83.464 83.157
83.162 83.002 82.824 82.734 83.157 82.857 82.919 85.094 82.542 82.489 82.609 83.514 83.099 82.962 82.459 82.502 82.587 82.659 82.959 84.984 85.317 83.662 83.334 83.259 83.209 83.534 85.989 90.077 91.094 92.064 91.407 87.444 83.602 83.557 83.697 83.797 83.939 83.922 83.737 83.722 83.744 83.722 83.777 84.047 85.599 83.817 83.709 84.897 89.142 90.599 91.277 90.212 87.614 83.914 83.519 83.397 83.464 84.432 85.252 86.042 86.284 84.037 83.174 83.252 83.557 83.222 83.422 83.247 83.837 83.787 83.174
