data/LIDAR-DSM-2M-NZ24se/nz2640_DSM_2M.asc
ncols 500
nrows 500
xllcorner    426000
yllcorner    540000
cellsize     2
NODATA_value -9999
[rows 256 to 287 of 500, columns 360 to 431 of 500]
91.667 91.68 91.7 91.742 91.752 91.762 91.807 91.83 91.807 91.83 91.782 91.747 91.705 91.382 90.915 90.522 90.242 90.005 90.027 91.465 93.99 94.835 93.177 92.27 90.802 90.95 91.077 91.12 91.23 91.375 91.402 91.53 91.622 91.782 92.257 92.797 93.415 93.367 93.492 93.652 93.822 93.924 94.047 94.147 94.269 94.404 94.477 94.559 94.569 94.569 94.649 94.682 94.694 94.712 94.734 94.779 94.792 94.802 99.214 98.037 95.142 95.172 94.877 94.787 94.689 94.687 94.657 94.587 94.534 94.477 94.412 94.309
91.577 91.597 91.62 91.662 91.697 91.7 91.705 91.695 91.717 91.742 91.715 91.68 91.537 91.172 90.595 90.282 89.932 89.74 90.022 92.952 93.345 94.355 93.615 90.547 90.777 90.902 90.915 91.052 91.14 91.215 91.295 91.427 91.56 91.995 92.602 93.062 93.482 93.402 93.552 93.72 93.847 93.984 94.099 94.184 94.284 94.352 94.514 94.554 94.604 94.627 94.634 94.679 94.694 94.722 94.739 94.814 94.802 96.552 99.332 98.977 96.012 94.904 94.842 94.747 94.719 94.664 94.632 94.602 94.584 94.534 94.414 94.344
91.48 91.525 91.542 91.59 91.575 91.647 91.645 91.642 91.635 91.637 91.642 91.557 91.357 90.877 90.272 89.765 89.582 90.007 90.565 90.772 91.582 92.37 92.165 90.56 90.74 90.775 90.887 90.972 91.042 91.105 91.215 91.355 91.637 92.252 92.792 93.187 93.62 93.44 93.597 93.695 93.877 93.977 94.064 94.209 94.309 94.442 94.499 94.552 94.612 94.637 94.664 94.697 94.704 94.719 94.807 94.812 96.594 99.212 99.144 97.009 95.139 94.807 94.779 94.754 94.722 94.674 94.637 94.642 94.599 94.524 94.402 94.379
91.332 91.407 91.45 91.52 91.525 91.562 91.542 91.575 91.59 91.61 91.56 91.447 91.12 90.5 89.91 89.525 89.29 91.055 92.875 90.837 90.347 90.112 90.352 90.517 90.602 90.7 90.8 90.85 90.93 90.972 91.122 91.28 91.667 92.342 92.832 93.175 93.65 93.457 93.575 93.682 93.822 93.967 94.117 94.189 94.334 94.432 94.467 94.567 94.577 94.592 94.642 94.694 94.717 94.742 94.769 96.487 99.009 99.797 99.322 98.157 96.109 94.747 94.834 94.769 94.694 94.662 94.664 94.644 94.589 94.499 94.439 94.442
91.25 91.28 91.36 91.387 91.415 91.445 91.465 91.51 91.522 91.51 91.46 91.282 90.765 90.062 89.565 89.242 90.565 91.312 93.452 90.127 89.942 90.137 90.3 90.35 90.552 90.635 90.702 90.73 90.807 90.867 91.02 91.205 91.707 92.287 92.82 93.17 93.742 93.435 93.71 93.827 93.814 93.947 94.044 94.197 94.357 94.417 94.479 94.509 94.532 94.592 94.627 94.682 94.742 94.759 94.847 97.422 99.464 98.712 99.622 99.462 98.279 96.167 94.889 94.727 94.657 94.667 94.652 94.619 94.544 94.472 94.484 95.129
91.175 91.23 91.287 91.35 91.36 91.375 91.38 91.407 91.402 91.35 91.287 90.952 90.292 89.637 89.172 91.092 94.2 90.442 91.11 89.735 89.967 90.17 90.195 90.332 90.395 90.507 90.57 90.64 90.747 90.777 90.94 91.147 91.595 92.177 92.685 93.072 93.65 93.415 93.542 93.72 93.799 93.842 93.984 94.142 94.292 94.407 94.462 94.437 94.484 94.552 94.624 94.692 94.739 94.809 94.944 94.944 96.797 96.767 98.474 99.584 99.439 98.442 96.494 94.704 94.672 94.674 94.627 94.572 94.502 94.504 94.817 97.279
91.062 91.207 91.25 91.285 91.332 91.307 91.322 91.305 91.335 91.267 91.047 90.497 89.78 89.21 88.795 90.91 92.38 92.137 89.64 89.782 89.915 90.012 90.107 90.25 90.28 90.342 90.482 90.587 90.695 90.73 90.87 91.012 91.377 91.902 92.405 92.837 93.517 93.497 93.485 93.62 93.687 93.799 93.952 94.104 94.262 94.357 94.339 94.407 94.482 94.539 94.647 94.719 94.817 94.924 95.039 95.042 94.987 94.904 96.207 98.327 99.469 99.724 98.602 96.702 94.752 94.629 94.577 94.522 94.492 94.494 96.284 97.112
90.95 91.082 91.19 91.205 91.24 91.267 91.22 91.21 91.187 91.087 90.632 90 89.497 88.85 89.79 89.587 89.907 89.49 89.645 89.842 89.83 89.915 89.992 90.14 90.2 90.27 90.367 90.487 90.627 90.737 90.842 90.94 91.177 91.545 92.087 92.582 93.077 93.862 93.46 93.505 93.614 93.767 93.917 94.102 94.199 94.274 94.332 94.407 94.477 94.622 94.714 94.809 94.937 95.004 95.032 95.022 94.954 94.877 94.814 95.712 97.704 99.274 99.347 95.442 94.679 94.599 94.542 94.512 94.479 95.727 97.637 97.522
90.757 90.992 91.112 91.17 91.185 91.17 91.135 91.115 91.012 90.737 90.13 89.58 88.86 89.52 91.66 91.415 89.307 90.23 89.675 89.687 89.765 89.875 89.895 89.997 90.102 90.202 90.37 90.517 90.655 90.755 90.897 91.002 91.145 91.37 91.745 92.262 92.787 93.452 93.69 93.432 93.564 93.689 93.874 93.987 94.104 94.382 94.332 94.407 94.552 94.712 94.767 94.909 94.984 95.009 94.982 94.934 94.912 94.897 94.864 94.794 95.604 97.917 96.407 94.892 94.759 94.589 94.537 94.559 95.602 97.429 97.544 95.614
90.635 90.915 91.1 91.23 91.162 91.1 91.07 91.057 90.777 90.582 89.962 89.07 88.522 89.015 89.972 89.457 89.352 89.89 89.822 89.625 89.7 89.8 89.865 90 90.06 90.27 90.497 90.665 90.792 90.882 90.955 91.092 91.195 91.352 91.537 91.905 92.445 92.955 93.505 93.64 93.524 93.642 93.802 93.892 94.064 94.199 94.297 94.457 95.172 94.974 94.864 94.987 95.032 94.979 94.892 94.877 94.877 94.887 94.857 94.907 95.337 95.052 95.562 94.967 95.122 94.824 94.692 95.494 97.422 96.804 95.824 94.287
90.557 90.85 91.077 91.157 91.095 90.98 91.24 92.48 90.825 90.462 89.335 88.657 88.905 89.01 89.1 89.655 92.167 89.35 89.487 89.567 89.6 89.732 89.835 89.905 90.147 90.457 90.77 90.962 91.112 91.135 91.125 91.167 91.282 91.422 91.545 91.717 92.062 92.575 93.05 93.847 93.752 93.632 93.717 93.899 94.022 94.159 94.357 94.494 94.657 94.794 94.897 94.952 94.957 94.887 94.847 94.859 94.869 94.837 94.802 95.334 95.997 95.692 97.504 96.297 94.757 94.912 95.997 97.152 97.027 96.842 94.494 94.227
90.41 90.775 91.002 90.98 90.912 90.875 90.927 90.617 90.057 90.212 89.462 88.705 88.96 88.927 90.05 90.055 89.245 89.335 89.43 89.417 89.527 89.667 89.745 90.037 90.442 90.812 91.09 91.327 91.437 91.492 91.452 91.37 91.412 91.49 91.615 91.687 91.9 92.205 92.707 93.19 93.764 93.954 93.767 93.904 94.019 94.249 94.399 94.552 94.752 94.857 94.924 94.872 94.849 94.812 94.822 94.837 94.837 94.867 95.499 94.832 95.364 97.487 98.949 98.547 96.602 96.142 97.799 97.229 97.107 94.574 94.277 94.227
90.257 90.712 90.855 90.805 90.755 90.782 90.675 90.565 92.007 89.522 88.597 89.06 88.875 88.932 89.095 89.105 89.19 89.267 89.295 89.365 89.507 89.587 89.877 90.327 90.755 91.067 91.335 91.495 91.68 91.792 91.797 91.695 91.6 91.597 91.697 91.785 91.927 92.087 92.362 92.827 93.317 94.144 94.014 93.907 94.054 94.244 94.414 94.612 94.732 94.814 94.827 94.797 94.799 94.814 94.804 94.794 94.784 95.472 95.122 94.892 95.184 97.774 97.562 98.169 98.599 97.872 97.592 96.292 94.869 94.349 94.249 94.217
90.117 90.54 90.577 90.51 90.422 90.485 89.955 89.42 89.482 88.52 88.887 88.75 88.797 88.977 88.932 89.045 89.14 89.115 89.232 89.35 89.45 89.785 90.242 91.115 91.212 91.53 91.48 91.615 91.745 91.882 91.947 92.005 92.002 91.835 91.787 91.917 92.012 92.12 92.285 92.53 92.967 93.497 94.139 94.174 94.067 94.249 94.474 94.657 94.717 94.752 94.724 94.717 94.744 94.752 94.757 94.739 95.742 95.057 94.787 95.037 94.567 94.682 94.787 95.502 97.974 98.739 97.464 94.949 94.452 94.374 94.299 94.202
89.615 90.055 90.025 89.947 91.942 89.455 89.077 89.035 88.332 88.537 88.67 88.702 88.917 88.847 88.95 89.042 89.112 89.08 89.162 89.307 89.647 90.562 90.885 90.767 90.997 91.25 91.445 91.645 91.722 91.932 92.285 92.677 92.455 92.195 92.035 92 92.062 92.207 92.297 92.437 92.664 93.112 93.632 94.302 94.189 94.294 94.532 94.684 94.687 94.634 94.644 94.649 94.699 95.097 95.014 94.689 95.027 94.914 94.774 94.669 94.539 94.624 94.607 94.567 94.584 97.342 98.887 97.517 95.339 94.447 94.329 94.577
88.21 88.635 88.897 89.477 89.845 90.207 88.395 88.78 88.5 88.55 88.542 88.78 88.762 88.83 88.907 89.007 89.042 94.632 89.207 89.44 90.275 90.755 90.677 90.89 91.117 91.315 91.49 91.632 91.732 91.842 91.92 92.125 92.71 92.5 92.365 92.257 92.187 92.252 92.395 92.497 92.587 92.789 93.212 93.772 94.624 94.564 94.544 94.619 94.607 94.587 94.612 94.647 95.277 95.717 94.924 94.514 94.932 95.717 95.432 94.782 94.534 94.617 94.609 94.569 94.557 95.184 99.112 99.429 97.772 95.327 94.397 94.297
88.135 90.07 87.722 88.68 88.46 89.732 88.077 88.79 88.395 88.497 88.595 88.677 88.7 88.805 88.877 92.02 92.365 93.22 94.06 91.325 90.432 90.577 90.76 90.985 91.197 91.382 91.512 91.597 91.745 91.842 91.93 92.007 92.147 92.597 92.702 92.55 92.467 92.412 92.452 92.562 92.634 92.769 92.997 93.489 94.447 95.267 94.937 94.512 94.509 94.537 94.572 95.547 94.967 94.429 94.232 94.192 94.154 94.207 95.179 95.127 94.497 94.582 94.609 94.564 94.617 97.454 99.174 99.144 99.527 98.077 95.942 94.519
86.612 87.157 87.215 91.595 89.957 88.445 89.25 88.51 88.375 88.612 88.6 88.652 88.7 88.737 88.792 94.722 96.46 95.262 97.742 95.26 91.27 90.597 90.822 91.087 91.287 91.412 91.547 91.675 91.762 91.857 91.942 92.005 92.162 92.34 92.737 92.955 92.905 92.722 92.595 92.635 92.747 92.789 93.087 93.142 93.514 94.047 95.267 94.852 94.424 94.572 95.329 94.899 94.224 94.064 93.989 93.957 93.967 93.982 93.999 94.102 94.677 94.677 94.539 94.504 94.992 98.634 98.199 97.297 98.872 99.639 98.339 96.179
86.295 86.82 87.882 87.057 87.517 88.095 88.627 88.347 88.515 88.472 88.455 88.617 88.6 88.632 88.707 88.892 95.15 99.35 97.145 95.582 92.88 90.677 90.882 91.107 91.255 91.377 91.55 91.652 91.76 91.872 91.947 92.052 92.235 92.447 92.662 92.997 93.4 93.172 92.94 92.757 92.789 92.872 92.924 93.012 93.149 93.564 94.257 95.714 94.987 95.444 94.742 94.139 93.934 93.879 93.894 93.937 93.977 93.994 93.974 93.982 93.999 94.352 94.899 94.494 94.499 94.479 95.252 94.892 96.562 98.624 100.054 98.622
86.27 86.44 87.467 88.065 87.862 89.137 88.327 88.432 88.352 88.425 88.525 88.537 88.555 88.597 88.782 89.675 93.28 90.28 91.507 90.217 90.465 90.677 90.852 91.09 91.255 91.435 91.565 91.685 91.795 91.902 92 92.16 92.382 92.612 92.842 93.012 93.37 93.467 93.342 93.09 92.889 93.687 92.944 93.019 93.074 93.249 93.579 94.107 94.637 94.309 93.987 93.877 93.867 93.864 93.932 94.022 94.124 94.127 94.054 93.994 93.934 93.954 94.392 94.899 94.464 94.432 94.397 94.384 94.442 96.082 98.422 99.562
86.23 86.407 87.07 89.792 88.53 88.322 88.362 88.312 88.362 88.445 88.437 88.432 88.477 88.605 88.795 89.447 89.627 93.607 89.967 90.235 90.477 90.68 90.87 91.095 91.267 91.402 91.56 91.707 91.825 91.937 92.055 92.277 92.532 93.12 92.887 93.02 93.147 93.5 94.285 94.19 95.757 94.474 93.092 93.082 93.144 93.197 93.347 93.502 93.659 93.717 93.722 93.742 93.814 93.909 94.039 94.109 94.167 94.187 94.184 94.069 93.979 93.952 93.942 94.257 94.777 94.464 94.342 94.362 94.362 94.974 96.834 96.034
86.217 86.552 87.44 89.015 88.135 88.23 88.245 88.307 88.335 88.355 88.375 88.387 88.46 88.65 89.26 89.44 89.41 89.85 89.995 90.24 90.452 90.68 90.902 91.115 91.287 91.425 91.585 91.712 91.817 91.942 92.165 92.385 92.695 92.767 92.88 93.01 93.117 94.2 96.572 98.187 101.057 98.227 93.207 93.137 93.202 93.267 93.357 93.422 93.499 93.594 93.674 93.744 93.834 94.027 94.099 94.144 94.162 94.157 94.167 94.179 94.082 93.937 93.892 93.894 94.214 94.639 94.542 94.302 94.317 94.307 94.534 94.249
86.732 87.345 88.4 88.2 88.125 88.155 88.192 88.222 88.285 88.285 88.327 88.382 88.537 89.055 89.397 89.152 89.437 89.735 89.985 90.202 90.445 90.69 90.915 91.1 91.262 91.452 91.6 91.692 91.842 92.072 92.215 92.442 92.622 92.795 92.852 92.957 93.187 93.502 98.53 101.215 101.872 96.214 93.579 93.352 93.292 93.339 93.422 93.464 93.539 93.609 93.689 93.744 93.989 94.067 94.084 94.094 94.119 94.124 94.129 94.124 94.092 94.057 93.907 93.867 93.849 94.077 94.752 94.362 94.224 94.232 94.219 94.207
87.25 88.22 88.107 88.105 88.12 88.127 88.157 88.165 88.21 88.232 88.315 88.417 89.062 89.037 88.977 89.235 89.505 89.765 90.017 90.232 90.477 90.677 90.895 91.07 91.247 91.425 91.532 91.68 91.885 92.075 92.312 92.487 92.665 92.8 92.955 93.44 93.262 93.572 94.35 98.64 99.757 94.889 93.764 93.637 93.439 93.372 93.454 93.524 93.589 93.639 93.714 93.924 94.039 94.062 94.084 94.099 94.099 94.107 94.094 94.067 94.039 94.004 93.959 93.887 93.802 93.789 93.824 94.682 94.487 94.167 94.179 94.144
88.465 88.092 88.14 88.09 88.11 88.135 88.137 88.122 88.122 88.235 88.357 88.877 89.41 88.83 89.042 89.287 89.522 89.742 89.997 90.232 90.472 90.685 90.862 91.02 91.162 91.352 91.545 91.795 91.972 92.2 92.362 92.485 92.672 92.797 93.005 93.152 93.357 94.26 95.982 94.812 93.937 93.664 93.739 93.807 93.607 93.442 93.484 93.569 93.599 93.667 93.887 94.017 94.024 94.044 94.059 94.064 94.077 94.069 94.064 94.042 94.029 93.992 93.987 93.927 93.809 93.747 93.749 93.844 94.494 94.514 94.139 94.102
88.117 88.117 88.03 88.055 88.085 88.045 88.087 88.055 88.155 88.27 88.812 89.237 88.76 88.92 89.112 89.3 89.495 89.712 89.967 90.195 90.455 90.652 90.82 90.985 91.162 91.365 91.632 91.822 92.052 92.245 92.335 92.502 92.755 92.9 93.092 93.93 93.315 93.655 93.817 93.522 93.549 93.609 93.717 93.782 93.714 93.547 93.524 93.569 93.604 93.807 93.972 94.014 94.017 94.024 94.024 94.039 94.059 94.039 94.022 94.019 94.012 93.964 93.929 93.924 93.912 93.797 93.732 93.692 93.834 94.532 94.357 94.397
88.107 88.06 87.992 88.062 88.057 88.07 88.027 88.09 88.195 88.652 89.197 88.622 88.762 89.01 89.17 89.28 89.415 89.67 89.94 90.177 90.4 90.63 90.762 91 91.205 91.507 91.652 91.9 92.077 92.24 92.375 92.62 93.245 93.147 93.397 94.622 94.087 93.4 93.445 93.452 93.484 93.572 93.667 93.764 93.704 93.599 93.617 93.629 93.724 93.904 93.944 93.949 93.974 93.989 93.999 94.019 94.024 94.004 93.992 93.992 93.959 93.927 93.897 93.884 93.874 93.899 93.809 93.662 93.644 93.649 93.799 93.837
88.057 87.932 87.99 88.047 88.005 87.992 88.037 88.142 88.647 89.22 88.397 88.605 88.832 89.045 89.137 89.22 89.407 89.622 89.887 90.102 90.307 90.577 90.782 90.982 91.212 91.442 91.692 91.927 92.065 92.257 92.422 92.712 92.945 93.085 93.545 94.832 94.74 93.38 93.387 93.437 93.519 93.567 93.647 93.734 93.699 93.624 93.624 93.719 93.842 93.839 93.877 93.912 93.934 93.972 93.967 93.987 93.969 93.964 93.972 93.969 93.932 93.889 93.859 93.839 93.837 93.847 93.834 93.737 93.654 93.664 93.637 93.664
87.955 87.987 87.997 88 87.955 88 88.107 88.587 89.502 88.472 88.562 88.732 88.925 89.057 89.142 89.277 89.44 89.642 89.835 90.005 90.252 90.517 90.752 90.952 91.205 91.58 91.862 92.097 92.157 92.267 92.537 92.762 92.952 93.042 93.102 93.24 93.345 93.297 93.322 93.407 93.502 93.579 93.664 93.719 93.654 93.624 93.687 93.792 93.864 93.854 93.834 93.857 93.914 93.947 93.949 93.942 93.919 93.912 93.934 93.914 93.897 93.852 93.809 93.807 93.807 93.829 93.802 93.759 93.647 93.629 93.607 93.659
87.987 87.965 87.897 87.915 87.98 88.125 88.267 89.005 88.455 88.572 88.615 88.777 88.96 89.055 89.192 89.342 89.47 89.625 89.767 89.932 90.212 90.507 90.66 90.895 91.252 91.71 91.99 92.24 92.285 92.48 92.662 92.847 92.92 92.937 93.037 93.087 93.192 93.26 93.295 93.4 93.502 93.637 93.692 93.667 93.592 93.654 93.829 93.849 93.849 93.832 93.852 93.854 93.889 93.909 93.919 93.907 93.882 93.867 93.864 93.857 93.819 93.802 93.779 93.759 93.762 93.787 93.752 93.734 93.599 93.607 93.622 93.602
87.88 87.862 87.89 87.99 88.107 88.395 88.3 88.397 88.56 88.592 88.645 88.785 88.945 89.105 89.24 89.37 89.487 89.605 89.745 89.937 90.187 90.435 90.937 91.062 91.247 91.71 91.977 92.432 92.94 92.527 92.725 93.107 92.952 92.85 92.945 92.987 93.107 93.205 93.295 93.395 93.532 93.652 93.687 93.614 93.604 93.767 93.832 93.847 93.862 93.847 93.839 93.847 93.854 93.869 93.872 93.872 93.869 93.839 93.789 93.759 93.754 93.747 93.717 93.722 93.744 93.737 93.709 93.684 93.572 93.577 93.577 93.569
87.847 87.857 87.992 88.102 88.442 89.072 88.33 88.395 88.577 88.615 88.652 88.8 88.942 89.135 89.285 89.382 89.517 89.617 89.747 89.942 90.155 90.385 90.565 90.9 91.3 91.62 91.847 92.117 92.377 93.627 98.977 97.085 93.06 92.825 92.927 93.005 93.097 93.19 93.332 93.457 93.564 93.619 93.639 93.652 93.674 93.819 93.782 93.817 93.837 93.844 93.827 93.819 93.837 93.832 93.812 93.839 93.834 93.784 93.752 93.739 93.719 93.714 93.692 93.697 93.702 93.687 93.664 93.629 93.539 93.542 93.559 93.554
