data/LIDAR-DSM-2M-NZ24se/nz2643_DSM_2M.asc
ncols 500
nrows 500
xllcorner    426000
yllcorner    543000
cellsize     2
NODATA_value -9999
[rows 160 to 191 of 500, columns 71 to 141 of 500]
111.012 108.862 108.847 108.774 109.344 114.037 115.459 116.447 116.579 115.809 115.027 112.129 109.542 110.584 112.469 112.912 112.192 109.067 109.584 110.472 108.929 108.984 108.914 108.854 108.819 108.819 108.809 108.834 110.254 110.55 109.197 108.6 108.59 108.517 108.375 108.322 108.385 108.277 108.207 108.125 108.102 110.657 112.022 113.472 111.042 107.882 108.05 108.285 108.805 108.832 108.41 107.972 107.822 107.775 107.797 107.705 107.682 107.657 107.622 107.617 107.53 107.49 107.427 107.35 107.272 107.262 107.232 107.2 107.145 107.105 107.072
110.607 110.069 109.357 108.787 108.804 112.247 114.989 116.042 115.759 114.937 112.974 108.892 110.024 108.979 110.259 112.534 111.319 108.949 110.617 109.099 108.744 108.732 108.784 108.807 108.794 108.807 108.777 108.797 108.809 110.095 109.262 108.97 108.55 108.555 108.412 108.25 108.267 108.197 108.177 108.065 108.017 107.985 111.575 116.88 116.9 110.762 108.065 108.082 108.485 108.855 108.77 108.37 108.017 107.752 107.73 107.702 107.675 107.642 107.615 107.58 107.537 107.452 107.402 107.312 107.272 107.257 107.202 107.21 107.152 107.13 107.072
109.042 110.502 109.904 109.097 108.789 111.122 112.974 115.089 114.917 113.387 109.924 108.704 108.897 109.179 109.799 111.079 109.027 109.312 111.137 109.539 108.702 108.717 108.727 108.757 108.754 108.762 108.747 108.794 108.797 108.797 109.882 109.835 108.877 108.457 108.407 108.31 108.185 108.137 108.102 108.077 107.997 107.897 109.105 111.577 112.477 111.825 109.69 107.99 108.182 108.605 108.825 108.645 108.432 107.897 107.72 107.685 107.622 107.597 107.587 107.547 107.505 107.432 107.347 107.327 107.462 107.367 107.22 107.305 107.362 107.145 107.057
108.599 108.659 108.962 109.439 108.864 109.014 111.384 111.634 111.454 108.787 108.717 108.679 108.682 109.264 110.264 111.452 110.209 111.697 112.902 111.779 109.292 108.694 108.704 108.734 108.732 108.732 108.724 108.759 108.764 108.767 108.777 109.825 109.202 108.715 108.352 108.292 108.165 108.072 108.01 107.985 107.94 107.852 107.812 107.992 107.91 109.437 108.892 107.747 107.92 108.28 108.712 108.842 108.5 108.102 107.755 107.655 107.6 107.55 107.515 107.477 107.462 107.41 107.325 107.42 107.605 107.697 107.6 107.7 107.605 107.565 107.105
108.547 108.574 108.822 109.349 109.659 110.954 109.817 109.137 108.857 108.734 108.677 108.644 108.644 109.937 112.307 110.784 108.852 111.632 112.644 112.552 109.572 108.692 108.692 108.712 108.689 108.672 108.702 108.709 108.762 108.772 109.25 109.18 110.202 108.627 108.325 108.247 108.15 108.112 107.96 107.887 107.87 107.787 107.765 107.687 107.605 107.582 107.565 107.61 107.735 108.025 108.475 108.84 108.707 108.37 108.035 107.705 107.557 107.505 107.485 107.477 107.4 107.372 107.335 107.295 107.252 107.202 107.22 107.3 107.135 107.097 107.055
108.574 108.567 108.589 108.584 109.762 112.047 112.502 110.739 108.732 108.682 108.669 108.614 108.672 112.009 112.544 109.662 108.937 108.862 111.317 110.752 108.772 108.722 108.704 108.694 108.674 108.669 108.697 108.717 108.784 108.755 109.807 109.197 109.112 109.537 108.335 108.147 108.072 108.077 107.99 107.81 107.842 107.775 107.725 107.622 107.577 107.492 107.45 107.495 107.572 107.695 108.147 108.552 108.717 108.65 108.35 107.912 107.792 107.522 107.46 107.44 107.412 107.35 107.32 107.297 107.262 107.215 107.18 107.155 107.102 107.06 107.042
108.539 108.559 108.544 108.524 108.594 108.512 110.114 111.407 108.622 108.667 108.602 108.529 108.602 109.902 109.297 109.602 109.097 109.374 109.484 109.804 108.974 109.252 108.714 108.702 108.684 108.684 108.704 108.724 108.764 108.687 108.697 109.36 111.722 110.627 108.165 108.212 107.96 107.947 107.915 107.852 107.725 107.63 107.582 107.612 107.51 107.462 107.35 107.307 107.342 107.355 107.732 108.375 108.732 108.732 108.447 108.097 107.912 107.702 107.487 107.415 107.385 107.36 107.302 107.277 107.275 107.227 107.197 107.14 107.102 107.035 107.017
108.527 108.522 108.514 109.189 111.889 110.802 111.854 112.814 111.589 109.114 108.539 108.477 108.487 108.524 108.604 108.794 109.384 109.059 109.859 111.064 111.957 111.434 108.814 108.722 108.694 108.679 108.682 108.704 108.694 108.66 108.715 108.78 108.35 108.075 107.922 108.13 108.092 107.84 107.822 107.827 107.75 107.647 107.547 107.55 107.492 107.4 107.305 107.165 107.15 107.16 107.2 107.855 108.515 108.555 108.562 108.357 108.072 107.92 107.68 107.42 107.342 107.327 107.287 107.29 107.275 107.195 107.185 107.115 107.075 107.035 107.005
108.472 108.502 108.979 113.164 115.067 114.094 113.014 112.592 111.007 109.542 109.419 108.442 108.392 108.389 108.434 108.849 109.107 109.304 114.572 113.557 112.507 112.187 110.079 108.732 108.717 108.702 108.689 108.674 108.654 108.652 108.86 108.575 108.315 108.022 107.835 107.872 108.135 108.057 107.71 107.702 107.707 107.645 107.497 107.415 107.387 107.35 107.28 107.152 107.087 107.04 107 107.092 107.745 108.45 108.58 108.522 108.255 107.94 107.69 107.552 107.437 107.327 107.302 107.312 107.277 107.205 107.145 107.137 107.102 107.055 106.997
108.472 109.607 113.029 115.119 115.909 115.447 114.374 111.494 109.182 109.582 109.232 108.384 108.337 108.369 108.887 109.724 110.939 114.424 115.602 114.997 113.962 111.364 109.242 108.719 108.689 108.702 108.707 108.699 108.647 108.69 108.945 108.675 108.44 108.192 107.917 107.835 107.817 108.047 107.67 107.775 107.6 107.577 107.542 107.397 107.302 107.205 107.205 107.145 107.065 106.935 106.872 106.9 107.002 107.627 108.437 108.497 108.317 107.93 107.572 107.52 107.497 107.432 107.405 107.365 107.415 107.295 107.237 107.23 107.227 107.15 107.262
108.604 113.239 115.114 115.994 116.327 115.549 114.722 110.737 109.154 109.342 108.584 108.362 108.314 108.319 108.832 110.237 114.602 115.777 116.429 115.789 114.952 111.169 108.862 108.719 109.202 108.704 108.717 108.702 108.889 108.965 108.88 108.827 108.635 108.522 108.325 108.152 107.895 107.755 107.787 107.885 107.472 107.455 107.435 107.395 107.227 107.13 107.117 107.082 107.01 106.912 106.762 106.755 106.73 106.785 107.367 108.02 108.015 108.04 107.487 107.467 107.445 107.5 107.515 107.435 107.427 107.445 107.48 107.67 107.63 107.627 107.692
108.477 112.459 114.967 116.009 115.599 114.742 112.104 108.674 108.557 108.809 108.432 108.319 108.274 108.299 108.519 109.849 113.959 115.439 116.289 116.539 115.719 114.719 109.974 108.767 108.874 108.794 108.699 108.914 108.957 109.737 109.195 109.157 109.057 108.957 108.93 108.545 108.195 107.827 107.652 107.865 107.385 107.31 107.34 107.32 107.292 107.095 107.002 107.002 106.955 106.9 106.79 106.682 106.58 106.565 106.57 106.75 107.302 108.415 107.46 107.377 107.357 107.432 107.46 107.34 107.267 107.242 107.257 107.67 107.655 107.585 107.365
108.827 111.094 113.007 114.939 114.602 112.024 110.394 108.524 108.487 108.424 108.399 108.297 108.277 108.294 108.552 108.762 110.222 114.607 115.497 116.137 116.189 115.432 114.017 109.927 108.754 108.712 109.007 109.184 109.552 109.675 109.477 109.362 109.397 109.147 108.932 108.7 108.395 107.935 107.615 107.487 107.472 107.342 107.172 107.165 107.165 107.142 106.967 106.92 106.832 106.795 106.73 106.622 106.54 106.417 106.407 106.407 106.542 108.297 107.895 107.167 107.21 107.215 107.295 107.027 107.275 107.062 107.115 107.077 107.74 107.082 107.095
108.502 108.752 110.314 110.309 111.582 109.584 108.474 108.452 109.034 108.429 108.384 108.247 108.269 108.274 108.532 108.739 108.779 111.894 114.327 115.289 115.904 115.749 114.982 111.879 108.747 108.799 109.662 109.802 109.854 109.742 109.282 109.582 109.942 109.207 108.93 108.645 108.745 108.175 107.695 107.45 107.285 107.302 107.052 107.012 107.027 107.015 106.992 106.85 106.73 106.655 106.665 106.61 106.547 106.392 106.27 106.192 106.212 106.27 106.817 107.125 107.067 107.135 108.27 107.482 107.092 106.775 106.7 106.61 106.517 106.505 106.757
109.002 108.884 109.097 108.589 108.382 108.389 108.394 108.394 108.642 108.394 108.339 108.257 108.252 108.309 108.559 108.714 108.747 108.749 109.279 114.229 115.139 115.292 113.479 109.754 109.047 109.642 109.969 109.909 109.799 109.342 108.787 108.445 108.32 108.295 108.287 108.3 108.955 108.43 107.96 107.482 107.64 107 107.042 107.195 106.89 106.87 106.882 106.862 106.68 106.615 106.562 106.497 106.445 106.357 106.252 106.14 106.055 106.017 105.985 105.99 106.53 106.8 107.037 106.91 106.627 106.39 106.297 106.24 105.962 105.85 106.275
108.424 108.632 108.404 108.347 108.267 108.329 108.374 108.387 108.372 108.374 108.282 108.229 108.229 108.289 108.529 108.702 108.747 108.794 108.792 109.292 112.514 114.134 109.202 109.162 109.922 110.659 110.387 109.779 108.674 108.345 108.187 108.22 108.215 108.227 108.187 108.162 108.147 108.165 108.137 107.825 107.207 106.927 106.832 106.865 106.72 106.74 106.727 106.762 106.692 106.56 106.452 106.405 106.352 106.285 106.187 106.175 106.002 105.895 105.83 105.785 105.757 105.705 105.645 105.742 105.605 105.642 105.747 105.542 105.572 105.445 105.402
107.929 107.919 108.229 108.662 108.142 108.244 108.302 108.332 108.327 108.304 108.247 108.202 108.219 108.252 108.394 108.562 108.749 108.774 108.814 108.807 109.972 110.132 109.217 110.199 110.744 111.037 110.324 108.862 108.127 108.107 108.11 108.112 108.117 108.12 108.107 108.085 108.07 108.085 108.075 108.045 107.565 107.085 106.707 106.625 106.54 106.592 106.602 106.64 106.652 106.53 106.342 106.297 106.222 106.215 106.147 106.115 106.002 105.927 105.755 105.692 105.642 105.6 105.567 105.5 105.435 105.392 105.335 105.307 105.305 105.267 105.285
108.837 108.329 110.489 111.537 109.744 108.097 108.192 108.247 108.267 108.262 108.207 108.172 108.157 108.154 108.314 108.492 108.644 108.757 108.812 108.837 108.879 109.212 109.759 110.712 110.839 110.227 108.767 108.042 108.017 108.002 108.015 108.032 108.057 108.035 108.007 108.01 107.977 108.03 108.027 108.002 107.745 107.23 106.717 106.552 106.407 106.38 106.452 106.502 106.525 106.492 106.347 106.192 106.182 106.12 106.052 106.1 105.952 105.827 105.752 105.66 105.612 105.55 105.502 105.445 105.41 105.32 105.297 105.295 105.232 105.165 105.222
113.872 111.699 111.814 112.279 111.279 108.577 108.069 108.154 108.194 108.167 108.129 108.114 108.114 108.119 108.184 108.337 108.574 108.719 108.914 109.609 109.132 109.857 110.624 110.722 109.909 108.857 108.019 107.972 107.957 107.942 107.95 107.972 107.975 107.945 107.937 107.952 107.95 107.96 107.975 107.945 107.987 107.465 106.557 106.44 106.395 106.245 106.28 106.34 106.367 106.372 106.31 106.165 106.032 105.985 105.965 105.945 105.892 105.842 105.735 105.64 105.575 105.505 105.472 105.417 105.372 105.345 105.367 105.297 105.292 105.23 105.25
114.902 114.002 112.657 111.417 108.712 108.102 107.957 108.047 108.057 108.032 108.062 108.087 108.072 108.097 108.159 108.272 108.642 108.934 109.512 109.774 109.622 110.327 110.224 109.484 108.587 107.894 107.877 107.869 107.864 107.867 107.872 107.88 107.905 108.032 107.987 107.89 107.87 107.855 107.882 107.877 107.875 107.757 106.717 106.342 106.312 106.217 106.075 106.177 106.21 106.217 106.222 106.167 106.007 105.922 105.812 105.805 105.78 105.83 105.712 105.625 105.525 105.49 105.432 105.372 105.355 105.285 105.302 105.242 105.267 105.16 105.142
115.622 114.889 113.857 109.137 107.987 107.809 107.809 107.897 107.934 107.929 108.022 108.049 108.119 108.162 108.142 108.374 108.974 109.354 109.429 109.824 110.057 109.879 108.739 108.454 107.794 107.779 107.774 107.782 107.777 107.787 107.795 107.767 107.802 108.205 108.06 107.805 107.795 107.78 107.787 107.79 107.792 107.815 107.122 106.327 106.212 106.217 106.02 105.997 106.07 106.095 106.117 106.105 105.98 105.802 105.76 105.672 105.657 105.707 105.707 105.62 105.455 105.415 105.367 105.325 105.325 105.217 105.237 105.225 105.172 105.15 105.115
115.182 114.362 112.644 107.977 107.764 107.767 107.804 107.789 107.817 107.884 107.929 108.172 108.457 108.574 108.662 109.184 109.352 109.814 110.502 110.097 109.447 108.779 107.929 107.699 107.702 107.709 107.689 107.689 107.694 107.705 107.7 107.7 107.75 107.96 107.81 107.77 107.727 107.697 107.717 107.722 107.72 107.812 107.555 106.337 106.15 106.06 105.99 105.877 105.895 105.967 106.007 105.982 105.857 105.742 105.645 105.605 105.58 105.525 105.572 105.495 105.382 105.312 105.275 105.257 105.267 105.247 105.297 105.325 105.27 105.237 105.132
114.312 112.644 108.427 107.824 107.737 107.704 107.712 107.689 107.779 107.852 108.032 108.467 108.809 109.059 109.262 109.484 109.984 110.279 109.649 108.929 108.272 107.804 107.639 107.622 107.617 107.622 107.597 107.604 107.604 107.625 107.63 107.652 108.1 108.137 107.792 107.76 107.672 107.625 107.63 107.615 107.64 107.652 107.657 106.617 106.282 105.952 105.857 105.852 105.742 105.797 105.855 105.882 105.832 105.72 105.567 105.535 105.477 105.457 105.432 105.382 105.307 105.24 105.207 105.227 105.192 105.337 105.365 105.372 105.3 105.265 105.175
111.642 110.714 107.814 107.772 107.702 107.649 107.592 107.659 107.682 107.879 108.299 108.702 109.247 109.384 109.572 109.992 110.239 109.549 108.247 107.827 107.614 107.564 107.549 107.537 107.517 107.529 107.529 107.532 107.512 107.522 107.632 108.305 108.595 108.215 107.712 107.822 107.627 107.545 107.552 107.545 107.542 107.572 107.667 107.267 106.51 105.87 105.752 105.837 105.642 105.65 105.715 105.767 105.755 105.632 105.515 105.415 105.39 105.37 105.337 105.292 105.247 105.2 105.125 105.212 105.27 105.257 105.305 105.322 105.252 105.182 105.147
108.327 107.829 107.804 107.699 107.582 107.504 107.564 107.642 107.782 108.399 108.947 109.077 109.172 110.027 109.984 110.017 108.877 108.077 107.584 107.507 107.502 107.484 107.469 107.442 107.422 107.452 107.454 107.464 107.452 107.555 108.122 108.482 108.105 107.522 107.482 107.512 107.48 107.467 107.447 107.457 107.447 107.6 107.987 108.067 106.765 106.032 105.677 105.625 105.56 105.557 105.59 105.617 105.647 105.567 105.442 105.302 105.347 105.295 105.215 105.22 105.16 105.115 105.102 105.23 105.225 105.217 105.242 105.222 105.177 105.13 105.097
107.837 107.802 107.674 107.507 107.379 107.352 107.489 107.659 108.149 108.934 109.092 109.092 109.512 109.857 109.682 108.602 107.777 107.424 107.412 107.384 107.404 107.374 107.367 107.347 107.344 107.384 107.387 107.382 107.447 107.887 108.202 107.625 107.39 107.402 107.395 107.365 107.395 107.365 107.385 107.387 107.382 108.11 108.592 108.045 107.157 106.475 105.867 105.567 105.607 105.502 105.467 105.462 105.48 105.432 105.32 105.182 105.16 105.162 105.162 105.155 105.077 105.06 105.095 105.205 105.165 105.157 105.18 105.2 105.165 105.132 105.06
107.789 107.654 107.429 107.289 107.324 107.417 107.559 108.202 108.689 108.852 109.037 109.479 109.834 109.792 108.842 107.572 107.359 107.337 107.337 107.317 107.304 107.289 107.294 107.297 107.279 107.317 107.377 107.359 107.819 107.622 107.332 107.332 107.305 107.307 107.31 107.282 107.272 107.277 107.322 107.337 107.342 108.385 108.372 108.085 107.567 106.917 106.14 105.692 105.537 105.425 105.337 105.32 105.325 105.3 105.185 105.08 105.05 105.087 105.09 105.035 105.055 104.985 105.047 105.12 105.08 105.087 105.13 105.127 105.127 105.065 104.992
107.479 107.297 107.174 107.224 107.277 107.437 107.867 108.717 108.859 109.034 109.584 110.144 109.622 108.512 107.297 107.257 107.242 107.224 107.222 107.214 107.227 107.224 107.237 107.224 107.202 107.222 107.309 107.437 107.367 107.24 107.232 107.242 107.217 107.222 107.227 107.217 107.205 107.232 107.262 107.265 107.712 108.237 108.027 108.035 108.157 106.917 105.952 105.46 105.312 105.257 105.21 105.162 105.182 105.172 105.047 104.945 104.955 104.97 104.962 105.015 104.982 104.932 105.015 105.072 105.05 105.052 105.045 105.03 105.035 104.995 104.892
107.209 107.049 107.112 107.179 107.332 107.634 108.149 108.734 108.822 109.277 109.642 109.347 108.239 107.274 107.189 107.172 107.127 107.132 107.114 107.137 107.157 107.154 107.157 107.174 107.232 107.577 107.589 107.204 107.169 107.172 107.16 107.15 107.147 107.152 107.137 107.142 107.172 107.147 107.17 107.362 107.652 107.815 107.682 107.445 107.48 106.792 105.837 105.285 105.155 105.132 105.097 105.075 105.045 104.997 104.895 104.822 104.817 104.872 104.91 104.975 104.935 104.867 104.892 104.99 104.977 104.977 104.965 104.947 104.915 104.875 104.827
107.002 107.017 107.042 107.224 107.499 108.079 108.787 108.977 109.122 109.362 109.127 108.082 107.167 107.127 107.082 107.064 107.064 107.049 107.047 107.059 107.089 107.087 107.069 107.267 107.519 107.312 107.069 107.102 107.124 107.077 107.067 107.065 107.055 107.065 107.08 107.1 107.105 107.172 107.172 107.085 106.882 106.572 106.1 106.05 106.165 106.057 105.53 105.015 104.992 105.077 104.972 104.955 104.887 104.837 104.745 104.692 104.685 104.787 104.832 104.88 104.865 104.767 104.747 104.862 104.912 104.907 104.902 104.845 104.797 104.76 104.717
106.972 106.974 107.134 107.374 107.812 108.122 108.467 108.857 109.447 109.309 108.239 107.194 107.029 106.994 106.999 106.999 106.969 106.972 106.967 106.997 106.972 106.989 107.259 107.307 107.062 106.987 107.002 106.994 106.977 106.982 106.977 106.975 106.985 106.997 107.005 107.022 107.125 107.095 106.652 105.987 105.395 104.702 104.682 105.487 105.107 104.885 104.877 104.822 104.955 105.752 104.902 104.837 104.74 104.615 104.562 104.52 104.58 104.64 104.73 104.8 104.83 104.802 104.672 104.737 104.822 104.802 104.795 104.745 104.687 104.625 104.585
106.892 107.027 107.319 107.584 108.319 108.152 108.422 108.937 109.669 109.174 107.592 106.962 106.894 106.902 106.899 106.907 106.912 106.907 106.919 106.919 107.067 107.304 107.174 106.899 106.917 106.927 106.939 106.929 106.912 106.882 106.885 106.9 106.92 106.937 107.012 107.077 106.792 106.205 105.29 104.512 104.495 104.445 104.42 104.4 104.43 104.435 104.49 104.642 104.727 105.26 105.667 104.735 104.582 104.402 104.337 104.367 104.49 104.575 104.727 104.69 104.765 104.755 104.675 104.612 104.647 104.675 104.672 104.615 104.55 104.492 104.467
