data/LIDAR-DSM-2M-NZ24se/nz2644_DSM_2M.asc
ncols 500
nrows 500
xllcorner    426000
yllcorner    544000
cellsize     2
NODATA_value -9999
[rows 341 to 371 of 500, columns 414 to 482 of 500]
98.002 97.905 97.782 97.667 97.635 97.602 97.537 97.432 97.295 97.24 97.267 97.235 97.167 97.502 98.11 99.185 103.047 104.192 103.575 100.145 98.102 98.232 98.732 100.792 102.617 103.127 103.705 103.82 103.82 100.67 97.005 101.552 99.967 96.58 95.642 95.69 95.09 94.817 94.567 94.492 94.975 94.502 94.27 94.14 94.075 94.03 93.975 93.822 93.847 93.76 93.747 93.5 93.33 93.25 93.282 93.602 93.45 92.945 92.727 92.43 92.377 93.205 97.32 98.835 99.095 98.005 94.062 92.657 92.002
97.997 97.91 97.88 97.895 97.912 97.895 97.777 97.625 97.415 97.247 97.21 97.23 97.145 97.497 99.045 97.432 102.282 103.742 103.922 102.607 100.01 99.15 99.8 102.427 103.862 103.812 103.697 103.077 102.382 101.29 96.857 97.03 96.57 95.515 95.305 94.977 94.792 94.715 94.645 94.56 94.46 94.34 94.255 94.175 94.062 94.025 94.042 93.957 93.942 93.855 93.732 93.647 93.442 93.25 93.142 93.012 93.52 93.135 92.475 92.397 93.477 96.81 98.462 99.342 98.33 96.912 95.112 94.252 91.645
98.327 98.39 98.237 98.312 98.302 98.262 98.062 97.83 97.547 97.275 97.152 97.185 97.15 97.17 97.865 97.47 99.69 101.21 99.57 98.995 100.24 98.847 99.61 101.322 103.38 102.822 101.907 99.375 98.792 97.372 96.022 95.53 95.322 95.355 95.622 95.032 94.84 94.77 94.665 94.562 94.502 94.442 94.42 94.372 94.217 94.072 94.077 94.062 95.265 93.995 93.865 93.79 93.557 93.3 93.15 93.047 93.195 94.395 94.432 92.365 93.247 97.462 99.16 98.675 95.99 93.97 94.262 92.385 91.597
99.465 99.765 99.245 98.627 98.592 98.525 98.332 98.037 97.69 97.31 97.23 97.577 97.155 97.087 97.447 98.182 97.37 98.43 98.905 98.08 97.8 97.207 97.987 99.037 101.962 99.77 96.86 96.302 96.085 96.257 95.562 95.352 95.237 95.632 95.135 94.997 94.865 94.757 94.715 94.697 94.7 94.71 94.737 94.657 94.472 94.15 94.08 94.097 95.002 94.405 93.987 93.872 93.662 93.43 93.245 93.342 94.447 97.58 98.96 96.712 92.97 94.332 98.505 97.145 92.882 92.005 92.135 91.74 91.597
99.257 99.522 99.377 98.767 98.73 98.665 98.497 98.167 97.802 97.442 97.437 98.185 97.105 97.055 97.007 97.85 97.53 97.272 97.105 97.037 96.955 96.845 96.772 97.115 96.635 97.022 96.192 96.01 96.01 96.182 95.795 95.422 95.34 95.202 95.097 95.005 94.937 94.972 94.965 95.005 94.98 94.947 94.892 94.765 94.59 94.262 94.11 94.142 94.242 94.27 94.057 93.88 93.695 93.47 93.305 93.375 95.917 99.142 100.11 99.855 95.792 93.15 92.772 93.025 93.657 91.912 91.865 91.907 92.017
101.235 102.907 102.305 98.762 98.777 98.722 98.667 98.22 97.94 97.685 97.295 97.405 97.107 97.035 96.955 97.11 97.077 97.055 97.05 96.947 96.84 96.637 96.477 96.855 96.217 96.025 96.257 96.48 96.322 95.772 95.562 95.39 95.332 95.245 95.235 95.212 95.242 95.292 95.252 95.215 95.11 95.045 94.977 94.865 94.707 94.39 94.165 94.19 94.792 94.735 94.36 93.92 93.657 93.487 93.495 95.48 98.73 100.18 100.067 98.7 95.315 93.99 94.205 93.402 94.465 92.42 91.705 91.662 91.612
104.35 105.76 106.087 103.462 99.262 99.342 102.465 102.725 98.28 97.882 97.8 97.072 96.98 96.992 96.95 96.895 96.982 97.005 96.925 96.825 96.657 96.47 96.29 96.137 96.04 96 96.072 95.85 95.732 95.63 95.57 95.51 95.502 95.49 95.47 95.5 95.527 95.485 95.412 95.31 95.2 95.115 95.042 94.91 94.72 94.36 94.19 94.222 94.58 94.532 94.512 94.37 93.652 93.42 95.272 98.437 99.715 100.282 99.305 95.49 93.255 92.697 92.265 92.075 92.697 93.19 92.267 91.572 91.415
105.82 106.05 105.175 102.57 98.95 104.62 105.902 104.88 101.622 98.262 98.482 97.177 96.975 96.962 96.932 96.857 96.817 96.797 96.74 96.597 96.44 96.32 96.272 96.182 96.107 96.052 95.94 95.875 95.79 95.792 95.772 95.777 95.735 95.7 95.69 95.7 95.677 95.59 95.48 95.35 95.252 95.155 95.15 94.86 94.502 94.255 94.227 94.34 94.21 94.702 94.29 93.765 93.577 93.622 94.322 97.115 100.262 99.542 96.042 93.237 93.542 92.657 92.122 92.015 91.91 93.075 93.272 92.137 91.4
106.592 104.777 101.93 98.847 98.992 102.705 105.53 105.687 103.225 98.18 98.262 97.217 96.95 96.942 96.915 96.86 96.737 96.63 96.547 96.462 96.41 96.367 96.327 96.235 96.135 96.06 96.015 96.04 95.992 96.01 95.997 95.935 95.872 95.8 95.775 95.737 95.692 95.607 95.487 95.402 95.29 95.11 94.91 94.652 94.375 94.282 94.452 95.385 94.465 95.077 94.4 93.84 93.78 97.24 95.932 93.347 97.842 96.505 93.54 92.92 92.745 93.56 92.69 91.975 92.067 91.91 92.122 92.472 92.302
105.205 101.03 98.947 99.437 98.765 100.737 104.877 105.847 104.64 100.415 98.032 97.395 97.002 96.882 96.91 96.872 96.752 96.655 96.595 96.512 96.445 96.387 96.31 96.267 96.252 96.24 96.237 96.195 96.137 96.102 96.057 96.007 95.937 95.882 95.802 95.722 95.68 95.58 95.507 95.4 95.222 94.987 95.022 94.6 94.322 94.357 94.55 94.517 95.725 94.577 94.447 94.352 95.317 99.302 100.545 96.327 93.455 94.49 95.47 92.74 92.5 92.312 93.265 93.22 93.625 92.557 92.605 92.995 92.162
101.335 99.53 98.987 99.15 98.762 99.292 103.925 105.632 105.432 102.705 98.03 97.627 97.127 96.865 96.832 96.855 96.792 96.692 96.612 96.542 96.45 96.435 96.407 96.387 96.46 96.405 96.35 96.272 96.197 96.175 96.125 96.06 95.97 95.877 95.777 95.677 95.6 95.492 95.39 95.252 95.05 94.887 95.527 94.437 94.4 95.077 94.345 95.155 94.9 94.027 94.392 95.567 98.875 100.315 100.64 99.09 94.677 95.735 94.73 92.64 92.402 92.242 92.142 92.287 93.097 92.735 92.26 91.827 91.185
99.505 99.327 99.037 99.04 98.905 98.8 100.055 105.017 105.837 104.117 98.355 97.772 97.3 96.917 96.777 96.812 96.79 96.715 96.617 96.537 96.562 96.56 96.515 96.472 96.457 96.392 96.35 96.272 96.23 96.142 96.062 95.992 95.9 95.812 95.745 95.692 95.62 95.532 95.455 95.27 95.042 94.757 94.61 94.397 94.822 95.402 94.667 94.79 94.257 93.942 94.965 98.582 100.03 100.72 99.84 96.032 94.002 94.977 93.462 92.73 92.347 92.21 92.075 91.91 91.82 92.19 92.607 91.297 91.067
99.697 99.44 99.162 98.86 98.777 98.625 98.545 104.097 105.722 101.482 98.17 97.877 97.517 97.027 96.77 96.742 96.767 96.715 96.615 96.592 96.68 96.67 96.61 96.52 96.447 96.375 96.3 96.245 96.165 96.107 96.062 96.002 95.982 95.932 95.877 95.757 95.692 95.587 95.437 95.207 94.922 94.592 94.457 94.48 94.597 94.67 94.607 94.637 94.507 93.927 96.94 99.775 100.715 100.157 98.357 94.04 93.427 92.927 94.027 93.672 92.602 92.79 92.247 91.872 91.712 91.59 91.547 91.132 90.95
99.807 99.552 99.377 99.08 98.82 98.627 98.517 100.16 98.58 98.947 100.077 98.03 97.73 97.222 96.772 96.675 96.707 96.69 96.617 96.625 96.745 96.735 96.685 96.632 96.567 96.487 96.36 96.285 96.237 96.207 96.137 96.05 96.037 95.965 95.855 95.732 95.632 95.497 95.335 95.052 94.74 94.5 94.535 94.495 94.557 94.962 94.525 94.14 94.262 94.165 94.472 99.56 100.465 98.835 94.652 94.672 94.255 93.037 92.98 92.512 93.015 95.942 96.012 91.72 91.61 91.537 91.26 91.102 90.865
99.925 100.305 100.225 99.167 98.815 98.74 98.727 98.545 101.742 104.43 104.867 100.657 97.885 97.412 96.887 96.682 96.65 96.707 96.62 96.632 96.75 96.76 96.692 96.652 96.6 96.537 96.437 96.322 96.215 96.145 96.152 96.06 96 95.922 95.752 95.635 95.55 95.417 95.192 94.86 94.582 94.562 95.43 94.832 94.902 94.95 94.437 94.03 96.187 99.467 95.622 94.087 97.122 97.167 93.642 93.522 94.24 93.922 92.645 92.452 92.495 94.692 96.275 95.402 92.907 91.397 91.215 90.997 90.742
100.102 101.935 101.642 99.64 100.072 100.08 98.665 98.785 102.185 105.167 105.462 103.892 99.69 97.622 97.085 96.667 96.612 96.665 96.615 96.607 96.712 96.747 96.68 96.642 96.597 96.537 96.455 96.382 96.282 96.145 96.065 96.012 95.93 95.82 95.7 95.605 95.495 95.275 95 94.67 94.6 94.905 95.292 94.872 94.58 94.155 94.507 95.017 98.555 100.347 100.99 98.035 95.512 96.642 94.67 92.895 92.807 93.002 93.565 92.782 92.7 92.352 94.662 97.442 94.14 91.32 91.095 90.862 90.622
100.56 101.945 101.772 99.365 98.895 99.615 98.647 98.497 100.43 104.517 105.677 104.732 100.815 97.985 97.285 96.757 96.755 96.875 96.617 96.557 96.597 96.71 96.677 96.64 96.607 96.565 96.487 96.385 96.287 96.185 96.017 95.9 95.827 95.685 95.642 95.565 95.38 95.102 94.8 94.62 94.687 94.605 94.73 95.04 94.227 94.09 94.425 98.062 100.125 100.997 100.257 97.445 95.337 96.495 94.517 93.13 92.882 92.61 92.685 93.225 92.757 92.572 93.4 95.442 91.447 91.207 90.945 90.702 90.465
101.985 100.272 99.762 99.267 98.962 98.745 98.642 98.532 98.427 103.16 105.317 105.372 103.702 99.04 97.54 96.942 96.69 97.43 96.575 96.527 96.507 96.632 96.632 96.615 96.615 96.577 96.467 96.37 96.265 96.147 96.027 95.89 95.745 95.622 95.607 95.5 95.22 94.925 94.67 94.78 95.505 94.705 94.902 94.627 94.252 94.187 97.485 99.875 101.107 100.782 98.025 94.015 93.93 94.202 93.87 94.01 93.46 92.64 92.432 92.267 93.667 92.752 92.515 91.585 91.307 91.072 90.79 90.555 90.307
102.827 102.057 99.87 99.73 99.035 98.747 98.617 98.655 98.555 100.807 104.685 105.88 104.575 99.332 97.712 97.127 96.642 96.472 96.507 96.502 96.462 96.537 96.602 96.595 96.575 96.507 96.427 96.34 96.207 96.105 95.972 95.87 95.747 95.57 95.44 95.327 95.042 94.782 94.747 95.32 95.257 95.175 94.612 94.392 94.41 94.99 99.222 100.702 100.797 98.975 94.83 93.89 93.025 92.97 93.405 96.39 95.49 93.517 92.375 92.205 93.355 93.242 92.535 91.452 91.19 90.932 90.65 90.467 90.24
102.712 103.51 99.782 99.485 99.477 98.945 99.72 98.547 98.362 98.802 103.077 105.455 105.21 101.907 97.825 97.402 96.97 96.422 96.46 96.467 96.43 96.45 96.547 96.557 96.502 96.47 96.372 96.287 96.165 96.012 95.917 95.84 95.697 95.537 95.33 95.13 94.882 94.77 95.117 94.727 95.15 94.737 94.512 94.36 95.37 95.355 94.892 100.412 100.055 95.722 93.96 94.43 94.122 92.995 92.945 97.805 94.932 94 93.73 92.267 92.755 92.275 91.602 91.325 91.055 90.81 90.572 90.402 90.135
102.147 103.477 99.877 99.905 99.757 98.88 98.835 98.435 98.37 98.255 100.437 103.34 101.28 99.01 97.96 97.66 96.905 96.41 96.4 96.432 96.387 96.402 96.452 96.512 96.45 96.407 96.332 96.237 96.12 95.985 95.897 95.777 95.607 95.465 95.272 94.99 94.815 95.165 95.61 95.247 94.977 95.015 94.437 94.772 98.697 100.135 96.472 95.122 97.255 95.062 94.117 93.425 93.64 94.312 93.56 94.582 92.967 93.035 93.56 94.012 93.185 91.73 91.475 91.21 90.982 90.722 90.537 90.285 90.152
100.785 101.005 99.99 99.6 99.197 99.01 98.89 98.475 98.422 98.505 98.85 98.532 98.182 97.865 97.722 97.682 96.587 96.422 96.342 96.385 96.357 96.345 96.335 96.437 96.415 96.365 96.27 96.18 96.045 95.947 95.835 95.707 95.52 95.337 95.15 94.915 94.91 95 95.31 95.295 94.652 94.507 94.647 97.517 100.182 101.2 100.832 96.93 95.285 96.655 94.742 93.252 93.21 93.535 94.435 93.562 92.877 92.852 93.322 94.41 92.06 91.625 91.357 91.132 90.905 90.677 90.49 90.17 90.032
100.255 100.34 99.64 99.472 99.25 99.047 98.96 99.34 99.86 99.297 98.095 97.932 97.782 97.932 97.8 97.33 96.55 96.422 96.327 96.305 96.35 96.292 96.26 96.37 96.377 96.31 96.345 96.117 96.037 95.9 95.767 95.592 95.407 95.197 95 94.962 94.937 94.835 95.057 94.782 94.65 94.727 95.827 99.53 100.967 101.06 99.27 95.397 96.29 95.312 94.837 93.285 93.225 93.167 93.267 93.877 94.245 94.482 94.06 93.07 91.815 91.542 91.287 91.025 90.827 90.602 90.455 90.232 89.732
100.037 99.965 99.792 99.487 99.597 99.61 100.122 98.865 98.652 97.97 97.87 97.735 97.975 98.065 97.87 97.497 96.697 96.425 96.307 96.252 96.28 96.287 96.21 96.312 96.38 96.33 96.235 96.115 96.057 95.907 95.757 95.552 95.307 95.097 95.04 95.065 94.917 94.81 94.89 94.777 94.822 95.46 99.53 100.702 101.16 100.232 95.2 94.082 94.707 93.537 93.567 94.267 93.337 93.152 93.29 92.82 93.165 93.852 93.692 92.115 91.712 91.477 91.252 90.98 90.742 90.537 90.365 90.24 89.767
99.925 99.8 100.047 99.852 100.32 99.1 98.72 98.415 98.125 98.267 99.247 98.115 97.382 98 97.61 97.312 96.692 96.452 96.297 96.202 96.23 96.277 96.25 96.23 96.327 96.327 96.197 96.102 96.02 95.877 95.702 95.437 95.177 95.075 95.08 95.047 94.937 94.835 94.825 94.782 94.617 94.972 100.095 101.207 100.312 96.617 94.235 94.01 93.685 93.577 93.412 93.497 93.49 93.285 92.917 92.747 93.222 93.727 92.35 91.875 91.635 91.427 91.222 90.952 90.69 90.507 90.31 90.197 89.622
99.855 99.777 99.712 99.157 98.755 98.57 98.235 98.435 99.69 101.795 103.43 99.662 97.272 97.387 97.077 96.905 96.702 96.517 97.13 97.32 96.235 96.217 96.222 96.175 96.235 96.295 96.197 96.075 95.955 95.817 95.58 95.322 95.14 95.162 95.1 95.002 94.93 94.85 94.815 94.73 94.772 94.487 94.93 99.125 98.172 94.537 94.042 94.232 93.762 93.57 93.442 93.275 93.06 93.065 93.252 93.865 92.817 92.46 92.025 91.777 91.6 91.407 91.157 90.927 90.67 90.495 90.31 90.072 89.175
99.835 99.842 99.537 98.922 98.74 99.275 97.77 101.107 103.442 104.192 103.762 101.635 97.3 97.34 97.515 97.182 97.07 96.592 97.16 96.232 96.14 96.142 96.182 96.165 96.157 96.297 96.212 96.087 95.885 95.697 95.477 95.27 95.212 95.162 95.097 95.117 95.047 94.93 94.797 94.695 94.747 94.515 94.38 94.32 95.627 95.777 94.215 93.72 93.612 93.52 93.36 93.212 93 92.822 93.345 94.04 92.452 92.202 91.967 91.755 91.572 91.387 91.137 90.885 90.63 90.432 90.255 89.777 88.85
99.755 99.765 99.385 98.942 98.677 99.387 98.667 99.09 103.372 104.152 104.07 103.325 98.81 97.317 97.512 97.472 97.415 96.997 96.545 96.837 96.757 96.13 96.122 96.132 96.08 96.115 96.125 95.98 95.785 95.562 95.322 95.29 95.255 95.185 95.207 95.232 95.232 95.16 95.047 95.042 94.645 94.457 94.305 94.23 94.83 95.937 93.865 93.68 93.542 93.347 93.307 93.205 92.995 92.842 93.055 92.617 92.367 92.135 91.93 91.74 91.572 91.392 91.137 90.887 90.642 90.517 90.422 89.572 88.647
99.657 99.51 99.287 99.055 98.535 98.68 98.26 97.822 102.892 103.865 104.3 103.667 101.552 97.342 97.417 97.68 97.5 97.087 96.537 96.39 96.382 96.072 96.085 96.077 96.047 95.96 95.927 95.812 95.622 95.437 95.34 95.332 95.272 95.38 95.41 96.315 95.362 95.405 95.605 95.505 95.165 94.605 94.325 94.192 94.06 94.292 94.51 93.68 93.565 93.317 93.225 93.287 93.085 92.93 92.942 92.53 92.345 92.107 91.892 91.74 91.577 91.387 91.137 90.895 90.695 90.497 90.062 89.365 88.495
99.545 99.352 99.22 99.115 98.612 97.77 97.397 97.815 100.98 103.532 104.277 103.997 103.022 98.117 97.35 97.347 97.22 96.79 96.63 96.44 96.245 96.12 96.045 96.045 96.01 95.932 95.812 95.682 95.527 95.507 95.425 95.337 95.347 95.487 95.512 95.867 96.547 97.752 96.157 95.577 95.4 95.087 94.385 94.21 94.002 93.925 94.43 94.315 94.53 93.722 93.087 92.97 93.09 93.28 92.725 92.495 92.302 92.095 91.912 91.74 91.692 91.365 91.14 90.925 90.715 90.42 89.82 88.96 88.167
99.412 99.312 99.182 99.05 99.005 97.962 97.957 97.455 99.31 103.23 103.932 104.335 103.397 99.16 97.252 97.197 97.072 96.92 96.752 96.565 96.48 96.262 96.025 95.975 95.972 95.91 95.827 95.74 95.617 95.555 95.432 95.427 95.777 95.742 95.647 96.92 98.87 99.817 99.72 95.637 95.5 95.43 94.925 94.49 94.065 93.847 93.697 93.862 94.467 93.317 94.42 93.372 93.577 92.895 92.592 92.405 92.225 92.06 91.895 91.72 91.732 91.357 91.195 90.92 90.635 90.322 89.602 88.697 87.742
