data/LIDAR-DSM-2M-NZ24se/nz2640_DSM_2M.asc
ncols 500
nrows 500
xllcorner    426000
yllcorner    540000
cellsize     2
NODATA_value -9999
[rows 288 to 319 of 500, columns 360 to 431 of 500]
87.832 87.967 88.017 88.145 88.66 88.37 88.332 88.425 88.555 88.632 88.695 88.81 88.967 89.167 89.295 89.422 89.522 89.647 89.767 89.967 90.155 90.397 90.592 90.875 91.272 91.537 91.82 92.175 92.372 94.412 97.465 96.927 92.842 92.832 92.912 92.99 93.115 93.205 93.355 93.542 93.564 93.582 93.629 93.647 93.704 93.777 93.744 93.777 93.842 93.827 93.817 93.812 93.827 93.804 93.779 93.777 93.774 93.754 93.722 93.719 93.697 93.674 93.664 93.637 93.627 93.637 93.624 93.497 93.492 93.519 93.627 93.547
87.885 87.99 88.205 88.672 88.142 88.252 88.355 88.432 88.532 88.585 88.67 88.8 88.97 89.155 89.3 89.397 89.512 89.652 89.78 89.947 90.147 90.387 90.617 90.925 91.265 91.592 91.887 92.947 92.965 92.365 93.465 93.257 92.72 92.85 92.935 93.027 93.152 93.247 93.447 93.52 93.479 93.562 93.649 93.637 93.664 93.762 93.762 93.747 93.794 93.837 93.824 93.814 93.804 93.784 93.764 93.732 93.717 93.722 93.682 93.657 93.652 93.637 93.604 93.604 93.599 93.564 93.529 93.482 93.492 93.524 93.537 93.449
87.977 88.102 88.287 88.297 88.175 88.335 88.41 88.49 88.512 88.517 88.642 88.787 88.942 89.142 89.295 89.412 89.54 89.647 89.78 89.92 90.107 90.375 90.65 90.97 91.315 91.65 92.677 95.047 92.565 92.295 92.397 92.555 92.72 92.85 92.935 93.067 93.205 93.3 93.345 93.412 93.464 93.554 93.632 93.652 93.687 93.712 93.757 93.784 93.767 93.754 93.782 93.782 93.772 93.762 93.727 93.667 93.687 93.677 93.652 93.632 93.614 93.589 93.569 93.557 93.544 93.487 93.419 93.469 93.512 93.537 93.464 93.384
88.07 88.872 88.415 88.202 88.3 88.415 88.477 88.502 88.49 88.552 88.65 88.77 88.952 89.115 89.277 89.387 89.502 89.64 89.732 89.855 90.04 90.395 90.662 91.007 91.38 91.73 91.93 91.987 92.07 92.232 92.402 92.575 92.78 92.877 92.975 93.102 93.215 93.25 93.282 93.337 93.534 95.377 94.057 93.702 93.702 93.674 93.757 93.762 93.749 93.757 93.752 93.762 93.764 93.724 93.664 93.667 93.654 93.614 93.597 93.597 93.564 93.517 93.517 93.517 93.447 93.412 93.392 93.452 93.519 93.492 93.379 93.284
88.87 88.645 88.252 88.322 88.402 88.452 88.487 88.51 88.515 88.582 88.672 88.815 88.982 89.117 89.247 89.317 89.45 89.565 89.647 89.845 90.05 90.387 90.742 91.112 91.442 91.652 91.805 91.89 92.052 92.212 92.455 92.69 92.827 92.922 93.037 93.09 93.08 93.13 93.197 93.265 93.984 95.604 95.439 93.794 93.669 93.652 93.702 93.789 93.744 93.684 93.717 93.732 93.712 93.692 93.647 93.619 93.582 93.552 93.564 93.534 93.497 93.469 93.477 93.427 93.339 93.369 93.422 93.482 93.482 93.337 93.234 93.149
88.537 88.247 88.315 88.39 88.415 88.437 88.475 88.5 88.52 88.567 88.692 88.847 88.982 89.095 89.16 89.227 89.335 89.44 89.545 89.767 89.997 90.357 90.76 91.13 91.392 91.587 91.687 91.835 91.995 92.225 92.477 92.71 92.865 92.947 93.02 93.042 93.052 93.087 93.162 93.202 93.397 93.494 93.719 95.297 94.142 93.614 93.617 93.637 93.652 93.709 93.694 93.644 93.664 93.682 93.634 93.594 93.529 93.509 93.487 93.479 93.454 93.427 93.402 93.304 93.324 93.377 93.434 93.457 93.342 93.209 93.152 93.097
88.19 88.31 88.337 88.41 88.442 88.457 88.442 88.515 88.52 88.585 88.667 88.79 88.877 88.957 89.027 89.09 89.182 89.312 89.485 89.73 90.022 90.43 90.877 91.155 91.307 91.49 91.672 91.835 92.032 92.25 92.487 93.6 94.185 93.76 92.887 92.922 92.977 93.02 93.097 93.26 93.384 94.274 94.379 94.954 94.837 93.727 93.609 93.589 93.584 93.647 93.629 93.587 93.589 93.637 93.632 93.542 93.494 93.489 93.457 93.454 93.449 93.392 93.292 93.317 93.327 93.397 93.412 93.337 93.217 93.127 93.072 93.064
88.225 88.315 88.362 88.427 88.437 88.432 88.475 88.482 88.507 88.577 88.645 88.715 88.767 88.81 88.885 88.965 89.075 89.347 90.107 90.02 90.18 90.56 90.957 91.16 91.305 91.492 91.657 91.79 92.027 92.227 92.455 92.692 92.822 93.137 92.78 92.852 92.905 92.952 93.25 93.175 94.132 97.134 97.332 94.709 94.429 93.662 93.612 93.559 93.552 93.519 93.587 93.562 93.537 93.582 93.554 93.499 93.492 93.462 93.427 93.404 93.409 93.289 93.274 93.294 93.354 93.364 93.369 93.204 93.154 93.052 93.017 93.024
88.245 88.295 88.327 88.405 88.402 88.41 88.412 88.437 88.495 88.53 88.6 88.672 88.69 88.725 88.792 88.935 89.47 92.035 91.615 91.02 90.665 90.66 90.94 91.122 91.312 91.492 91.625 91.762 91.927 92.155 92.507 92.492 93.465 94.042 92.75 92.817 92.812 92.885 93.272 93.627 94.039 94.672 95.564 94.797 93.657 93.567 93.639 93.619 93.537 93.494 93.519 93.522 93.552 93.482 93.509 93.492 93.484 93.442 93.402 93.359 93.272 93.242 93.269 93.342 93.352 93.254 93.172 93.092 93.024 92.987 92.977 92.969
88.242 88.245 88.277 88.362 88.417 88.422 88.417 88.412 88.447 88.465 88.502 88.565 88.605 88.652 88.78 91.05 92.87 92.392 91.427 90.962 90.692 90.795 90.932 91.092 91.305 91.507 91.625 91.757 91.935 92.127 92.31 92.445 92.55 92.602 92.685 92.67 92.797 92.915 93.815 94.97 95.394 95.074 95.252 94.012 93.422 93.482 93.537 93.564 93.554 93.492 93.449 93.397 93.454 93.462 93.427 93.437 93.447 93.417 93.377 93.234 93.222 93.237 93.304 93.329 93.237 93.149 93.079 92.999 92.939 92.972 92.944 92.914
88.235 88.23 88.267 88.315 88.367 88.402 88.422 88.385 88.367 88.397 88.45 88.495 88.552 88.68 89.12 91.517 94.27 92.312 92.082 91.392 90.907 91 91.07 91.535 91.337 91.492 91.637 91.75 91.91 92.042 92.235 92.412 92.47 92.52 92.562 92.605 92.715 92.86 93.282 93.895 94.607 94.539 94.054 93.369 93.322 93.387 93.369 93.429 93.494 93.514 93.427 93.392 93.364 93.329 93.329 93.382 93.389 93.329 93.274 93.217 93.187 93.252 93.264 93.192 93.054 92.997 92.959 92.924 92.917 92.892 92.882 92.852
88.17 88.197 88.242 88.302 88.325 88.345 88.342 88.252 88.275 88.32 88.387 88.442 88.477 88.817 89.532 90.087 89.375 89.66 89.427 90.422 90.89 91.71 93.917 94.22 92.875 91.397 91.527 91.72 91.885 92.06 92.25 92.33 92.372 92.44 92.46 93.037 93.285 93.125 93.06 93.252 93.469 93.444 93.202 93.167 93.254 93.284 93.282 93.329 93.354 93.442 93.477 93.392 93.309 93.359 93.302 93.222 93.272 93.192 93.192 93.207 93.252 93.294 93.199 93.037 92.987 92.952 92.917 92.872 92.854 92.847 92.827 92.769
88.082 88.087 88.129 88.187 88.217 88.219 88.234 88.204 88.172 88.227 88.309 88.392 88.682 89.387 89.724 88.742 88.344 88.487 88.962 89.697 91.782 92.992 94.719 94.174 93.614 91.999 91.439 91.647 91.872 92.089 92.227 92.254 92.304 92.374 92.417 92.964 92.659 92.874 93.574 93.442 92.974 93.044 93.064 93.104 93.152 93.172 93.194 93.222 93.254 93.322 93.387 93.457 93.347 93.277 93.269 93.234 93.232 93.224 93.207 93.249 93.247 93.194 93.044 92.952 92.919 92.894 92.862 92.819 92.807 92.774 92.744 92.672
88.004 87.964 87.984 88.044 88.084 88.127 88.134 88.169 88.157 88.227 88.434 89.879 88.012 87.554 87.247 87.337 87.674 88.249 88.777 89.392 90.117 92.654 92.929 93.399 93.722 92.374 91.404 91.609 91.867 92.012 92.154 92.232 92.242 92.304 92.309 93.642 95.314 93.187 93.344 92.967 92.909 92.934 92.997 93.009 93.052 93.102 93.134 93.137 93.152 93.177 93.199 93.287 93.304 93.299 93.284 93.244 93.247 93.249 93.217 93.194 93.162 93.034 92.894 92.887 92.874 92.829 92.807 92.804 92.792 92.737 92.657 92.609
88.257 88.284 88.007 88.002 87.962 87.967 88.027 87.892 87.682 87.749 87.892 87.322 86.989 86.732 86.734 86.959 87.459 88.179 88.609 89.252 90.204 90.647 92.732 92.762 91.327 91.429 91.417 91.604 91.887 92.009 92.109 92.124 92.204 92.687 100.089 99.172 99.942 97.207 93.982 92.699 92.762 92.867 92.917 92.919 92.939 93.004 93.027 93.064 93.042 93.044 93.049 93.087 93.152 93.214 93.219 93.247 93.142 93.152 93.087 93.032 92.992 92.882 92.837 92.849 92.804 92.774 92.777 92.774 92.732 92.664 92.579 92.574
90.789 87.879 87.602 89.109 88.344 87.174 86.952 86.709 86.827 86.922 86.784 86.374 86.162 86.167 86.389 87.079 87.177 87.699 88.332 88.987 89.974 90.439 90.604 91.002 91.357 91.404 91.514 91.692 91.907 92.059 92.044 92.059 92.127 95.587 99.014 103.094 105.062 100.629 92.502 92.589 92.652 92.757 92.809 92.867 92.882 92.932 92.957 92.977 92.942 92.914 92.887 92.924 92.942 92.944 92.949 92.994 92.949 92.912 92.874 92.832 92.837 92.817 92.757 92.732 92.732 92.739 92.742 92.717 92.659 92.592 92.547 92.529
89.337 86.257 88.407 90.612 90.957 86.442 85.819 85.552 85.554 85.812 85.607 85.542 85.604 85.764 86.014 86.407 86.814 87.292 87.889 88.549 90.562 93.239 90.122 90.639 91.227 91.379 91.522 91.694 91.867 92.004 92.009 91.984 92.027 95.312 99.487 103.142 103.814 99.119 92.472 92.519 92.567 92.589 92.662 92.752 92.794 92.794 92.814 92.837 92.829 92.787 92.774 92.787 92.807 92.804 92.762 92.742 92.744 92.772 92.742 92.712 92.712 92.709 92.682 92.664 92.654 92.677 92.694 92.632 92.574 92.537 92.507 92.482
85.412 85.359 84.892 85.134 85.272 84.919 84.987 85.017 85.089 85.582 85.204 85.184 85.307 85.732 85.784 86.072 86.482 86.834 87.382 88.007 88.507 89.224 89.299 89.832 90.257 91.049 91.617 91.667 91.802 91.937 91.972 92.022 92.002 92.807 94.034 98.682 98.752 92.297 92.287 92.349 92.384 92.484 92.572 92.637 92.672 92.667 92.667 92.709 92.699 92.667 92.684 92.674 92.649 92.629 92.582 92.589 92.574 92.674 92.657 92.639 92.627 92.652 92.612 92.597 92.624 92.627 92.622 92.544 92.512 92.484 92.469 92.464
84.992 84.444 84.562 84.624 84.684 84.672 84.727 84.759 84.754 84.899 84.802 84.897 85.119 85.394 85.652 85.904 86.242 86.589 86.969 87.564 87.742 88.134 88.552 88.919 89.519 90.444 91.249 91.684 91.717 91.824 91.869 91.912 91.922 91.972 91.947 91.872 91.952 92.052 92.122 92.179 92.297 92.387 92.437 92.472 92.534 92.559 92.559 92.569 92.572 92.537 92.579 92.602 92.539 92.454 92.434 92.472 92.509 92.547 92.544 92.529 92.514 92.549 92.562 92.534 92.549 92.574 92.542 92.464 92.444 92.432 92.449 93.072
85.029 86.047 83.989 83.654 84.272 84.582 84.674 84.772 84.492 84.447 84.514 84.722 85.044 85.477 85.802 85.959 86.302 86.662 87.004 87.262 87.527 87.732 88.069 88.334 88.924 89.534 90.237 91.279 92.244 91.769 91.879 91.799 91.904 91.932 91.904 91.854 91.829 91.887 91.937 92.029 92.152 92.242 92.302 92.332 92.364 92.427 92.417 92.407 92.457 92.459 92.469 92.449 92.409 92.352 92.339 92.382 92.434 92.399 92.407 92.379 92.449 92.492 92.459 92.462 92.459 92.482 92.417 92.387 92.377 92.369 93.002 93.482
85.107 85.677 85.802 82.987 83.422 84.419 84.654 84.729 84.257 84.162 84.217 84.612 84.954 85.319 85.619 85.962 86.329 86.712 87.037 87.344 87.647 87.972 88.179 88.394 88.734 89.159 90.077 90.629 91.387 91.674 91.712 91.759 91.804 91.917 91.912 91.864 91.827 91.717 91.824 91.904 92.037 92.094 92.159 92.174 92.234 92.262 92.269 92.257 92.304 92.344 92.312 92.299 92.292 92.319 92.319 92.307 92.324 92.314 92.309 92.292 92.334 92.372 92.387 92.384 92.364 92.347 92.342 92.342 92.339 93.014 94.442 93.392
85.392 85.002 85.927 88.254 83.874 84.619 84.364 84.219 84.069 83.864 83.914 84.419 84.862 85.367 85.584 85.817 86.064 86.392 86.767 87.154 87.572 87.947 88.339 88.622 88.947 89.304 90.212 90.697 91.399 91.802 91.597 91.654 91.672 91.772 91.889 91.842 91.767 91.719 91.702 91.812 91.877 91.944 92.017 92.042 92.089 92.092 92.124 92.119 92.169 92.197 92.167 92.162 92.159 92.194 92.214 92.237 92.224 92.219 92.219 92.202 92.244 92.272 92.324 92.302 92.267 92.247 92.264 92.294 92.339 93.322 94.472 92.512
87.529 84.894 85.389 84.672 84.247 84.442 84.234 84.059 83.917 83.737 83.587 83.799 86.034 86.397 85.314 85.647 85.804 86.077 86.357 86.834 87.172 87.574 88.047 88.429 88.824 89.229 92.929 91.712 93.084 91.282 93.394 93.762 91.764 91.624 91.704 91.774 91.719 91.677 91.612 91.657 91.727 91.794 91.849 91.894 91.899 91.952 91.982 92.017 92.044 91.997 91.992 92.044 92.077 92.112 92.149 92.174 92.139 92.097 92.144 92.102 92.112 92.169 92.224 92.194 92.169 92.177 92.197 92.562 92.532 93.239 93.114 92.092
85.589 85.984 90.279 86.587 83.784 84.362 84.187 83.969 83.917 83.744 83.434 83.407 84.967 85.687 84.882 85.172 85.519 86.154 86.139 89.314 88.839 87.179 87.597 88.157 88.592 88.997 89.394 93.322 91.352 91.504 95.889 96.117 92.552 91.539 91.557 91.689 91.754 91.579 91.527 91.522 91.569 91.614 91.664 91.722 91.757 91.792 91.817 91.887 91.894 91.857 91.849 91.924 91.987 92.012 92.012 92.017 92.052 92.032 92.022 92.039 92.042 92.039 92.127 92.084 92.089 92.117 92.152 92.189 92.304 92.212 92.067 92.024
86.794 88.507 84.709 85.407 82.349 83.732 84.092 83.984 83.924 83.662 83.344 83.194 86.434 88.039 85.437 84.977 85.134 85.737 90.209 93.477 93.052 88.889 87.384 87.784 88.262 88.712 89.129 89.759 89.707 90.629 94.079 94.974 92.249 91.502 91.502 91.557 91.584 91.509 91.467 91.449 91.424 91.452 91.472 91.534 91.587 91.647 91.692 91.732 91.709 91.694 91.754 91.802 91.842 91.872 91.907 91.907 91.942 91.909 91.924 91.997 91.959 91.954 92.002 92.029 92.019 92.244 92.889 92.957 92.052 91.982 91.969 92.124
85.984 85.824 85.132 83.187 81.789 82.179 83.412 83.909 83.759 83.497 83.292 83.014 83.662 86.039 84.397 84.544 85.654 85.142 90.892 92.692 93.339 91.149 87.104 87.577 87.927 88.439 88.842 89.244 89.514 89.649 89.874 90.684 91.464 91.449 91.422 91.427 91.527 91.404 91.347 91.367 91.304 93.897 95.637 96.177 96.524 94.702 91.517 91.537 91.512 91.584 91.622 91.654 91.699 91.764 91.797 91.827 91.777 91.799 91.897 91.907 91.897 91.877 91.874 91.969 92.057 93.529 94.142 92.859 91.897 91.842 91.892 91.967
86.129 85.894 85.289 83.847 82.384 81.374 81.534 82.719 83.974 83.432 83.207 82.992 84.922 82.842 83.127 84.904 85.349 85.054 86.019 87.859 89.872 90.614 91.597 88.384 89.069 88.849 88.544 88.897 89.249 89.479 89.672 90.042 90.957 91.417 91.334 91.352 91.354 91.412 91.262 91.234 92.409 97.139 102.264 106.079 101.977 99.069 92.087 91.357 91.384 91.444 91.509 91.502 91.529 91.624 91.639 91.649 91.682 91.747 91.774 91.799 91.827 91.792 91.857 91.824 92.422 93.929 93.649 91.844 91.817 91.822 91.804 91.737
86.239 86.034 85.632 84.674 83.087 81.992 81.834 81.577 82.504 84.039 84.652 85.017 84.712 82.594 82.727 83.879 85.342 88.392 86.612 84.954 85.677 88.379 88.149 89.729 90.037 87.662 88.059 88.487 88.877 89.144 89.452 89.587 90.242 91.327 91.154 91.207 91.257 91.294 91.254 91.132 95.239 101.127 107.817 108.867 106.642 100.552 92.877 91.167 91.237 91.294 91.359 91.387 91.429 91.479 91.469 91.449 91.619 91.629 91.657 91.689 91.742 91.717 91.879 92.034 91.829 92.247 91.932 91.732 91.792 91.797 91.689 91.644
86.329 86.084 85.727 85.474 84.457 83.147 83.097 82.599 82.767 84.984 85.394 85.464 83.602 82.489 82.897 83.842 87.937 91.954 87.594 87.507 85.062 85.507 86.597 87.084 86.999 87.139 87.627 88.119 88.507 88.797 89.082 89.332 89.729 90.922 91.127 91.122 91.152 91.154 91.132 91.012 94.869 102.377 107.444 109.157 109.252 104.282 95.994 90.987 91.074 91.137 91.199 91.259 91.309 91.277 91.299 91.417 91.484 91.512 91.559 91.587 91.614 91.627 92.869 94.199 92.754 91.654 91.792 91.732 91.732 91.672 91.617 91.622
88.209 86.319 85.822 85.599 85.194 84.684 84.347 83.717 84.059 86.017 84.549 82.264 82.582 82.499 82.357 82.834 86.474 85.302 90.587 89.827 85.107 84.334 85.004 85.537 87.697 88.939 87.142 87.559 88.017 88.419 88.774 89.022 89.302 90.044 90.809 91.054 90.999 91.014 91.032 91.009 91.869 97.119 102.992 108.332 109.194 104.354 94.892 90.814 90.897 90.992 91.044 91.094 91.149 91.124 91.264 91.322 91.369 91.412 91.459 91.504 91.519 91.714 93.484 94.029 92.879 91.622 91.614 91.657 91.702 91.579 91.562 91.609
88.557 87.307 86.027 85.829 85.757 86.289 84.769 84.242 84.039 84.537 82.237 80.932 81.859 82.639 82.379 82.244 83.119 86.329 90.632 89.929 83.774 83.744 84.307 84.904 86.152 86.672 86.537 87.014 87.597 88.022 88.602 88.722 88.999 89.429 90.329 90.797 91.042 90.877 90.872 90.887 90.882 92.989 95.042 101.754 101.637 98.519 94.059 91.204 90.752 90.839 90.877 90.939 90.922 91.032 91.162 91.184 91.249 91.272 91.302 91.352 92.244 93.132 93.409 92.972 91.679 91.642 91.614 91.564 91.562 91.592 91.592 91.532
87.152 86.609 86.297 86.002 85.959 87.184 85.559 85.099 84.474 83.797 82.859 82.122 80.879 81.759 82.372 82.307 82.092 81.967 83.702 82.489 82.967 83.302 83.629 84.114 84.642 85.229 85.892 86.382 86.979 87.454 88.117 88.274 88.637 88.969 89.584 90.654 90.717 90.729 90.734 90.729 90.849 90.684 90.562 91.272 90.504 94.524 97.499 93.332 90.564 90.652 90.722 90.739 90.777 90.912 91.012 91.069 91.112 91.157 91.174 91.522 94.267 95.662 94.012 91.814 91.542 91.632 91.662 91.557 91.484 91.522 91.529 91.502
