data/LIDAR-DSM-2M-NZ24se/nz2642_DSM_2M.asc
ncols 500
nrows 500
xllcorner    426000
yllcorner    542000
cellsize     2
NODATA_value -9999
[rows 93 to 123 of 500, columns 0 to 69 of 500]
104.24 104.23 104.243 104.315 106.913 111.688 115.43 116.495 116.64 116.585 116.503 111.488 105.833 104.28 104.268 104.245 104.49 104.243 104.343 104.29 104.288 104.255 104.225 104.175 104.118 104.09 104.08 104.08 104.113 104.153 104.175 104.143 104.113 104.118 104.028 104.06 104.095 104.153 104.165 104.27 104.27 104.343 104.355 104.358 104.395 104.453 104.465 104.485 104.38 104.338 104.333 104.33 104.308 104.308 104.273 104.265 104.233 104.228 104.213 104.21 104.19 104.195 104.173 104.155 104.133 104.095 103.905 103.58 103.21 102.77
104.23 104.23 104.245 104.315 107.068 108.565 109.618 113.385 116.913 116.568 116.513 114.733 108.04 104.288 104.303 104.248 104.365 104.133 104.118 104.225 104.27 104.268 104.27 104.255 104.24 104.238 104.18 104.108 104.1 104.09 104.095 104.06 104.063 104.023 104.06 104.078 104.178 104.228 104.31 104.305 104.313 104.358 104.368 104.398 104.425 104.455 104.505 104.515 104.393 104.35 104.318 104.345 104.305 104.295 104.273 104.263 104.24 104.243 104.223 104.208 104.193 104.173 104.183 104.165 104.13 104.11 103.915 103.608 103.275 102.878
104.233 104.22 104.218 104.253 107.925 108.995 108.918 110.26 110.493 114.478 116.59 114.548 112.06 106.655 104.705 104.3 104.413 104.218 104.13 104.128 104.168 104.243 104.275 104.295 104.293 104.268 104.215 104.135 104.063 103.998 103.99 103.955 104.003 104.038 104.093 104.205 104.278 104.353 104.4 104.428 104.425 104.445 104.438 104.45 104.48 104.478 104.475 104.47 104.375 104.343 104.315 104.32 104.29 104.268 104.265 104.255 104.223 104.223 104.218 104.19 104.173 104.173 104.178 104.16 104.15 104.13 103.973 103.67 103.383 102.99
104.215 104.228 104.215 104.333 106.128 108.265 108.94 109.87 110.458 110.08 113.873 111.965 108.74 106.328 104.248 104.19 104.253 104.245 104.24 104.155 104.085 104.148 104.213 104.255 104.225 104.14 104.063 103.985 103.983 103.923 103.938 103.975 104.045 104.165 104.24 104.263 104.318 104.383 104.445 104.48 104.463 104.47 104.48 104.505 104.515 104.508 104.508 104.463 104.34 104.345 104.383 104.343 104.323 104.283 104.275 104.295 104.26 104.24 104.225 104.205 104.15 104.183 104.155 104.148 104.125 104.12 104.043 103.915 103.58 103.14
104.223 104.23 104.233 104.338 107.23 108.963 108.903 110.433 110.24 110.413 110.428 109.18 109.193 108.155 104.248 104.208 104.198 104.268 104.26 104.215 104.133 104.055 104.078 104.095 104.058 103.968 103.883 103.903 103.92 103.908 104.033 104.068 104.178 104.258 104.24 104.303 104.37 104.415 104.455 104.458 104.468 104.51 104.523 104.525 104.515 104.465 104.455 104.393 104.31 104.288 104.29 104.288 104.288 104.265 104.255 104.253 104.22 104.233 104.235 104.175 104.185 104.193 104.185 104.17 104.148 104.138 104.068 103.985 103.823 103.345
104.218 104.22 104.248 104.255 106.958 108.418 108.915 110.695 111.155 110.195 109.548 109.58 110.08 106.848 104.263 104.195 104.17 104.23 104.265 104.215 104.153 104.085 103.988 103.993 103.96 103.9 103.903 103.938 103.98 104.04 104.12 104.143 104.223 104.298 104.345 104.4 104.46 104.493 104.51 104.51 104.49 104.523 104.503 104.5 104.448 104.405 104.403 104.368 104.335 104.323 104.305 104.323 104.323 104.33 104.303 104.325 104.315 104.31 104.288 104.26 104.273 104.29 104.29 104.263 104.235 104.203 104.128 104.008 103.913 103.63
104.2 104.225 104.25 104.26 107.358 108.983 108.915 110.185 111.338 109.65 108.95 109.173 109.718 106.5 104.298 104.215 104.125 104.163 104.213 104.163 104.113 104.03 103.91 103.92 103.92 103.9 103.975 104.043 104.07 104.165 104.193 104.205 104.26 104.328 104.395 104.448 104.485 104.533 104.525 104.518 104.525 104.533 104.508 104.478 104.453 104.453 104.428 104.408 104.393 104.395 104.378 104.39 104.4 104.385 104.38 104.385 104.388 104.353 104.34 104.315 104.325 104.33 104.31 104.305 104.273 104.225 104.173 104.058 103.885 103.808
104.135 104.235 104.26 104.27 105.402 108.675 108.932 110.387 110.96 109.995 109.717 109.1 109.765 108.835 104.347 104.255 104.125 104.087 104.105 104.027 103.985 103.952 103.932 103.952 103.993 104.022 104.1 104.157 104.175 104.21 104.265 104.295 104.327 104.355 104.417 104.442 104.497 104.56 104.577 104.57 104.557 104.55 104.527 104.515 104.505 104.49 104.482 104.465 104.438 104.445 104.438 104.43 104.415 104.405 104.4 104.38 104.385 104.358 104.323 104.33 104.328 104.335 104.325 104.318 104.293 104.253 104.213 104.153 103.955 103.84
104.17 104.18 104.268 104.257 105.98 108.997 108.93 109.63 109.072 109.02 109.61 109.382 108.987 108.352 104.237 104.22 104.135 104.042 104.032 103.98 103.96 103.972 104 104.06 104.117 104.19 104.177 104.227 104.275 104.307 104.36 104.362 104.392 104.415 104.425 104.47 104.52 104.572 104.592 104.595 104.57 104.562 104.545 104.525 104.51 104.497 104.49 104.472 104.47 104.452 104.433 104.448 104.423 104.415 104.398 104.405 104.398 104.373 104.355 104.373 104.373 104.355 104.34 104.35 104.328 104.295 104.265 104.23 104.073 103.87
104.255 104.21 104.215 104.2 106.062 104.967 104.762 106.355 107.895 107.017 106.13 105.817 107.125 105.617 104.19 104.14 104.057 104.01 104.012 104.017 104.04 104.077 104.137 104.185 104.215 104.22 104.232 104.292 104.372 104.417 104.442 104.44 104.442 104.475 104.51 104.532 104.562 104.605 104.595 104.597 104.6 104.577 104.56 104.545 104.54 104.52 104.537 104.512 104.503 104.49 104.488 104.483 104.47 104.463 104.45 104.44 104.435 104.41 104.415 104.403 104.385 104.368 104.373 104.363 104.375 104.343 104.293 104.263 104.12 103.918
104.297 104.245 104.225 104.18 104.21 104.257 104.25 104.195 104.152 104.225 104.155 104.175 104.09 104.117 104.067 104.035 104.025 104.045 104.067 104.08 104.15 104.2 104.24 104.26 104.287 104.285 104.307 104.4 104.457 104.497 104.48 104.47 104.495 104.54 104.58 104.595 104.612 104.627 104.622 104.61 104.63 104.612 104.59 104.577 104.58 104.557 104.555 104.545 104.53 104.53 104.515 104.503 104.5 104.505 104.485 104.473 104.44 104.43 104.415 104.425 104.398 104.39 104.363 104.38 104.388 104.348 104.325 104.298 104.123 103.91
104.352 104.322 104.275 104.28 104.298 104.325 104.302 104.21 104.173 104.165 104.105 104.135 104.085 104.467 104.283 104.05 104.097 104.102 104.167 104.235 104.268 104.28 104.307 104.337 104.357 104.382 104.423 104.46 104.495 104.525 104.512 104.537 104.545 104.595 104.64 104.667 104.667 104.675 104.66 104.64 104.655 104.627 104.615 104.6 104.587 104.57 104.56 104.557 104.545 104.535 104.52 104.523 104.52 104.505 104.513 104.51 104.46 104.455 104.443 104.413 104.385 104.375 104.395 104.41 104.418 104.4 104.365 104.278 104.15 103.92
104.37 104.382 104.347 104.332 104.362 104.397 104.41 104.32 104.247 104.217 104.182 104.16 104.127 104.16 104.13 104.132 104.182 104.272 104.28 104.3 104.325 104.352 104.405 104.432 104.435 104.46 104.495 104.52 104.522 104.552 104.582 104.602 104.612 104.627 104.677 104.695 104.712 104.692 104.673 104.655 104.642 104.625 104.622 104.612 104.605 104.592 104.602 104.605 104.592 104.575 104.558 104.553 104.538 104.54 104.533 104.51 104.485 104.478 104.463 104.438 104.39 104.388 104.413 104.433 104.418 104.39 104.345 104.293 104.16 103.908
104.477 104.43 104.41 104.4 104.42 104.512 104.465 104.427 104.58 104.325 104.395 104.31 104.375 104.257 104.25 104.265 104.287 104.335 104.332 104.347 104.372 104.432 104.482 104.515 104.52 104.527 104.537 104.55 104.567 104.557 104.58 104.592 104.622 104.658 104.702 104.745 104.732 104.72 104.665 104.66 104.65 104.652 104.64 104.622 104.637 104.615 104.625 104.602 104.602 104.607 104.585 104.57 104.57 104.553 104.528 104.518 104.515 104.51 104.478 104.448 104.41 104.398 104.418 104.433 104.418 104.393 104.378 104.31 104.16 103.915
104.507 104.447 104.472 104.432 104.457 104.495 104.47 104.457 104.427 104.355 104.32 104.342 104.355 104.332 104.392 104.317 104.335 104.36 104.387 104.425 104.465 104.512 104.535 104.565 104.572 104.562 104.567 104.567 104.572 104.595 104.61 104.632 104.647 104.692 104.72 104.725 104.73 104.737 104.707 104.692 104.68 104.655 104.655 104.643 104.637 104.635 104.62 104.635 104.625 104.612 104.598 104.595 104.58 104.57 104.535 104.52 104.533 104.518 104.49 104.45 104.44 104.433 104.443 104.43 104.448 104.415 104.353 104.293 104.21 103.96
104.465 104.447 104.438 104.408 104.405 104.455 104.517 104.475 104.427 104.362 104.332 104.3 104.357 104.4 104.38 104.397 104.387 104.425 104.445 104.487 104.522 104.545 104.56 104.587 104.577 104.595 104.577 104.6 104.605 104.612 104.625 104.645 104.665 104.692 104.72 104.712 104.725 104.75 104.735 104.725 104.697 104.685 104.677 104.67 104.657 104.658 104.657 104.645 104.647 104.632 104.618 104.62 104.593 104.58 104.568 104.55 104.553 104.515 104.51 104.503 104.465 104.47 104.448 104.448 104.445 104.438 104.375 104.283 104.208 103.973
104.447 104.38 104.377 104.382 104.382 104.415 104.54 104.507 104.435 104.382 104.302 104.305 104.385 104.455 104.427 104.432 104.457 104.48 104.522 104.542 104.55 104.545 104.582 104.592 104.605 104.605 104.6 104.6 104.607 104.625 104.642 104.662 104.675 104.69 104.707 104.707 104.73 104.747 104.732 104.747 104.73 104.722 104.692 104.688 104.69 104.67 104.655 104.662 104.643 104.64 104.615 104.613 104.608 104.585 104.585 104.573 104.553 104.545 104.525 104.513 104.475 104.47 104.47 104.473 104.475 104.445 104.41 104.328 104.17 103.993
104.377 104.332 104.337 104.362 104.37 104.38 104.452 104.52 104.457 104.412 104.325 104.35 104.467 104.465 104.46 104.44 104.475 104.512 104.533 104.557 104.55 104.58 104.595 104.61 104.597 104.607 104.612 104.602 104.61 104.615 104.662 104.673 104.665 104.697 104.72 104.73 104.742 104.737 104.742 104.765 104.76 104.74 104.717 104.705 104.695 104.682 104.662 104.658 104.65 104.632 104.625 104.628 104.623 104.593 104.608 104.588 104.565 104.56 104.545 104.543 104.505 104.473 104.475 104.468 104.463 104.475 104.475 104.39 104.255 104.035
104.317 104.283 104.252 104.267 104.305 104.342 104.4 104.485 104.51 104.44 104.372 104.395 104.47 104.462 104.482 104.482 104.51 104.542 104.567 104.58 104.592 104.6 104.597 104.615 104.61 104.625 104.62 104.617 104.645 104.652 104.675 104.673 104.677 104.692 104.717 104.725 104.727 104.735 104.76 104.757 104.752 104.745 104.735 104.71 104.69 104.688 104.677 104.658 104.655 104.647 104.633 104.635 104.623 104.593 104.618 104.59 104.558 104.568 104.56 104.558 104.533 104.5 104.48 104.475 104.488 104.51 104.508 104.465 104.385 104.105
104.272 104.243 104.192 104.235 104.272 104.3 104.34 104.445 104.545 104.447 104.385 104.382 104.485 104.47 104.507 104.51 104.532 104.57 104.585 104.615 104.612 104.615 104.635 104.625 104.627 104.62 104.632 104.667 104.66 104.67 104.697 104.702 104.707 104.737 104.755 104.752 104.757 104.765 104.76 104.77 104.775 104.755 104.73 104.717 104.732 104.702 104.695 104.67 104.662 104.655 104.638 104.643 104.633 104.618 104.62 104.618 104.603 104.593 104.588 104.583 104.558 104.54 104.525 104.518 104.505 104.538 104.533 104.528 104.465 104.178
104.22 104.173 104.188 104.247 104.255 104.352 104.327 104.423 104.457 104.44 104.365 104.375 104.492 104.485 104.532 104.542 104.54 104.577 104.592 104.595 104.62 104.62 104.637 104.64 104.632 104.632 104.652 104.673 104.675 104.682 104.715 104.74 104.742 104.765 104.762 104.772 104.782 104.76 104.777 104.79 104.767 104.765 104.747 104.715 104.72 104.717 104.705 104.685 104.677 104.66 104.66 104.66 104.668 104.65 104.635 104.643 104.635 104.62 104.61 104.598 104.588 104.57 104.538 104.54 104.528 104.553 104.568 104.578 104.508 104.215
104.155 104.122 104.132 104.2 104.245 104.302 104.305 104.372 104.5 104.427 104.445 104.48 104.52 104.51 104.55 104.557 104.565 104.592 104.6 104.622 104.595 104.62 104.643 104.647 104.652 104.655 104.652 104.655 104.675 104.7 104.725 104.742 104.757 104.782 104.777 104.79 104.795 104.785 104.787 104.802 104.785 104.77 104.77 104.755 104.74 104.74 104.732 104.712 104.69 104.662 104.69 104.685 104.668 104.685 104.66 104.668 104.66 104.633 104.628 104.61 104.6 104.563 104.555 104.573 104.573 104.575 104.578 104.585 104.545 104.303
104.152 104.07 104.1 104.18 104.21 104.24 104.262 104.357 104.542 104.435 104.362 104.4 104.535 104.532 104.555 104.59 104.58 104.615 104.625 104.627 104.622 104.645 104.652 104.66 104.67 104.665 104.66 104.662 104.697 104.702 104.722 104.76 104.765 104.787 104.797 104.792 104.822 104.81 104.832 104.82 104.807 104.785 104.762 104.757 104.753 104.745 104.725 104.735 104.712 104.697 104.685 104.69 104.693 104.685 104.688 104.673 104.663 104.638 104.61 104.593 104.595 104.58 104.563 104.56 104.595 104.598 104.615 104.608 104.565 104.363
104.16 104.065 104.087 104.122 104.14 104.21 104.287 104.3 104.395 104.425 104.355 104.392 104.532 104.547 104.57 104.577 104.592 104.59 104.617 104.615 104.622 104.652 104.682 104.685 104.688 104.702 104.712 104.715 104.73 104.757 104.76 104.777 104.77 104.807 104.817 104.822 104.855 104.882 104.857 104.842 104.83 104.792 104.777 104.752 104.768 104.757 104.755 104.74 104.727 104.712 104.713 104.723 104.713 104.703 104.693 104.678 104.65 104.643 104.63 104.62 104.603 104.585 104.568 104.583 104.59 104.598 104.618 104.613 104.59 104.435
104.15 104.045 104.075 104.097 104.145 104.182 104.21 104.262 104.365 104.405 104.345 104.362 104.533 104.55 104.567 104.6 104.6 104.597 104.632 104.637 104.647 104.68 104.68 104.697 104.712 104.727 104.747 104.73 104.762 104.767 104.777 104.787 104.792 104.83 104.852 104.84 104.895 104.905 104.887 104.855 104.852 104.827 104.802 104.785 104.78 104.782 104.785 104.752 104.732 104.747 104.743 104.738 104.73 104.69 104.67 104.678 104.678 104.668 104.638 104.633 104.62 104.605 104.595 104.608 104.61 104.62 104.618 104.63 104.63 104.485
104.137 104.033 104.06 104.152 104.13 104.215 104.235 104.282 104.402 104.425 104.342 104.33 104.552 104.572 104.607 104.617 104.622 104.62 104.647 104.677 104.66 104.677 104.69 104.705 104.712 104.74 104.76 104.76 104.78 104.78 104.792 104.795 104.8 104.845 104.842 104.857 104.895 104.91 104.902 104.877 104.852 104.85 104.827 104.81 104.795 104.81 104.805 104.777 104.77 104.76 104.753 104.763 104.738 104.693 104.688 104.698 104.69 104.673 104.668 104.653 104.633 104.63 104.625 104.653 104.643 104.628 104.633 104.628 104.613 104.545
104.202 104.055 104.045 104.1 104.147 104.242 104.252 104.302 104.347 104.412 104.375 104.325 104.495 104.595 104.617 104.647 104.635 104.65 104.67 104.682 104.68 104.69 104.715 104.725 104.737 104.745 104.747 104.785 104.802 104.807 104.815 104.835 104.825 104.85 104.877 104.88 104.897 104.923 104.907 104.885 104.885 104.85 104.84 104.82 104.787 104.802 104.785 104.78 104.79 104.775 104.78 104.78 104.75 104.73 104.713 104.718 104.703 104.7 104.68 104.655 104.653 104.63 104.645 104.655 104.655 104.635 104.643 104.64 104.605 104.54
104.18 104.06 104.055 104.12 104.137 104.207 104.277 104.322 104.39 104.435 104.37 104.317 104.512 104.61 104.63 104.635 104.662 104.665 104.702 104.697 104.712 104.72 104.737 104.747 104.757 104.768 104.777 104.792 104.81 104.837 104.845 104.852 104.852 104.87 104.892 104.907 104.917 104.947 104.92 104.885 104.88 104.867 104.855 104.84 104.82 104.82 104.82 104.797 104.812 104.802 104.798 104.785 104.75 104.73 104.728 104.723 104.723 104.688 104.663 104.658 104.653 104.663 104.665 104.665 104.67 104.663 104.635 104.655 104.653 104.628
104.18 104.062 104.115 104.147 104.192 104.195 104.29 104.377 104.457 104.457 104.39 104.32 104.515 104.627 104.645 104.645 104.695 104.7 104.695 104.712 104.712 104.71 104.735 104.755 104.77 104.79 104.787 104.812 104.81 104.837 104.845 104.867 104.867 104.877 104.88 104.905 104.92 104.96 104.942 104.922 104.915 104.902 104.865 104.88 104.852 104.852 104.855 104.845 104.815 104.815 104.798 104.8 104.775 104.75 104.765 104.763 104.76 104.718 104.715 104.695 104.703 104.688 104.685 104.695 104.678 104.678 104.665 104.673 104.678 104.643
104.142 104.14 104.125 104.125 104.167 104.245 104.312 104.367 104.408 104.47 104.408 104.345 104.517 104.632 104.63 104.662 104.695 104.712 104.7 104.697 104.712 104.722 104.762 104.77 104.777 104.782 104.805 104.82 104.822 104.825 104.842 104.867 104.88 104.88 104.905 104.917 104.945 104.995 104.972 104.955 104.947 104.93 104.91 104.9 104.9 104.887 104.882 104.867 104.842 104.81 104.823 104.833 104.8 104.78 104.793 104.77 104.755 104.74 104.75 104.715 104.718 104.713 104.71 104.703 104.69 104.688 104.71 104.695 104.678 104.663
104.26 104.152 104.11 104.122 104.2 104.265 104.307 104.38 104.457 104.555 104.397 104.335 104.527 104.635 104.643 104.652 104.695 104.707 104.702 104.715 104.73 104.722 104.737 104.77 104.79 104.802 104.83 104.845 104.855 104.875 104.885 104.907 104.92 104.917 104.932 104.938 104.95 105.002 104.985 104.952 104.96 104.945 104.932 104.935 104.932 104.92 104.88 104.872 104.86 104.852 104.843 104.838 104.848 104.825 104.8 104.783 104.785 104.785 104.778 104.775 104.75 104.75 104.72 104.74 104.715 104.693 104.718 104.718 104.698 104.665
