data/LIDAR-DSM-2M-NZ24se/nz2640_DSM_2M.asc
ncols 500
nrows 500
xllcorner    426000
yllcorner    540000
cellsize     2
NODATA_value -9999
[rows 96 to 127 of 500, columns 144 to 215 of 500]
99.072 99.072 99.075 99.122 99.107 99.105 99.13 99.112 99.132 99.157 99.192 99.197 99.185 99.282 99.35 99.875 99.88 99.757 99.717 99.807 99.82 99.837 99.835 99.81 99.845 99.897 99.847 100.297 99.815 99.457 99.452 99.43 99.407 99.407 99.39 99.367 99.357 99.352 99.34 99.255 99.162 99.135 99.112 99.065 99.017 98.982 98.942 98.897 98.867 98.835 98.777 98.74 98.725 98.672 98.637 98.572 98.537 98.525 98.54 98.542 98.515 98.492 98.437 98.392 98.352 98.28 98.247 98.197 98.165 98.145 98.085 98.075
99.067 99.08 99.08 99.107 99.11 99.095 99.127 99.132 99.107 99.132 99.162 99.182 99.167 99.28 99.342 99.997 99.885 99.717 99.715 99.76 99.777 99.865 99.842 99.785 99.83 99.895 99.832 100.147 99.977 99.422 99.437 99.4 99.377 99.357 99.355 99.367 99.352 99.347 99.305 99.175 99.082 99.045 98.985 98.957 98.91 98.88 98.822 98.795 98.79 98.77 98.765 98.722 98.675 98.612 98.537 98.48 98.462 98.44 98.427 98.392 98.357 98.332 98.302 98.262 98.237 98.192 98.167 98.16 98.145 98.135 98.077 98.04
99.032 99.062 99.07 99.097 99.077 99.082 99.122 99.11 99.092 99.117 99.147 99.145 99.177 99.272 99.39 100.007 99.907 99.695 99.68 99.755 99.812 99.857 99.85 99.817 99.897 99.88 99.842 99.892 100.595 99.377 99.377 99.342 99.352 99.34 99.362 99.385 99.352 99.332 99.282 99.145 99.06 99.015 98.972 98.93 98.87 98.8 98.732 98.675 98.657 98.637 98.597 98.57 98.532 98.472 98.47 98.467 98.462 98.45 98.402 98.377 98.345 98.335 98.282 98.227 98.142 98.08 98.06 98.027 97.995 97.965 97.942 97.91
99.03 99.045 99.032 99.08 99.067 99.05 99.1 99.092 99.105 99.11 99.132 99.127 99.16 99.257 99.835 99.91 99.887 99.712 99.695 99.76 99.82 99.822 99.832 99.8 99.812 99.887 99.807 99.9 101.042 99.382 99.352 99.347 99.355 99.37 99.405 99.402 99.377 99.352 99.292 98.992 98.935 98.867 98.845 98.807 98.73 98.707 98.665 98.665 98.63 98.61 98.577 98.552 98.52 98.48 98.442 98.4 98.362 98.305 98.272 98.26 98.22 98.18 98.117 98.097 98.065 98.072 98.06 98.015 98.012 98.007 97.982 97.932
99.032 99.02 99.022 99.072 99.035 99.05 99.075 99.052 99.072 99.075 99.082 99.14 99.19 99.282 99.372 100.117 99.875 99.72 99.675 99.72 99.76 99.81 99.83 99.807 99.807 99.88 99.81 100.682 101.237 99.415 99.375 99.345 99.375 99.4 99.4 99.4 99.367 99.365 99.247 98.967 98.96 98.92 98.83 98.755 98.735 98.642 98.587 98.522 98.465 98.43 98.407 98.41 98.415 98.407 98.382 98.35 98.327 98.31 98.325 98.267 98.197 98.13 98.082 98.037 97.99 97.982 97.967 97.945 97.937 97.92 97.9 97.895
99.007 99 99.04 99.035 99.022 99.01 99.032 99.025 99.047 99.062 99.092 99.162 99.247 99.335 99.36 100.005 99.807 99.66 99.68 99.725 99.742 99.762 99.835 99.777 99.825 99.872 99.817 99.85 101.37 99.462 99.415 99.39 99.415 99.415 99.42 99.4 99.385 99.407 99.295 99.005 98.942 98.862 98.805 98.757 98.67 98.61 98.562 98.535 98.487 98.495 98.482 98.47 98.38 98.315 98.282 98.255 98.232 98.195 98.137 98.085 98.042 98.025 98.007 97.962 97.955 97.952 97.977 97.985 97.967 97.952 97.957 97.925
98.98 98.977 98.982 99.002 98.99 98.99 99.007 98.99 99.025 99.085 99.142 99.192 99.282 99.332 99.35 100.01 99.835 99.667 99.655 99.752 99.797 99.782 99.81 99.767 99.78 99.857 99.815 99.835 100.072 99.455 99.435 99.397 99.38 99.395 99.41 99.41 99.38 99.38 99.23 98.962 98.925 98.865 98.792 98.725 98.66 98.557 98.515 98.48 98.44 98.435 98.402 98.372 98.34 98.325 98.317 98.312 98.25 98.212 98.172 98.092 98.06 98.017 97.95 97.875 97.86 97.852 97.847 97.83 97.86 97.905 97.882 97.885
98.962 98.96 98.955 98.972 98.987 98.972 98.972 98.977 99.042 99.14 99.225 99.175 99.227 99.292 99.352 99.847 99.85 99.685 99.662 99.745 99.79 99.8 99.8 99.765 99.777 99.835 99.792 99.755 99.67 99.435 99.47 99.412 99.4 99.412 99.41 99.392 99.37 99.382 99.185 98.967 98.89 98.807 98.705 98.597 98.537 98.48 98.44 98.397 98.385 98.365 98.335 98.337 98.292 98.31 98.262 98.22 98.165 98.135 98.097 98.057 97.965 97.92 97.91 97.872 97.862 97.877 97.932 97.945 97.942 97.92 97.9 97.86
98.947 98.95 98.935 98.94 98.945 98.937 98.987 99.042 99.095 99.09 99.175 99.177 99.185 99.282 99.37 99.84 99.815 99.667 99.622 99.715 99.757 99.81 99.8 99.755 99.737 99.85 99.767 99.717 100.115 99.477 99.427 99.39 99.39 99.4 99.39 99.387 99.372 99.377 99.14 98.937 98.875 98.792 98.717 98.625 98.595 98.502 98.44 98.37 98.31 98.295 98.255 98.257 98.185 98.137 98.12 98.092 98.085 98.07 98.05 98.015 97.975 97.922 97.875 97.822 97.83 97.837 97.837 97.842 97.88 97.885 97.88 97.857
98.932 98.937 98.922 98.942 98.982 98.975 99.01 99.05 99.105 99.12 99.127 99.157 99.215 99.295 99.365 100.052 99.772 99.642 99.627 99.67 99.737 99.807 99.75 99.732 99.702 99.822 99.742 99.875 100.342 99.47 99.425 99.392 99.35 99.375 99.397 99.392 99.367 99.327 99.07 98.865 98.767 98.712 98.62 98.54 98.47 98.377 98.335 98.317 98.31 98.262 98.24 98.227 98.167 98.15 98.122 98.1 98.055 97.99 97.94 97.9 97.892 97.937 97.93 97.905 97.87 97.825 97.807 97.802 97.862 97.88 97.847 97.787
98.92 98.92 98.935 98.965 99 99.005 99.02 99.072 99.12 99.137 99.15 99.175 99.205 99.292 99.397 99.932 99.86 99.62 99.627 99.65 99.725 99.805 99.752 99.705 99.635 99.857 99.785 100.625 101.17 99.465 99.432 99.407 99.35 99.362 99.38 99.355 99.33 99.277 98.95 98.802 98.75 98.697 98.59 98.527 98.447 98.392 98.367 98.302 98.262 98.222 98.2 98.125 98.105 98.06 98.022 97.997 97.99 97.972 97.972 97.965 97.98 98.065 98.06 98.04 97.952 97.802 97.772 97.767 97.742 97.71 97.692 97.692
98.89 98.915 98.962 99.032 99.012 99.002 99.022 99.057 99.117 99.137 99.167 99.177 99.195 99.297 99.395 99.85 99.84 99.602 99.57 99.675 99.707 99.735 99.772 99.72 99.662 99.792 99.792 99.74 99.635 99.455 99.407 99.39 99.357 99.337 99.312 99.312 99.335 99.28 98.965 98.84 98.755 98.65 98.517 98.442 98.39 98.3 98.277 98.222 98.22 98.195 98.177 98.14 98.112 98.06 98.027 98.025 97.997 97.965 97.93 97.927 97.987 98.085 98.067 98.03 97.95 97.795 97.745 97.74 97.757 97.755 97.75 97.705
98.9 98.94 99.002 99.035 99.005 99.002 99.032 99.052 99.122 99.145 99.155 99.18 99.195 99.312 99.395 99.837 99.802 99.585 99.61 99.68 99.677 99.685 99.74 99.672 99.627 99.745 99.747 99.71 99.505 99.465 99.42 99.4 99.345 99.315 99.302 99.305 99.315 99.262 98.91 98.817 98.772 98.69 98.612 98.537 98.457 98.382 98.315 98.27 98.242 98.202 98.132 98.075 98.007 98.007 97.992 97.97 97.967 97.96 97.965 97.945 97.992 98.062 98.052 98.002 97.882 97.752 97.73 97.715 97.705 97.68 97.667 97.635
98.937 98.95 98.992 99.015 99.032 99.007 99.05 99.062 99.087 99.13 99.142 99.202 99.212 99.28 99.38 99.887 99.712 99.577 99.582 99.652 99.652 99.71 99.672 99.655 99.67 99.737 99.715 99.745 99.54 99.442 99.405 99.375 99.345 99.315 99.307 99.267 99.297 99.187 98.877 98.79 98.742 98.67 98.572 98.482 98.41 98.352 98.335 98.305 98.247 98.227 98.2 98.177 98.13 98.107 98.072 98.042 98.037 98.015 97.95 97.915 97.872 97.865 97.842 97.8 97.745 97.717 97.7 97.687 97.707 97.695 97.672 97.66
98.925 98.952 98.972 99.017 99.01 99.022 99.055 99.07 99.11 99.11 99.157 99.2 99.207 99.287 99.367 99.89 99.725 99.56 99.54 99.662 99.667 99.682 99.652 99.6 99.622 99.75 99.705 99.89 99.61 99.435 99.41 99.387 99.357 99.37 99.332 99.277 99.272 99.057 98.765 98.712 98.657 98.592 98.51 98.437 98.397 98.387 98.352 98.297 98.27 98.245 98.227 98.18 98.15 98.115 98.09 98.075 98.055 98.062 98.06 98.01 97.947 97.897 97.847 97.79 97.722 97.707 97.687 97.66 97.63 97.607 97.61 97.59
98.925 98.932 98.95 99.022 99.03 99.027 99.055 99.06 99.09 99.13 99.16 99.207 99.227 99.305 99.38 100.227 99.767 99.525 99.552 99.65 99.645 99.667 99.67 99.602 99.6 99.732 99.672 100.372 100.287 99.282 99.237 99.217 99.175 99.157 99.295 99.037 99.08 98.957 98.832 98.787 98.715 98.69 98.637 98.575 98.485 98.402 98.262 98.207 98.177 98.19 98.157 98.152 98.155 98.137 98.127 98.13 98.09 98.07 98.05 97.982 97.942 97.882 97.857 97.815 97.772 97.745 97.745 97.725 97.715 97.662 97.642 97.652
98.937 98.94 98.94 98.992 99.022 99.042 99.05 99.062 99.08 99.11 99.155 99.232 99.245 99.295 99.385 99.997 99.732 99.53 99.525 99.577 99.622 99.63 99.66 99.622 99.607 99.705 99.685 100.515 100.455 99.365 99.277 99.167 99.085 99.032 99.035 98.782 98.702 98.65 98.567 98.547 98.595 98.555 98.477 98.49 98.452 98.375 98.31 98.312 98.292 98.255 98.207 98.162 98.142 98.087 98.062 98.04 98.042 98.032 98.01 97.977 97.942 97.92 97.872 97.835 97.81 97.78 97.722 97.695 97.675 97.65 97.652 97.605
98.895 98.937 98.92 98.985 99.045 99.025 99.017 99.06 99.085 99.12 99.155 99.202 99.287 99.327 99.412 99.77 99.687 99.51 99.505 99.6 99.62 99.667 99.65 99.59 99.587 99.675 99.702 99.987 100.845 99.412 99.527 99.127 99.045 99.03 98.972 98.747 98.602 98.565 98.52 98.52 98.455 98.432 98.447 98.417 98.425 98.427 98.4 98.317 98.29 98.285 98.267 98.26 98.247 98.177 98.15 98.092 98.08 98.035 97.987 97.965 97.912 97.857 97.817 97.775 97.725 97.672 97.642 97.655 97.645 97.64 97.62 97.605
98.867 98.895 98.927 98.99 99.037 98.982 98.995 99.042 99.067 99.125 99.175 99.23 99.257 99.317 99.397 99.715 99.705 99.5 99.52 99.612 99.592 99.66 99.615 99.575 99.552 99.627 99.682 100.032 99.93 99.637 100.027 99.497 99.33 99.187 98.995 98.832 98.775 98.525 98.387 98.327 98.275 98.277 98.347 98.365 98.462 98.412 98.372 98.337 98.345 98.34 98.28 98.29 98.26 98.22 98.175 98.117 98.067 98.062 98.035 98.007 97.952 97.922 97.897 97.827 97.777 97.745 97.71 97.677 97.607 97.525 97.507 97.455
98.875 98.897 98.902 98.947 98.98 98.965 98.967 99.02 99.057 99.13 99.18 99.227 99.25 99.302 99.402 99.71 99.655 99.497 99.47 99.587 99.545 99.667 99.615 99.6 99.52 99.617 99.667 99.637 99.52 99.477 99.435 99.407 99.347 99.202 99.042 98.787 99.035 98.87 98.935 99.07 98.912 98.857 98.882 98.465 98.267 98.757 98.927 98.307 98.212 98.045 98.125 98.207 98.222 98.18 98.137 98.165 98.16 98.125 98.09 98.045 97.992 97.942 97.89 97.827 97.775 97.727 97.705 97.632 97.61 97.552 97.525 97.485
98.837 98.875 98.9 98.92 98.98 98.987 98.98 99.005 99.087 99.122 99.18 99.212 99.237 99.282 99.382 99.702 99.64 99.49 99.467 99.547 99.582 99.607 99.632 99.59 99.52 99.567 99.642 99.57 99.44 99.387 99.377 99.37 99.34 99.357 99.042 98.97 98.83 98.68 98.652 98.53 98.492 98.572 98.472 98.56 99.452 99.7 99.232 98.982 99.035 98.91 98.67 98.567 98.435 98.377 98.14 97.945 97.88 97.957 97.875 97.81 97.8 97.74 97.78 97.817 97.847 97.825 97.78 97.7 97.607 97.497 97.457 97.44
98.845 98.877 98.89 98.925 98.965 98.982 98.995 99.035 99.065 99.14 99.165 99.215 99.225 99.295 99.385 99.82 99.627 99.472 99.445 99.482 99.57 99.592 99.587 99.532 99.46 99.517 99.595 99.54 99.46 99.375 99.312 99.27 99.252 99.187 99.022 99.027 98.805 98.837 98.8 98.615 98.562 98.49 98.372 98.397 99.56 98.397 98.455 98.477 98.375 98.367 98.345 98.42 99.345 98.412 98.287 98.345 98.45 98.362 98.835 98.775 98.165 98.102 98 97.737 97.655 97.52 97.462 97.385 97.452 97.405 97.42 97.407
98.827 98.85 98.857 98.917 98.962 98.942 98.977 99.022 99.067 99.112 99.172 99.232 99.252 99.315 99.392 100.07 99.627 99.46 99.457 99.47 99.53 99.577 99.55 99.555 99.475 99.512 99.565 99.557 99.44 99.375 99.292 99.215 99.135 98.997 98.91 98.802 98.702 98.73 98.682 98.645 98.545 98.495 98.43 98.447 98.495 98.482 98.447 98.385 98.35 98.412 98.32 98.23 98.45 98.285 98.122 98.235 98.107 97.947 98.457 98.342 98.08 98.085 98.777 98.835 98.14 98.135 98.375 98.145 97.787 97.39 97.332 97.27
98.805 98.845 98.822 98.895 98.945 98.937 98.972 99.037 99.065 99.102 99.16 99.192 99.247 99.305 99.407 99.722 99.59 99.43 99.407 99.457 99.51 99.57 99.585 99.532 99.497 99.455 99.557 99.54 99.472 99.352 99.297 99.202 99.14 99.025 98.97 98.787 98.69 98.612 98.572 98.495 98.54 98.52 98.537 98.457 98.41 98.43 98.375 98.345 98.29 98.255 98.205 98.165 98.182 98.155 98.152 98.175 98.082 98.055 98.025 97.94 98.09 97.897 97.87 97.815 98.262 100.122 99.007 97.63 97.677 97.73 97.435 97.447
98.76 98.792 98.8 98.852 98.922 98.925 98.95 98.997 99.032 99.09 99.137 99.155 99.21 99.277 99.402 99.925 99.635 99.43 99.417 99.457 99.505 99.55 99.57 99.522 99.527 99.455 99.535 99.505 99.522 99.367 99.292 99.207 99.132 99.1 98.987 98.92 98.822 98.622 98.53 98.482 98.587 98.622 98.542 98.465 98.437 98.497 98.507 98.492 98.447 98.392 98.3 98.2 98.195 98.107 98.042 98.005 97.96 97.96 97.965 97.895 97.887 97.865 97.845 97.752 97.76 100.477 99.875 97.557 97.505 97.49 97.385 97.432
98.702 98.757 98.755 98.807 98.89 98.912 98.935 98.967 99.022 99.065 99.095 99.132 99.167 99.28 99.355 100.015 99.56 99.412 99.412 99.462 99.475 99.53 99.525 99.487 99.46 99.455 99.562 99.522 99.51 99.4 99.385 99.317 99.222 99.2 99.137 98.907 98.757 98.665 98.535 98.55 98.7 98.67 98.432 98.452 98.4 98.457 98.472 98.48 98.335 98.282 98.327 98.317 98.342 98.275 98.21 98.162 98.1 98.09 98.042 97.962 97.87 97.812 97.805 97.72 97.647 98.805 98.197 97.545 97.525 97.452 97.442 97.457
98.67 98.712 98.73 98.792 98.85 98.86 98.882 98.917 98.965 99.002 99.06 99.107 99.175 99.245 99.352 99.797 99.53 99.362 99.332 99.405 99.462 99.557 99.552 99.515 99.425 99.437 99.555 99.512 99.482 99.457 99.502 99.422 99.312 99.257 99.192 98.78 98.715 98.61 98.477 98.512 98.467 98.41 98.39 98.42 98.445 98.532 98.615 98.705 99.027 98.695 98.612 98.475 98.347 98.157 98.2 98.1 98.005 97.995 97.937 97.847 97.867 97.795 97.757 97.772 97.715 97.715 97.655 97.592 97.595 97.54 97.465 97.39
98.627 98.675 98.685 98.722 98.79 98.827 98.847 98.91 98.95 98.982 99.057 99.087 99.122 99.217 99.377 99.88 99.502 99.37 99.36 99.39 99.452 99.475 99.525 99.49 99.412 99.392 99.522 99.507 99.485 99.435 99.47 99.452 99.36 99.272 99.11 99.137 98.595 98.562 98.452 98.485 98.415 98.32 98.265 98.302 101.402 99.85 98.517 98.41 98.197 98.185 98.275 98.425 98.395 98.535 98.552 98.495 98.752 98.547 98.322 98.322 98.237 98.05 97.952 97.752 97.647 97.497 97.43 97.5 97.405 97.425 97.4 97.38
98.587 98.647 98.657 98.67 98.747 98.772 98.8 98.862 98.93 98.962 99.012 99.047 99.09 99.175 99.72 99.75 99.485 99.357 99.32 99.43 99.435 99.462 99.497 99.47 99.41 99.357 99.412 99.502 99.435 99.425 99.385 99.42 99.37 99.297 99.022 98.712 98.652 98.725 98.505 98.52 98.422 98.32 98.265 98.752 101.225 98.495 98.465 98.392 98.175 98.147 98.145 98.15 98.125 98.117 98.095 97.982 98.007 98.017 98.14 98.612 98.047 98.072 98.012 98.072 98.272 98.272 98.325 98.01 97.902 97.637 97.392 97.315
98.542 98.602 98.615 98.645 98.707 98.725 98.785 98.835 98.877 98.935 99.002 99.03 99.037 99.107 99.217 99.617 99.507 99.337 99.325 99.432 99.407 99.452 99.472 99.432 99.38 99.332 99.397 99.44 99.387 99.487 99.455 99.375 99.302 99.23 99.092 98.727 98.94 99.6 98.54 98.447 98.445 98.3 98.26 99.042 99.465 99.925 98.422 98.407 98.232 98.167 98.155 98.127 98.145 98.122 98.075 97.957 97.935 97.922 97.89 97.84 97.82 97.755 97.72 97.667 97.602 97.575 97.54 97.537 97.722 97.695 97.615 97.655
98.49 98.55 98.58 98.612 98.655 98.69 98.745 98.78 98.845 98.897 98.957 98.972 98.982 99.067 99.165 99.575 99.482 99.36 99.295 99.327 99.397 99.405 99.467 99.427 99.362 99.355 99.39 99.422 99.422 99.427 99.4 99.337 99.245 99.55 98.955 98.79 98.66 98.647 98.542 98.402 98.375 98.282 98.222 98.22 98.257 98.487 98.475 98.425 98.267 98.16 98.14 98.132 98.127 98.13 98.077 97.905 97.875 97.85 97.837 97.777 97.742 97.687 97.652 97.612 97.517 97.455 97.432 97.425 97.39 97.35 97.287 97.292
98.445 98.495 98.542 98.555 98.637 98.675 98.712 98.765 98.832 98.855 98.885 98.905 98.922 99.022 99.127 99.662 99.44 99.282 99.277 99.395 99.385 99.425 99.482 99.41 99.377 99.315 99.33 99.395 99.385 99.385 99.37 99.29 99.205 99.165 98.875 98.785 98.642 98.662 98.677 98.4 98.387 98.302 98.25 98.655 99.28 98.355 98.325 98.192 98.152 98.177 98.16 98.132 98.095 98.072 98.032 97.852 97.815 97.787 97.752 97.717 97.677 97.645 97.6 97.542 97.467 97.437 97.417 97.427 97.342 97.265 97.237 97.205
