data/LIDAR-DSM-2M-NZ24se/nz2644_DSM_2M.asc
ncols 500
nrows 500
xllcorner    426000
yllcorner    544000
cellsize     2
NODATA_value -9999
[rows 0 to 30 of 500, columns 345 to 413 of 500]
91.285 91.255 91.27 91.27 91.248 91.235 91.198 91.193 91.198 91.198 91.168 91.145 91.16 91.158 91.138 91.138 91.113 91.09 91.085 91.048 91.053 91.06 91.058 91.05 91.045 91.015 91.01 91.02 91.003 91.023 91.038 91.02 90.963 90.923 90.888 90.898 90.908 90.908 90.888 90.855 90.863 90.85 90.843 90.84 90.833 90.823 90.82 90.793 90.798 90.79 90.82 90.845 90.855 90.858 90.828 90.81 90.808 90.798 90.76 90.755 90.713 90.678 90.625 90.583 90.553 90.533 90.488 90.458 90.41
91.273 91.248 91.25 91.245 91.233 91.223 91.203 91.175 91.165 91.178 91.18 91.155 91.133 91.133 91.135 91.115 91.085 91.083 91.058 91.043 91.03 91.038 91.025 91.023 91.005 91.018 91.008 91.01 91.015 91.035 91.03 90.995 90.913 90.903 90.873 90.888 90.903 90.893 90.89 90.87 90.85 90.848 90.84 90.83 90.813 90.815 90.8 90.773 90.78 90.77 90.773 90.773 90.823 90.855 90.845 90.828 90.795 90.788 90.768 90.75 90.7 90.658 90.638 90.595 90.57 90.513 90.463 90.435 90.393
91.238 91.24 91.218 91.21 91.218 91.213 91.2 91.168 91.178 91.188 91.178 91.138 91.11 91.115 91.12 91.085 91.088 91.07 91.048 91.05 91.053 91.023 91 90.985 90.988 90.98 90.985 91.003 91.018 91.018 91.008 90.958 90.905 90.898 90.9 90.903 90.895 90.888 90.863 90.87 90.868 90.83 90.833 90.825 90.83 90.808 90.788 90.78 90.77 90.763 90.753 90.758 90.76 90.793 90.82 90.828 90.798 90.785 90.763 90.728 90.69 90.675 90.638 90.57 90.533 90.493 90.43 90.385 90.37
91.228 91.233 91.208 91.185 91.188 91.183 91.178 91.175 91.17 91.17 91.158 91.128 91.133 91.125 91.118 91.065 91.08 91.065 91.028 91.04 91.023 90.998 90.993 90.968 90.963 90.968 90.988 90.993 90.983 90.968 90.95 90.908 90.905 90.903 90.905 90.883 90.865 90.883 90.86 90.863 90.873 90.848 90.833 90.828 90.83 90.82 90.805 90.778 90.783 90.763 90.768 90.753 90.755 90.743 90.758 90.818 90.845 90.808 90.755 90.73 90.71 90.68 90.628 90.595 90.56 90.505 90.445 90.38 90.35
91.215 91.218 91.208 91.185 91.198 91.18 91.15 91.138 91.115 91.133 91.135 91.108 91.12 91.103 91.085 91.053 91.07 91.043 91.035 91.015 90.998 91 90.968 90.955 90.95 90.965 91.003 90.99 90.985 90.94 90.898 90.883 90.905 90.9 90.88 90.865 90.855 90.86 90.838 90.85 90.853 90.833 90.843 90.82 90.798 90.798 90.8 90.798 90.778 90.76 90.753 90.738 90.735 90.72 90.73 90.725 90.773 90.818 90.805 90.765 90.725 90.695 90.648 90.595 90.558 90.518 90.458 90.398 90.343
91.203 91.22 91.22 91.205 91.168 91.175 91.155 91.123 91.113 91.13 91.115 91.11 91.098 91.073 91.078 91.063 91.043 91.038 91.013 91.003 90.985 90.963 90.948 90.943 90.955 90.98 90.983 90.963 90.975 90.903 90.873 90.865 90.868 90.87 90.835 90.853 90.843 90.855 90.835 90.835 90.838 90.85 90.838 90.813 90.81 90.808 90.818 90.793 90.778 90.755 90.748 90.745 90.743 90.718 90.72 90.713 90.718 90.728 90.753 90.778 90.78 90.728 90.665 90.625 90.565 90.535 90.475 90.408 90.36
91.24 91.228 91.238 91.205 91.188 91.175 91.128 91.128 91.103 91.12 91.1 91.1 91.1 91.088 91.07 91.058 91.033 91.05 91.01 90.993 90.958 90.935 90.953 90.945 90.96 90.97 90.94 90.913 90.918 90.838 90.838 90.85 90.858 90.865 90.848 90.843 90.835 90.83 90.838 90.825 90.833 90.813 90.835 90.83 90.815 90.805 90.775 90.795 90.783 90.758 90.745 90.72 90.733 90.72 90.7 90.675 90.68 90.668 90.688 90.73 90.783 90.748 90.7 90.65 90.598 90.563 90.483 90.443 90.38
91.248 91.238 91.24 91.225 91.193 91.178 91.125 91.123 91.123 91.128 91.118 91.113 91.09 91.075 91.055 91.038 91.035 91.023 90.998 90.965 90.95 90.943 90.95 90.95 90.978 90.943 90.883 90.885 90.875 90.825 90.813 90.843 90.855 90.84 90.858 90.833 90.835 90.843 90.838 90.825 90.83 90.833 90.828 90.815 90.808 90.79 90.788 90.773 90.758 90.758 90.74 90.738 90.728 90.723 90.72 90.688 90.688 90.66 90.648 90.64 90.67 90.73 90.735 90.68 90.618 90.573 90.538 90.47 90.398
91.255 91.245 91.24 91.205 91.193 91.17 91.153 91.113 91.113 91.128 91.105 91.11 91.095 91.08 91.053 91.048 91.03 91.013 90.995 90.963 90.933 90.958 90.968 90.958 90.965 90.913 90.87 90.868 90.863 90.843 90.843 90.828 90.843 90.823 90.83 90.828 90.818 90.835 90.815 90.795 90.82 90.828 90.833 90.813 90.803 90.805 90.783 90.778 90.758 90.748 90.743 90.72 90.695 90.698 90.688 90.67 90.675 90.663 90.64 90.618 90.62 90.623 90.645 90.723 90.673 90.615 90.56 90.53 90.448
91.298 91.255 91.233 91.2 91.19 91.168 91.133 91.113 91.108 91.13 91.093 91.108 91.093 91.07 91.038 91.023 91.028 90.995 90.96 90.965 90.94 90.945 90.915 90.945 90.928 90.86 90.82 90.833 90.823 90.838 90.838 90.833 90.823 90.833 90.81 90.82 90.828 90.823 90.815 90.815 90.813 90.813 90.803 90.81 90.793 90.785 90.78 90.783 90.755 90.753 90.738 90.725 90.723 90.713 90.69 90.67 90.683 90.65 90.62 90.62 90.593 90.575 90.583 90.615 90.64 90.648 90.593 90.543 90.483
91.455 91.353 91.288 91.22 91.175 91.18 91.158 91.123 91.115 91.11 91.113 91.1 91.065 91.065 91.033 91.003 90.988 90.965 90.938 90.888 90.958 90.953 90.903 90.898 90.86 90.84 90.813 90.835 90.805 90.825 90.82 90.838 90.835 90.815 90.82 90.79 90.833 90.828 90.82 90.81 90.803 90.813 90.81 90.808 90.8 90.803 90.79 90.778 90.77 90.755 90.748 90.725 90.708 90.713 90.693 90.695 90.685 90.653 90.62 90.618 90.608 90.59 90.565 90.538 90.553 90.595 90.608 90.588 90.545
91.638 91.493 91.388 91.283 91.238 91.2 91.175 91.17 91.125 91.115 91.11 91.083 91.058 91.04 91.023 90.988 90.965 90.945 90.928 90.928 90.945 90.968 90.955 90.915 90.888 90.868 90.78 90.83 90.828 90.825 90.825 90.84 90.835 90.825 90.813 90.82 90.828 90.81 90.813 90.823 90.805 90.818 90.813 90.795 90.793 90.78 90.773 90.778 90.773 90.765 90.755 90.725 90.705 90.708 90.698 90.693 90.658 90.653 90.64 90.613 90.593 90.57 90.528 90.52 90.508 90.495 90.533 90.575 90.565
91.978 91.758 91.578 91.418 91.33 91.27 91.23 91.21 91.18 91.155 91.123 91.08 91.055 91.03 91.013 90.998 90.953 90.945 90.935 90.925 90.963 90.998 90.953 90.86 90.875 90.868 90.863 90.85 90.825 90.823 90.808 90.82 90.83 90.838 90.828 90.793 90.818 90.798 90.795 90.795 90.798 90.81 90.793 90.785 90.783 90.783 90.778 90.79 90.78 90.768 90.748 90.73 90.718 90.703 90.688 90.658 90.66 90.648 90.64 90.618 90.593 90.558 90.523 90.51 90.49 90.46 90.44 90.463 90.498
92.485 92.18 91.88 91.645 91.508 91.408 91.335 91.24 91.213 91.183 91.14 91.098 91.09 91.075 91.05 90.998 90.978 90.933 90.935 90.945 90.983 91.003 90.905 90.8 90.905 90.883 90.855 90.838 90.813 90.82 90.808 90.81 90.823 90.815 90.828 90.793 90.818 90.8 90.805 90.805 90.808 90.803 90.798 90.79 90.793 90.775 90.763 90.78 90.768 90.758 90.743 90.733 90.713 90.703 90.678 90.665 90.678 90.645 90.638 90.615 90.58 90.553 90.533 90.495 90.45 90.428 90.413 90.405 90.423
93.118 92.715 92.333 92.04 91.838 91.655 91.528 91.403 91.285 91.218 91.178 91.178 91.153 91.153 91.103 91.07 91.035 91.015 90.99 91.015 91.008 90.945 90.833 90.848 91.055 90.878 90.855 90.855 90.828 90.803 90.823 90.808 90.83 90.803 90.815 90.805 90.798 90.8 90.815 90.803 90.795 90.795 90.793 90.793 90.78 90.775 90.77 90.77 90.755 90.75 90.735 90.733 90.698 90.698 90.693 90.668 90.663 90.658 90.625 90.585 90.585 90.553 90.528 90.508 90.468 90.43 90.415 90.378 90.363
93.518 93.305 92.93 92.57 92.283 92.04 91.843 91.683 91.543 91.405 91.33 91.298 91.28 91.255 91.21 91.158 91.15 91.15 91.273 91.188 90.998 90.813 90.835 91.015 90.968 90.78 90.858 90.893 90.83 90.833 90.823 90.815 90.803 90.783 90.803 90.82 90.8 90.793 90.78 90.788 90.805 90.793 90.773 90.773 90.765 90.768 90.735 90.73 90.738 90.73 90.733 90.72 90.708 90.71 90.703 90.678 90.665 90.638 90.618 90.57 90.545 90.555 90.533 90.503 90.448 90.403 90.408 90.403 90.37
93.573 93.52 93.403 93.178 92.893 92.553 92.315 92.125 91.933 91.77 91.673 91.585 91.52 91.463 91.415 91.425 91.475 91.613 91.67 91.38 90.95 90.778 90.923 91.008 90.89 90.875 91.053 90.823 90.798 90.843 90.82 90.81 90.79 90.793 90.803 90.783 90.805 90.793 90.79 90.798 90.788 90.803 90.783 90.758 90.753 90.755 90.743 90.718 90.728 90.728 90.728 90.733 90.72 90.705 90.695 90.69 90.655 90.64 90.605 90.588 90.56 90.553 90.525 90.475 90.455 90.418 90.398 90.38 90.355
93.5 93.525 93.515 93.468 93.348 93.093 92.798 92.595 92.443 92.278 92.11 92 91.915 91.875 91.928 92.015 92.118 92.26 92.155 91.705 91.293 91.008 91.028 90.83 90.833 91.045 90.925 90.778 90.888 90.913 90.793 90.798 90.795 90.8 90.783 90.79 90.78 90.783 90.8 90.79 90.79 90.79 90.78 90.798 90.758 90.765 90.728 90.773 90.745 90.725 90.733 90.703 90.705 90.7 90.673 90.67 90.66 90.635 90.603 90.57 90.558 90.52 90.515 90.475 90.463 90.433 90.403 90.39 90.38
93.478 93.528 93.548 93.53 93.48 93.395 93.238 93.003 92.88 92.753 92.61 92.49 92.403 92.443 92.555 92.673 92.775 92.823 92.625 92.165 91.735 91.44 91.108 90.853 90.91 90.995 90.84 90.868 91.07 90.82 90.768 90.9 90.815 90.8 90.78 90.765 90.775 90.78 90.785 90.775 90.785 90.768 90.78 90.775 90.76 90.74 90.738 90.753 90.718 90.708 90.693 90.695 90.693 90.695 90.675 90.66 90.663 90.628 90.59 90.573 90.548 90.485 90.465 90.475 90.468 90.435 90.428 90.405 90.363
93.528 93.535 93.563 93.548 93.533 93.473 93.39 93.258 93.16 93.063 93.003 92.945 92.865 92.928 93.01 93.068 93.115 93.085 93.043 92.698 92.325 91.98 91.603 91.238 91.048 90.835 90.833 91.048 90.905 90.828 90.925 90.998 90.805 90.813 90.805 90.768 90.783 90.793 90.768 90.768 90.773 90.76 90.763 90.74 90.738 90.723 90.718 90.728 90.7 90.693 90.688 90.698 90.663 90.665 90.66 90.668 90.648 90.628 90.578 90.563 90.553 90.495 90.488 90.465 90.458 90.438 90.433 90.373 90.358
93.555 93.558 93.585 93.62 93.565 93.508 93.438 93.36 93.288 93.198 93.178 93.153 93.15 93.168 93.188 93.245 93.253 93.25 93.3 93.248 92.873 92.568 92.18 91.77 91.418 91.078 90.898 90.97 90.8 90.858 91.085 90.815 90.793 90.978 90.85 90.793 90.778 90.76 90.773 90.77 90.76 90.76 90.75 90.755 90.743 90.735 90.738 90.72 90.7 90.678 90.693 90.693 90.678 90.648 90.655 90.63 90.63 90.62 90.588 90.548 90.52 90.495 90.478 90.443 90.445 90.425 90.403 90.388 90.365
93.583 93.598 93.625 93.645 93.633 93.535 93.463 93.378 93.333 93.298 93.25 93.26 93.258 93.28 93.308 93.343 93.355 93.333 93.313 93.308 93.443 93.143 92.755 92.363 91.933 91.588 91.265 90.91 90.798 90.978 90.848 90.79 90.943 90.98 90.79 90.83 90.833 90.775 90.77 90.763 90.76 90.765 90.758 90.74 90.743 90.728 90.72 90.703 90.69 90.69 90.683 90.685 90.653 90.64 90.65 90.62 90.608 90.6 90.598 90.545 90.513 90.493 90.473 90.45 90.43 90.42 90.405 90.383 90.363
93.58 93.603 93.618 93.64 93.658 93.613 93.555 93.473 93.4 93.39 93.345 93.308 93.318 93.353 93.44 93.38 93.373 93.385 93.363 93.338 93.35 93.465 93.3 92.953 92.533 92.133 91.78 91.415 91.103 90.88 90.783 90.85 91 90.833 90.838 90.973 90.93 90.803 90.773 90.773 90.75 90.753 90.73 90.718 90.725 90.718 90.698 90.713 90.695 90.683 90.678 90.653 90.663 90.645 90.643 90.64 90.61 90.605 90.58 90.548 90.523 90.493 90.468 90.448 90.448 90.425 90.408 90.39 90.36
93.583 93.593 93.6 93.603 93.66 93.658 93.62 93.543 93.49 93.453 93.443 93.415 93.42 93.47 93.463 93.408 93.413 93.388 93.42 93.388 93.393 93.408 93.49 93.398 93.065 92.628 92.25 91.885 91.528 91.128 90.873 90.94 90.848 90.795 90.865 91.013 90.868 90.718 90.79 90.785 90.72 90.73 90.71 90.71 90.718 90.7 90.678 90.675 90.67 90.67 90.645 90.643 90.635 90.638 90.635 90.63 90.598 90.58 90.548 90.52 90.535 90.493 90.47 90.468 90.45 90.42 90.41 90.375 90.353
93.615 93.613 93.603 93.598 93.645 93.628 93.59 93.56 93.55 93.533 93.523 93.525 93.53 93.515 93.44 93.423 93.435 93.448 93.453 93.448 93.418 93.438 93.44 93.435 93.48 93.245 93.305 92.513 92.008 91.643 91.278 90.965 90.778 90.84 90.958 90.875 90.735 90.748 90.888 90.9 90.775 90.718 90.698 90.69 90.675 90.678 90.663 90.64 90.658 90.638 90.635 90.638 90.633 90.633 90.605 90.615 90.593 90.6 90.558 90.518 90.505 90.48 90.465 90.438 90.425 90.405 90.405 90.373 90.355
93.61 93.63 93.593 93.595 93.618 93.608 93.588 93.565 93.565 93.573 93.568 93.548 93.525 93.485 93.463 93.438 93.448 93.453 93.458 93.458 93.468 93.458 93.43 93.44 93.408 93.413 93.548 93.043 92.54 92.143 91.808 91.398 91.068 90.95 90.918 90.743 90.758 90.878 90.94 90.855 90.758 90.708 90.73 90.68 90.665 90.665 90.648 90.633 90.643 90.643 90.63 90.623 90.608 90.6 90.593 90.598 90.61 90.568 90.55 90.533 90.49 90.473 90.453 90.413 90.418 90.428 90.4 90.375 90.37
93.633 93.638 93.608 93.613 93.615 93.585 93.59 93.585 93.628 93.625 93.605 93.58 93.538 93.51 93.49 93.498 93.485 93.483 93.505 93.47 93.493 93.49 93.478 93.47 93.425 93.428 93.448 93.363 93.235 92.8 92.348 91.96 91.578 91.213 90.915 90.723 90.785 90.875 90.85 90.773 90.683 90.738 90.883 90.755 90.698 90.67 90.655 90.64 90.638 90.605 90.613 90.603 90.58 90.57 90.583 90.578 90.575 90.558 90.555 90.525 90.48 90.453 90.433 90.423 90.388 90.378 90.378 90.368 90.38
93.653 93.623 93.608 93.608 93.59 93.578 93.588 93.61 93.618 93.645 93.653 93.593 93.573 93.52 93.533 93.53 93.523 93.528 93.533 93.49 93.498 93.478 93.49 93.48 93.45 93.453 93.428 93.418 93.423 93.295 92.95 92.555 92.145 91.768 91.335 91.008 90.9 90.858 90.793 90.68 90.695 90.843 90.843 90.813 90.785 90.705 90.663 90.61 90.56 90.56 90.588 90.545 90.553 90.565 90.553 90.57 90.563 90.533 90.525 90.51 90.488 90.463 90.415 90.405 90.398 90.383 90.375 90.365 90.378
93.668 93.643 93.635 93.6 93.588 93.585 93.615 93.64 93.65 93.643 93.63 93.62 93.603 93.585 93.555 93.563 93.58 93.57 93.585 93.528 93.5 93.475 93.475 93.47 93.455 93.453 93.443 93.453 93.435 93.405 93.43 93.063 92.758 92.815 91.89 91.448 91.148 90.923 90.71 90.658 90.763 90.81 90.815 90.845 90.873 90.858 90.745 90.625 90.585 90.568 90.563 90.573 90.555 90.548 90.538 90.555 90.548 90.54 90.525 90.52 90.498 90.45 90.403 90.39 90.383 90.385 90.363 90.368 90.378
93.665 93.635 93.64 93.653 93.635 93.635 93.643 93.64 93.648 93.633 93.62 93.64 93.608 93.61 93.585 93.585 93.608 93.59 93.568 93.543 93.54 93.54 93.508 93.458 93.448 93.458 93.453 93.463 93.453 93.41 93.37 93.288 93.175 92.895 92.493 92.073 91.643 91.238 90.885 90.753 90.82 90.855 90.823 90.853 90.928 90.96 90.95 90.8 90.61 90.555 90.573 90.563 90.54 90.535 90.538 90.543 90.518 90.505 90.51 90.498 90.483 90.435 90.413 90.403 90.388 90.385 90.368 90.378 90.36
93.703 93.625 93.62 93.62 93.658 93.665 93.678 93.698 93.623 93.608 93.595 93.618 93.623 93.615 93.615 93.63 93.62 93.575 93.565 93.58 93.55 93.583 93.533 93.46 93.463 93.473 93.468 93.448 93.445 93.43 93.368 93.438 93.355 93.465 93.018 92.683 92.208 91.778 91.348 91.018 90.863 90.838 90.818 90.91 90.993 91.023 91.01 90.905 90.775 90.62 90.56 90.548 90.538 90.535 90.518 90.523 90.493 90.505 90.495 90.47 90.448 90.423 90.425 90.405 90.393 90.373 90.373 90.375 90.365
