data/LIDAR-DSM-2M-NZ24se/nz2641_DSM_2M.asc
ncols 500
nrows 500
xllcorner    426000
yllcorner    541000
cellsize     2
NODATA_value -9999
[rows 32 to 63 of 500, columns 216 to 287 of 500]
88.08 88.678 88.368 89.118 87.49 88.378 91.62 91.098 89.638 86.508 87.42 86.855 85.568 84.975 84.8 84.808 84.855 84.9 85.035 85.593 85.07 84.915 84.6 85.198 84.403 85.123 85.2 86.088 84.898 84.708 84.048 83.738 83.293 83.048 82.643 82.483 82.57 81.87 82.393 82.583 82.453 82.443 82.425 82.43 82.418 82.428 82.428 82.415 82.393 82.398 82.433 82.443 82.448 82.425 82.413 82.403 82.388 82.415 82.413 82.415 82.438 82.435 82.445 82.478 82.52 82.533 82.535 82.573 82.578 82.553 82.533 82.528
87.615 87.755 87.735 88.338 88.478 90.02 92.35 92.338 91.643 86.508 87.983 86.003 85.18 84.76 84.623 84.71 84.745 84.81 84.938 84.875 84.793 86.183 87.825 88.325 87.598 85.12 86.208 86.17 85.988 85.52 84.498 84.288 82.963 82.683 82.373 81.843 81.59 81.765 82.355 82.425 82.37 82.375 82.365 82.393 82.405 82.408 82.403 82.405 82.383 82.363 82.395 82.408 82.42 82.403 82.395 82.363 82.375 82.38 82.37 82.383 82.393 82.42 82.44 82.47 82.495 82.515 82.518 82.53 82.54 82.518 82.505 82.49
87.425 87.318 87.378 87.423 89.373 91.793 92.463 92.185 91.11 86.38 87.478 85.7 84.778 84.485 84.52 84.6 84.618 84.72 85.178 85.27 84.843 86.755 88.05 88.325 87.483 83.563 84.003 85.12 84.393 83.86 82.98 82.59 82.89 82.973 82.183 81.74 81.683 81.725 82.215 82.31 82.335 82.325 82.308 82.325 82.348 82.318 82.328 82.353 82.365 82.33 82.313 82.36 82.353 82.365 82.31 82.32 82.325 82.32 82.313 82.313 82.335 82.36 82.39 82.435 82.423 82.438 82.448 82.443 82.49 82.493 82.473 82.445
87.223 87.095 87.153 86.835 90.065 91.988 92.518 92.018 90.09 87.188 85.953 85.248 84.508 84.358 84.453 84.503 84.54 85.025 84.958 84.953 85.138 87.175 88.043 88.363 87.763 85.075 82.935 82.7 82.613 82.595 82.553 82.48 82.41 82.355 82.13 81.585 81.378 81.523 82.09 82.21 82.235 82.205 82.218 82.175 82.188 82.165 82.205 82.203 82.203 82.218 82.198 82.175 82.188 82.373 82.223 82.518 82.195 82.13 82.11 82.11 82.243 82.183 82.223 82.3 82.23 82.273 82.278 82.303 82.263 82.34 82.3 82.285
86.99 86.838 86.878 86.84 91.035 92.12 92.48 91.89 88.958 87.063 85.76 85.065 84.258 84.238 84.345 84.34 84.625 86.513 84.433 84.105 84.445 86.605 88.033 88.323 87.775 85.01 82.83 82.49 82.545 82.518 82.483 82.4 82.303 82.298 82.12 81.618 81.338 81.358 81.718 81.925 81.91 81.913 81.973 81.82 81.818 81.818 81.945 81.8 81.778 81.853 81.81 81.795 81.805 81.96 81.78 81.908 81.748 81.735 81.72 81.74 81.81 81.745 81.815 81.975 81.775 81.803 81.818 81.943 81.915 81.943 81.918 81.873
86.753 86.575 86.653 87.325 91.423 92.265 92.403 91.705 86.25 85.918 85.565 84.635 84.1 84.125 84.178 84.22 85.833 85.103 84.11 83.433 82.998 85.005 88.03 88.378 87.768 83.618 82.523 82.465 82.465 82.425 82.37 82.313 82.22 82.183 82.048 81.578 81.328 81.168 81.32 81.395 81.418 81.44 81.425 81.39 81.365 81.335 81.295 81.298 81.228 81.273 81.268 81.228 81.248 81.245 81.203 81.295 81.245 81.25 81.253 81.205 81.235 81.225 81.22 81.215 81.195 81.24 81.273 81.33 81.403 81.305 81.33 81.37
86.553 86.323 86.338 87.45 91.72 92.435 92.263 91.45 85.97 85.698 85.13 84.033 83.988 84.053 84.093 84.328 86.313 84.665 83.843 83.108 82.835 85.57 88.045 88.38 87.428 82.493 82.463 82.405 82.348 82.273 82.205 82.058 81.913 81.798 81.58 81.21 81.44 80.978 81.028 80.973 80.955 80.995 80.973 81.01 81.02 80.923 81.02 80.93 80.893 80.968 80.91 80.99 80.898 81.088 80.948 80.99 80.975 81.708 80.948 80.928 80.92 80.943 81.103 81.218 80.905 80.91 80.938 80.97 80.963 81.01 81.025 80.988
86.393 86.135 85.995 85.945 86.93 88.585 89.575 88.97 85.793 85.505 84.438 83.888 83.925 83.975 83.97 85.633 85.098 84.058 83.595 82.965 82.76 84.895 88.02 88.085 87.64 82.54 82.45 82.378 82.553 82.098 82 81.848 81.528 81.208 81.013 80.863 80.873 80.875 80.71 80.638 80.6 80.578 80.828 80.365 80.288 80.295 80.26 80.275 80.23 80.15 80.1 80.143 80.205 80.225 80.213 80.215 80.288 80.29 80.23 80.17 80.318 82.578 81.533 80.408 80.255 80.45 81.06 80.12 80.103 80.968 80.405 81.23
86.24 85.983 85.725 85.618 85.568 85.568 85.62 86.05 85.315 84.27 83.84 83.803 83.84 83.855 84.085 86.02 84.27 83.853 83.465 82.985 82.695 82.955 82.763 83.62 82.64 82.303 82.32 82.25 82.658 82.13 82.078 81.813 81.545 80.85 80.755 80.65 80.673 81.245 80.558 80.363 80.35 80.288 80.873 81.8 81.4 82.215 81.878 80.69 79.61 79.58 79.528 79.625 79.625 79.678 79.708 79.685 79.735 79.77 79.855 79.62 79.623 80.743 80.498 80.723 80.728 81.485 80.74 80.508 80.215 80.398 79.983 79.928
86.073 85.858 85.588 85.333 85.195 85.12 84.888 84.548 84.163 83.908 83.793 83.775 83.755 83.75 84.035 85.62 84.46 84.413 85.28 84.923 84.37 84.713 84.788 84.528 85.033 84.11 83.795 83.973 83.478 82.103 81.685 81.653 80.725 80.625 80.563 80.505 80.508 80.925 80.95 81.5 80.15 80.04 79.923 80.43 83.008 82.953 82.883 81.138 79.473 79.598 79.445 79.465 79.465 79.475 79.515 79.538 79.575 79.518 79.498 79.463 79.483 79.51 79.638 79.935 80.018 80.343 80.115 80.055 79.905 80.39 79.585 79.488
86.025 85.71 85.458 85.23 84.94 84.718 84.475 84.288 84.078 83.855 83.725 83.67 83.638 83.623 84.043 85.483 85.518 86.138 85.275 86.378 85.558 84.79 84.02 83.92 83.75 82.255 82.085 82.783 81.983 81.368 81.115 81.21 80.48 80.343 80.298 80.34 80.523 82.738 80.765 81.203 80.925 79.988 79.725 80.74 82.635 82.635 82.613 81.353 79.41 79.34 79.34 79.343 79.375 79.398 79.423 79.423 79.43 79.405 79.355 79.34 79.358 79.383 79.415 79.445 79.408 79.425 79.463 79.475 79.51 79.475 79.418 79.405
86.093 85.92 85.375 85.09 84.833 84.595 84.378 84.183 83.97 83.79 83.63 83.558 83.5 83.483 83.59 83.683 83.72 83.758 85.588 87.035 87.19 86.36 83.938 83.92 82.688 81.798 82.555 83.383 82.138 81.233 80.623 80.763 80.088 80.01 79.923 79.878 79.82 81.228 80.25 80.168 81.715 79.67 80.208 80.108 80.51 79.888 80.403 79.945 79.295 79.265 79.238 79.243 79.283 79.323 79.3 79.3 79.28 79.248 79.228 79.203 79.208 79.24 79.233 79.248 79.263 79.235 79.268 79.283 79.295 79.305 79.31 79.323
86.363 87.638 85.838 85.043 84.725 84.478 84.235 83.995 83.81 83.653 83.52 83.418 83.365 83.378 83.495 83.565 83.655 83.78 86.015 87.033 87.205 86.015 83.953 83.92 81.795 81.425 81.635 82.168 81.35 80.83 80.125 79.658 79.37 79.25 79.268 79.25 79.26 79.255 79.27 79.383 79.475 79.23 79.37 79.235 79.185 79.175 79.133 79.173 79.155 79.158 79.123 79.15 79.173 79.125 79.068 79.12 79.128 79.135 79.093 79.078 79.08 79.053 79.088 79.068 79.078 79.09 79.085 79.1 79.093 79.125 79.12 79.143
86.673 87.008 86.653 85.153 84.888 84.555 84.19 83.838 83.625 83.463 83.345 83.293 83.243 83.268 83.435 83.505 83.45 84.638 86.435 87.04 87.203 86.535 83.933 83.918 82.223 81.39 81.448 81.25 81.028 80.685 79.918 79.305 79.08 79.14 79.14 79.128 79.125 79.14 79.143 79.12 79.128 79.113 79.135 79.105 79.088 79.093 79.108 79.11 79.12 79.1 79.095 79.098 79.108 79.1 79.088 79.048 78.99 79.01 78.985 78.955 78.958 78.955 78.948 78.965 78.95 78.978 78.985 78.975 78.973 78.985 78.983 78.988
86.988 86.32 85.593 85.303 85.015 84.695 84.298 83.768 83.438 83.263 83.223 83.178 83.138 83.173 83.34 83.403 83.228 82.653 84.818 87.04 87.198 86.183 84.01 83.508 81.975 81.375 81.3 81.153 81.038 80.593 79.795 79.288 79.065 79.133 79.123 79.12 79.098 79.12 79.133 79.133 79.13 79.128 79.12 79.103 79.088 79.108 79.093 79.105 79.09 79.085 79.108 79.108 79.105 79.09 79.09 79.038 78.965 78.958 78.955 78.96 78.95 78.945 78.955 78.955 78.943 78.938 78.953 78.98 78.968 78.963 78.965 78.978
86.755 86.505 85.738 85.468 85.14 84.848 84.413 83.798 83.3 83.11 83.075 83.055 83.018 83.063 83.205 83.2 83.07 82.34 84.69 87.023 87.223 86.565 84.32 83.453 81.315 81.325 81.25 81.12 81.015 80.65 79.753 79.253 79.043 79.12 79.138 79.123 79.113 79.125 79.123 79.13 79.115 79.12 79.093 79.08 79.105 79.105 79.11 79.115 79.11 79.095 79.11 79.095 79.105 79.105 79.09 79.003 78.95 78.955 78.973 78.955 78.943 78.945 78.948 78.958 78.955 78.95 78.953 78.975 78.97 78.963 78.97 78.973
88.825 87.203 86.168 86.323 85.17 84.918 84.578 83.968 83.265 82.998 82.968 82.978 82.908 83.018 83.07 82.99 82.948 82.33 84.583 87.043 87.228 86.558 86.485 85.435 81.355 81.27 81.198 81.168 81.073 80.538 79.65 79.22 79.065 79.135 79.14 79.13 79.133 79.123 79.118 79.115 79.103 79.128 79.09 79.1 79.085 79.093 79.09 79.1 79.118 79.085 79.075 79.095 79.098 79.098 79.098 79.013 78.933 78.933 78.938 78.948 78.923 78.92 78.928 78.93 78.943 78.943 78.948 78.97 78.958 78.95 78.965 78.955
90.228 90.06 89.158 89.285 85.665 84.885 84.543 84.018 83.218 82.895 82.893 82.893 82.848 82.955 83.015 83 82.968 82.443 83.97 87.038 87.238 86.583 85.358 84.148 81.863 81.33 81.23 81.258 81.325 80.545 79.595 79.205 79.078 79.133 79.11 79.125 79.115 79.11 79.113 79.113 79.088 79.103 79.1 79.083 79.093 79.09 79.088 79.085 79.095 79.095 79.09 79.1 79.1 79.088 79.07 79.025 78.938 78.94 78.955 78.938 78.93 78.92 78.915 78.923 78.93 78.935 78.933 78.953 78.955 78.94 78.953 78.953
90.22 90.49 90.325 89.942 88.942 86.485 84.595 84.077 83.187 82.83 82.825 82.82 82.782 82.902 82.982 82.985 82.967 82.395 85.385 87.025 86.995 86.615 84.24 81.557 81.337 81.292 81.245 81.332 81.397 80.547 79.592 79.207 79.07 79.12 79.12 79.118 79.12 79.1 79.103 79.128 79.105 79.105 79.11 79.103 79.085 79.098 79.08 79.075 79.08 79.078 79.085 79.09 79.108 79.12 79.115 79.055 78.935 78.953 78.943 78.938 78.933 78.938 78.93 78.918 78.933 78.928 78.93 78.938 78.953 78.94 78.928 78.94
90.237 90.517 90.39 90.422 90.16 89.805 88.47 85.115 83.102 82.797 82.767 82.785 82.75 82.855 83.007 83.242 83.145 82.227 82.09 82.412 81.85 81.732 84.235 81.727 81.695 81.275 81.165 81.2 81.275 80.605 79.617 79.207 79.032 79.105 79.125 79.113 79.113 79.12 79.105 79.115 79.105 79.09 79.11 79.075 79.088 79.09 79.09 79.08 79.085 79.073 79.08 79.095 79.095 79.075 79.09 79.028 78.933 78.935 78.918 78.93 78.933 78.935 78.933 78.918 78.928 78.93 78.923 78.92 78.945 78.963 78.943 78.923
90.305 90.317 89.932 90.135 90.455 90.395 88.337 83.817 83.03 82.74 82.742 82.755 82.722 82.807 82.772 82.92 83.162 81.902 81.682 81.64 81.827 81.667 83.77 83.062 82.175 81.257 81.152 81.027 81.055 80.662 79.57 79.252 79.052 79.107 79.11 79.108 79.103 79.105 79.095 79.085 79.098 79.125 79.1 79.06 79.058 79.06 79.07 79.073 79.083 79.093 79.08 79.078 79.098 79.1 79.083 79.008 78.948 78.93 78.933 78.928 78.94 78.928 78.935 78.928 78.948 78.955 78.94 78.933 78.935 78.94 78.953 78.945
89.775 89.985 88.775 88.63 89.787 90.237 85.595 83.8 83.12 82.722 82.74 82.727 82.732 82.812 82.777 83.267 82.477 81.85 83.522 86.14 86.507 86.772 85.552 86.63 81.695 81.447 81.187 81.035 80.89 80.662 79.647 79.227 79.055 79.097 79.113 79.103 79.113 79.09 79.085 79.105 79.093 79.11 79.105 79.103 79.083 79.095 79.075 79.088 79.078 79.063 79.105 79.085 79.078 79.08 79.095 79.035 79.035 78.93 78.92 78.928 78.915 78.903 78.918 78.923 78.94 78.948 78.945 78.935 78.94 78.948 78.938 78.93
87.59 88.8 86.615 84.982 86.385 86.955 84.585 83.737 83.122 82.685 82.69 82.67 82.697 82.79 83.022 82.727 82.047 81.867 85.687 87.93 88.537 88.125 87.905 87.912 81.687 81.307 81.15 81.027 80.89 80.617 79.7 79.245 79.075 79.095 79.095 79.1 79.09 79.078 79.08 79.088 79.108 79.085 79.085 79.073 79.085 79.083 79.085 79.093 79.073 79.08 79.095 79.078 79.08 79.095 79.093 79.043 78.905 78.92 78.923 78.915 78.913 78.903 78.903 78.898 78.913 78.915 78.928 78.945 78.938 78.938 78.945 78.938
86.84 88.205 87.067 85.375 84.765 84.422 84.095 83.602 83.015 82.675 82.66 82.677 82.675 82.74 82.705 82.36 82.06 81.86 85.247 87.897 88.555 88.102 86.902 84.207 81.687 81.315 81.125 80.977 80.86 80.542 79.665 79.237 79.11 79.122 79.083 79.103 79.1 79.07 79.095 79.09 79.088 79.093 79.065 79.083 79.085 79.078 79.08 79.078 79.063 79.09 79.075 79.083 79.093 79.085 79.083 79.023 78.893 78.908 78.915 78.91 78.893 78.913 78.898 78.893 78.91 78.885 78.9 78.925 78.923 78.92 78.93 78.908
88.532 88.52 86.64 85.612 85.022 84.51 84.467 83.785 83.067 82.642 82.655 82.672 82.657 82.717 82.527 82.267 82.075 81.882 84.802 87.892 88.517 88.12 86.455 81.737 81.695 81.36 81.13 80.955 80.812 80.495 79.682 79.23 79.057 79.095 79.078 79.088 79.085 79.098 79.1 79.078 79.085 79.093 79.09 79.085 79.085 79.083 79.058 79.088 79.085 79.07 79.075 79.078 79.075 79.1 79.093 78.97 78.895 78.91 78.908 78.898 78.903 78.918 78.918 78.895 78.893 78.878 78.905 78.91 78.895 78.908 78.94 78.943
89.372 86.972 86.65 85.985 86.162 85.48 85.347 84.212 82.945 82.615 82.632 82.635 82.587 82.705 82.555 82.285 82.087 81.95 84.227 87.897 88.53 88.132 86.74 81.805 81.695 81.592 81.19 81 80.83 80.605 79.84 79.24 79.045 79.097 79.085 79.1 79.108 79.08 79.093 79.103 79.09 79.105 79.103 79.098 79.095 79.08 79.078 79.078 79.06 79.058 79.065 79.078 79.078 79.075 79.093 78.983 78.88 78.898 78.908 78.895 78.905 78.908 78.888 78.905 78.885 78.87 78.87 78.898 78.905 78.913 78.935 78.963
90.24 89.875 90.51 90.295 91.005 88.532 83.395 82.98 82.747 82.605 82.615 82.612 82.57 82.637 82.527 82.295 82.092 81.94 82.82 87.537 88.535 88.152 86.805 81.92 81.702 81.67 81.4 81.027 80.875 80.727 80.02 79.3 79.062 79.085 79.088 79.08 79.093 79.085 79.108 79.103 79.103 79.105 79.108 79.088 79.07 79.068 79.08 79.06 79.078 79.055 79.063 79.058 79.068 79.075 79.09 79.013 78.903 78.893 78.908 78.898 78.92 78.898 78.893 78.905 78.893 78.86 78.883 78.885 78.918 78.935 78.94 78.963
91.385 91.44 91.535 91.862 91.617 88.937 83.555 82.872 82.735 82.61 82.587 82.6 82.562 82.635 82.51 82.3 82.145 81.945 82.905 87.89 88.545 88.13 87.275 81.767 81.737 81.695 81.437 81.09 80.9 80.815 80.035 79.357 79.077 79.117 79.095 79.09 79.098 79.095 79.1 79.08 79.105 79.098 79.09 79.075 79.09 79.085 79.085 79.07 79.073 79.073 79.05 79.073 79.075 79.105 79.093 78.988 78.88 78.88 78.888 78.908 78.915 78.915 78.885 78.905 78.893 78.89 78.893 78.905 78.918 78.945 78.96 78.955
91.665 91.587 91.48 91.437 91.34 89.397 84.13 83.125 82.825 82.627 82.542 82.587 82.547 82.61 82.495 82.295 82.365 82.097 82.342 87.877 88.55 87.177 86.67 81.792 81.75 81.71 81.375 81.197 80.997 81 80.252 79.37 79.045 79.1 79.088 79.088 79.09 79.073 79.088 79.088 79.093 79.095 79.073 79.06 79.068 79.083 79.093 79.09 79.07 79.055 79.068 79.065 79.07 79.08 79.05 78.985 78.85 78.883 78.86 78.885 78.9 78.9 78.908 78.92 78.918 78.915 78.903 78.918 78.933 78.923 78.945 78.973
90.742 90.787 90.805 90.752 88.917 87.865 84.412 83.462 82.875 82.65 82.532 82.562 82.547 82.6 82.53 82.695 83.1 82.635 81.857 83.152 82.257 82.83 83.125 82.322 81.77 81.64 81.685 81.537 81.42 81.195 80.49 79.65 79.042 79.107 79.085 79.093 79.078 79.088 79.075 79.09 79.09 79.058 79.058 79.198 79.058 79.073 79.073 79.065 79.05 79.07 79.068 79.078 79.063 79.058 79.088 79.02 78.838 78.883 78.865 78.885 78.905 78.903 78.915 78.905 78.888 78.893 78.923 78.945 78.958 78.945 78.973 79.003
87.995 87.87 90.042 89.59 86.725 85.222 84.47 83.697 83.045 82.66 82.557 82.557 82.532 82.587 82.63 82.472 82.322 82.23 82.605 83.87 83.17 82.967 83.23 82.837 82.415 82.205 82.202 81.92 81.772 81.575 80.997 81.017 79.555 79.295 79.585 79.285 79.115 79.128 79.205 79.088 79.08 79.055 79.05 79.178 79.043 79.018 79.01 79.03 78.98 79.008 79.003 79.02 78.993 78.99 79.058 79.04 78.915 78.925 78.953 78.92 78.925 78.928 78.953 78.985 78.95 78.96 78.988 78.983 78.998 79.03 79.055 79.048
88.075 88.507 89.035 87.382 86.237 85.302 84.535 83.832 83.41 82.742 82.567 82.55 82.542 82.605 82.652 82.547 82.41 82.317 82.67 83.41 83.855 82.122 82.15 82.092 82.08 82.042 81.917 81.702 81.72 81.797 81.285 81.5 80.707 81.45 80.443 81.203 81.498 81.008 81.668 81.785 80.783 80.163 81.163 79.725 79.765 79.908 79.54 79.548 79.665 79.225 79.193 81.575 86.253 80.973 79.925 79.205 78.993 78.983 78.97 78.983 78.993 78.998 79.013 78.993 78.97 78.965 79.013 79.055 79.088 79.083 79.13 79.165
