data/LIDAR-DSM-2M-NZ24se/nz2743_DSM_2M.asc
ncols 500
nrows 500
xllcorner    427000
yllcorner    543000
cellsize     2
NODATA_value -9999
[rows 192 to 223 of 500, columns 216 to 287 of 500]
66.556 66.636 66.596 66.526 65.916 64.824 65.491 63.116 62.529 62.704 62.469 62.359 62.156 61.976 61.511 61.144 60.744 60.534 60.649 61.169 61.396 61.246 59.706 58.626 59.054 58.601 58.866 59.744 59.181 60.131 57.986 57.656 57.369 57.479 58.474 57.804 57.619 57.209 57.339 57.884 58.201 57.431 59.191 59.021 56.974 56.789 56.709 55.409 54.841 54.606 54.176 52.981 52.089 51.456 51.601 50.699 50.171 49.874 49.709 49.176 48.911 48.834 48.871 48.976 48.731 48.766 49.104 48.529 48.201 47.839 47.226 47.581
66.551 66.624 66.614 66.309 65.324 64.786 63.999 63.351 64.349 66.239 63.304 62.321 62.059 61.769 61.264 61.036 60.686 60.581 61.294 61.544 61.329 60.864 59.339 59.046 58.584 58.904 58.816 59.146 58.776 57.789 58.491 57.344 57.581 57.934 58.221 57.526 57.194 58.244 57.091 57.171 59.909 56.859 57.489 56.839 56.891 55.976 55.894 55.216 54.786 53.904 53.306 52.376 51.724 51.114 51.431 51.516 50.201 49.649 49.401 49.111 48.829 48.721 48.584 48.779 48.046 47.974 47.924 48.044 48.161 47.931 48.086 47.351
66.629 66.606 66.441 65.776 65.194 65.566 63.074 63.014 63.216 63.731 62.631 62.246 61.801 61.289 60.971 60.846 60.596 60.344 61.826 61.816 60.809 61.074 59.024 58.716 59.516 59.801 59.324 58.629 58.291 58.286 57.701 57.361 57.956 57.561 57.804 57.319 57.136 57.594 57.094 56.976 57.621 56.374 57.739 56.269 56.894 56.629 55.764 54.839 54.511 53.504 52.859 52.234 51.724 52.316 51.181 50.476 49.746 49.569 49.314 49.156 48.824 48.499 48.416 48.656 48.006 48.294 47.656 47.609 47.681 47.176 47.489 47.641
66.679 66.649 66.141 65.326 64.691 65.286 64.074 64.324 62.731 62.616 62.426 62.121 61.531 61.154 60.861 60.681 60.431 60.241 60.679 60.126 60.241 59.846 59.244 58.909 58.739 58.861 58.701 58.419 58.351 58.169 57.304 58.109 58.134 58.854 58.624 57.811 57.511 57.476 57.196 57.924 56.979 57.281 59.976 56.171 56.776 55.284 55.199 56.584 57.834 54.611 52.789 52.346 53.724 53.211 50.626 50.156 50.039 49.671 49.489 49.241 48.951 48.386 48.236 48.056 47.886 47.986 47.471 47.669 47.544 47.161 48.031 47.229
66.661 66.551 65.941 64.956 63.774 63.001 64.634 63.839 62.649 62.554 62.804 62.659 61.556 61.044 60.814 60.684 60.386 60.344 60.496 60.276 59.746 59.596 58.801 58.579 58.299 58.331 58.256 58.146 58.179 57.554 57.491 58.541 58.606 57.209 57.249 57.284 57.724 56.976 56.934 56.869 57.886 57.829 57.539 56.056 57.489 55.546 55.656 56.229 57.279 53.974 53.179 51.964 52.089 50.749 50.526 49.989 49.721 49.384 49.221 49.021 48.741 48.366 48.236 47.831 48.129 47.591 47.299 47.269 47.649 47.011 47.351 47.179
66.674 66.276 65.826 64.866 63.774 62.764 62.929 62.689 62.619 62.484 62.929 62.964 61.301 60.956 60.799 60.821 60.826 60.851 60.774 61.029 59.441 59.001 58.956 59.141 58.541 58.156 58.371 58.091 58.209 57.871 57.536 58.234 57.914 57.614 58.146 56.854 57.111 57.071 57.499 57.429 57.386 58.714 58.151 56.944 56.214 56.229 55.541 54.199 53.556 53.301 52.761 51.861 50.804 50.339 50.074 50.159 49.761 49.316 49.431 49.619 48.799 48.521 48.891 47.739 48.156 47.556 47.169 47.089 46.781 47.054 46.986 47.164
66.524 65.959 65.501 65.976 64.839 64.366 64.821 62.661 62.571 62.191 61.706 61.404 61.081 61.666 61.291 60.749 60.384 60.584 60.004 60.386 59.704 59.921 59.079 59.324 58.559 58.174 58.879 58.264 57.876 57.451 57.594 58.066 57.751 58.996 57.794 56.899 56.839 56.829 57.184 56.654 57.229 57.371 57.084 57.384 56.106 55.684 54.821 53.934 53.391 53.229 52.181 51.454 50.971 50.951 50.421 50.009 49.526 49.161 49.534 49.201 49.064 48.281 48.159 47.664 47.536 47.291 47.269 46.876 46.676 47.004 47.956 47.074
66.294 65.531 65.696 67.026 64.116 64.194 63.166 62.681 62.451 61.844 61.391 61.119 61.009 61.429 61.121 60.974 60.441 60.146 59.551 60.049 59.851 58.896 58.931 58.891 58.339 58.306 58.669 58.159 57.436 57.626 57.881 58.206 57.896 57.521 57.149 56.851 56.734 56.844 56.451 56.441 56.961 57.744 56.351 57.099 55.964 56.149 54.149 53.824 53.106 52.609 51.694 51.164 51.034 50.451 50.079 49.869 49.419 49.096 49.321 48.984 49.514 48.451 48.069 47.914 47.396 47.461 47.031 46.789 46.619 46.794 47.856 47.294
65.921 65.224 64.296 63.181 63.839 63.006 62.774 62.621 62.279 61.601 61.251 61.169 61.126 61.091 60.889 60.346 60.234 60.119 59.879 60.114 59.126 58.709 58.601 58.779 58.599 57.966 57.764 57.491 57.434 57.404 58.914 58.649 57.614 57.526 57.351 58.541 58.136 57.809 57.984 56.696 56.921 58.416 56.354 56.284 56.416 55.006 53.766 53.624 52.786 51.994 52.834 52.709 50.534 50.911 50.416 49.874 49.591 49.111 48.981 49.026 49.011 48.009 48.371 47.661 47.674 47.546 47.069 46.726 46.671 47.014 46.896 47.174
65.381 64.694 63.701 64.101 64.291 62.921 62.781 62.549 62.006 61.399 61.194 61.324 61.799 61.544 60.786 60.029 60.199 60.209 59.956 59.109 59.799 59.301 58.746 59.114 58.239 57.824 57.739 58.316 57.489 57.701 58.364 58.664 57.441 57.366 56.986 57.089 56.931 57.124 57.841 56.656 57.139 56.906 55.974 55.464 54.619 54.094 53.581 54.819 54.574 52.001 51.456 51.886 50.269 50.179 50.169 49.709 49.511 49.696 49.344 49.091 48.699 48.204 48.129 47.411 47.254 47.041 46.824 46.636 46.674 46.909 46.714 46.434
65.089 63.959 63.261 63.691 63.466 63.011 62.776 62.244 61.701 61.331 61.511 61.301 61.449 62.021 61.316 59.946 60.026 60.114 59.611 59.639 59.844 59.196 58.341 58.074 57.919 57.834 58.584 59.021 58.776 58.541 58.656 58.341 57.074 57.276 56.839 56.769 56.881 57.391 56.546 56.849 56.831 56.864 55.821 55.781 55.069 54.861 53.356 53.231 53.086 52.676 51.301 51.174 50.149 49.934 50.116 50.061 50.159 50.239 49.079 48.679 48.924 48.231 48.154 47.334 47.096 46.916 46.731 46.554 46.419 46.246 46.189 46.079
64.801 63.434 63.084 63.101 63.029 62.924 62.656 62.276 61.494 61.359 61.491 61.756 61.111 61.351 60.504 59.714 59.456 60.289 59.759 59.829 59.796 58.624 58.171 57.989 58.069 58.234 59.354 58.679 58.381 57.751 57.394 57.766 57.539 57.049 56.789 56.756 56.764 56.699 56.596 56.436 56.714 56.866 56.316 55.339 55.496 56.711 53.819 53.526 54.306 51.641 50.691 50.634 50.239 50.016 51.046 51.846 49.414 48.949 50.129 49.159 49.874 48.869 47.589 47.269 47.034 46.849 46.636 46.489 46.396 46.099 46.119 46.029
63.909 63.254 64.426 63.121 63.011 62.869 62.331 61.891 61.401 61.566 62.086 61.346 60.699 60.741 59.931 59.569 59.471 59.764 58.939 60.019 60.081 58.824 58.184 57.964 58.074 58.459 58.454 58.954 58.841 59.344 58.814 59.551 58.049 57.516 57.031 56.839 56.844 57.001 58.956 56.439 56.351 56.369 56.636 55.296 54.259 53.794 53.076 52.659 56.671 52.179 50.534 50.389 49.856 50.326 50.104 49.769 50.519 48.966 49.149 48.156 48.566 48.576 47.401 47.169 46.956 46.756 46.569 46.416 46.279 46.174 46.059 45.999
63.489 63.374 65.129 63.184 63.011 62.591 61.971 61.431 61.386 61.971 61.694 61.214 60.501 60.186 60.041 59.499 59.529 60.376 59.789 60.276 59.314 58.869 58.481 57.939 57.951 58.466 58.619 58.256 58.479 57.894 58.151 58.271 58.551 57.379 56.726 56.541 56.564 56.476 58.231 56.691 56.879 56.656 55.749 54.609 54.059 53.454 53.036 54.066 53.279 51.439 50.169 50.279 49.746 49.566 49.836 50.596 50.064 48.731 48.364 48.234 49.021 47.899 48.294 47.469 46.864 46.664 46.469 46.529 46.476 46.356 46.169 46.244
63.291 63.261 63.126 63.061 62.741 62.044 61.586 61.729 61.444 61.966 61.951 61.404 60.564 60.246 59.821 59.344 59.316 59.261 59.491 59.006 58.679 58.659 58.259 57.951 58.089 58.419 58.751 58.011 59.561 58.274 59.026 57.321 57.851 57.721 56.794 57.376 57.531 56.616 56.401 56.996 56.461 56.181 54.974 54.239 54.021 53.559 52.806 51.759 51.529 50.871 50.081 50.646 50.056 50.464 50.169 50.901 49.184 49.131 48.791 48.124 48.351 47.766 48.121 47.396 47.051 46.704 46.729 47.089 46.759 46.789 47.321 46.914
63.279 63.211 63.154 63.001 62.774 62.031 61.291 61.631 61.671 61.994 61.019 61.051 61.189 60.121 59.571 59.211 59.236 59.421 59.451 58.404 58.509 58.854 58.606 57.899 58.024 58.026 58.556 58.264 57.701 57.331 57.814 57.739 58.004 58.426 58.509 58.906 56.906 56.804 56.634 56.579 56.171 55.544 54.636 53.951 53.889 53.949 54.859 54.101 51.094 50.539 50.031 49.946 50.034 49.784 50.471 50.449 49.449 48.876 48.409 47.829 48.089 48.679 48.156 47.816 47.169 47.264 47.684 46.894 47.309 47.294 47.079 46.529
63.301 63.234 63.144 62.716 62.726 62.636 61.451 62.174 62.086 61.969 60.846 60.936 60.991 59.746 59.354 59.079 58.849 59.786 59.321 58.379 58.191 58.459 58.769 57.804 57.834 58.009 57.876 58.071 57.826 58.846 57.556 57.351 57.624 58.444 58.049 57.281 56.926 56.549 56.526 56.119 55.636 55.384 54.386 53.936 53.131 52.911 53.614 52.866 50.571 50.294 49.909 49.636 49.511 49.376 50.534 49.681 49.366 48.934 48.164 47.714 48.036 47.599 47.531 47.426 47.211 47.376 47.401 47.259 47.576 46.474 46.519 46.981
63.384 63.281 63.026 62.366 62.351 61.909 61.479 61.666 61.794 61.449 60.879 60.404 59.899 59.461 59.206 58.969 58.714 59.396 59.409 58.449 58.091 57.929 57.894 57.669 57.599 57.534 57.499 57.699 57.371 58.089 58.419 58.074 57.664 57.441 57.416 56.929 56.756 56.551 56.439 55.996 55.306 54.736 54.296 53.976 52.929 52.239 52.441 51.171 50.359 50.011 49.919 49.866 49.594 49.841 49.981 49.359 49.339 49.089 48.324 48.104 47.716 47.869 47.664 47.284 47.559 47.661 47.219 47.404 47.281 46.124 46.764 46.309
63.419 63.271 62.699 61.871 61.579 61.556 61.494 61.671 61.676 61.656 61.134 60.354 59.714 59.321 59.111 58.934 58.829 59.339 59.004 58.139 58.011 57.914 57.749 57.629 57.524 57.454 57.389 57.299 57.386 58.279 57.614 57.636 56.736 57.481 57.339 56.581 56.646 56.894 56.254 55.659 55.339 54.686 53.679 53.204 52.649 52.034 51.324 50.714 50.209 49.861 49.919 49.634 49.294 49.934 49.606 49.759 48.806 48.494 48.104 48.171 48.161 47.691 48.541 47.256 47.514 48.421 47.406 47.736 46.576 47.074 46.494 46.336
63.436 63.136 62.209 61.609 61.354 61.514 61.969 61.869 61.976 61.051 60.694 60.559 59.709 59.271 59.051 58.839 59.196 59.289 58.941 58.021 57.939 57.846 57.714 57.609 57.519 57.419 57.299 57.224 57.421 58.369 58.781 57.569 57.584 56.506 57.594 56.604 57.824 56.719 56.101 55.731 55.524 55.529 53.846 52.826 52.771 52.311 51.234 50.474 50.246 50.454 49.924 49.684 49.281 49.261 49.044 48.934 48.641 48.504 47.679 48.586 47.499 47.164 48.286 47.094 46.609 47.649 47.014 47.229 47.529 47.384 46.121 46.626
63.381 62.719 61.851 61.419 61.304 61.331 62.166 62.931 62.144 60.949 60.566 60.961 59.896 59.881 59.761 59.034 59.181 58.621 58.176 57.996 57.896 57.769 57.684 57.589 57.469 57.354 57.251 57.141 57.661 58.161 57.731 57.921 57.576 57.604 56.811 56.884 57.831 57.174 56.126 55.701 55.264 56.441 54.394 53.154 52.524 51.661 51.334 50.381 50.066 50.199 49.849 50.071 49.116 49.151 49.054 48.516 48.301 47.984 47.909 48.904 47.829 47.269 47.766 47.124 47.471 47.926 47.544 46.554 46.816 47.644 46.764 46.789
63.274 62.309 61.636 61.301 61.276 61.614 62.349 62.299 62.596 61.169 60.649 60.379 59.606 59.526 59.484 59.076 58.859 58.964 58.106 57.969 57.856 57.754 57.739 57.546 57.434 57.311 57.219 57.269 58.504 58.564 57.811 58.344 58.061 57.591 57.231 57.336 57.051 57.331 56.279 55.246 54.609 54.074 53.156 52.939 52.361 51.261 53.066 50.401 50.246 49.916 49.861 50.616 49.156 48.631 48.714 48.419 48.069 47.861 47.866 47.639 48.154 46.986 48.024 47.159 47.421 47.639 47.161 47.224 47.174 46.974 45.974 46.219
63.329 62.104 61.589 61.251 61.434 61.894 62.841 62.161 62.054 61.001 60.649 60.144 59.321 59.054 59.054 58.889 58.676 58.601 58.074 58.036 57.871 57.744 57.651 57.539 57.396 57.286 57.459 58.296 58.619 58.194 57.676 58.009 57.229 57.096 57.451 57.471 57.816 56.849 55.539 54.959 55.461 53.559 53.516 53.019 52.714 52.131 50.631 50.096 51.611 51.414 49.569 49.374 50.199 48.891 48.626 48.166 47.956 48.504 48.524 48.356 48.651 47.826 47.356 47.069 48.089 48.049 47.459 46.526 47.839 47.014 45.546 44.884
63.619 61.894 61.404 61.311 61.641 62.511 61.771 61.899 62.361 61.279 60.519 59.336 59.046 58.861 58.881 59.204 58.714 58.581 58.051 57.921 57.834 57.729 57.589 57.474 57.371 57.279 57.779 57.981 58.019 57.759 57.459 57.356 56.964 57.194 57.589 57.286 57.279 56.386 55.584 54.851 54.599 54.121 52.951 52.409 52.959 51.186 50.424 50.199 50.036 49.921 49.921 49.441 51.971 48.891 48.144 48.031 47.816 48.211 48.201 47.681 48.304 47.691 47.174 47.841 47.684 46.961 46.431 46.654 46.356 45.584 44.759 44.441
63.521 61.779 61.379 61.639 61.841 62.099 62.424 62.241 61.256 60.366 60.596 59.336 59.126 58.766 58.481 58.346 58.246 58.164 58.001 57.891 57.839 57.736 57.546 57.404 57.306 57.219 57.186 57.969 58.264 57.706 56.966 56.649 57.041 57.231 57.374 57.574 58.209 55.711 57.084 55.024 53.761 53.204 52.471 52.164 51.931 51.451 50.459 50.136 50.144 49.761 50.144 50.471 49.379 48.289 48.351 48.001 47.984 48.551 47.594 48.169 48.249 47.206 47.731 47.951 46.441 46.314 46.056 46.211 45.804 45.644 44.594 45.401
62.229 61.526 61.589 62.671 62.424 61.181 60.894 61.571 61.281 60.296 60.151 59.184 59.601 59.006 58.379 58.239 58.141 58.029 57.949 57.849 57.756 57.631 57.509 57.376 57.269 57.261 57.746 57.754 58.014 57.374 57.699 56.991 57.739 57.764 57.426 57.459 57.564 55.964 56.391 56.046 53.661 54.826 53.356 52.311 51.139 50.591 51.979 50.159 51.616 50.619 49.359 49.291 48.501 48.644 48.214 48.096 48.101 48.536 47.346 47.066 47.229 47.026 47.886 46.721 46.156 46.249 46.286 46.339 46.151 45.039 44.746 44.636
61.679 61.491 62.711 62.731 62.009 61.936 61.874 61.056 61.314 60.094 61.476 59.151 59.046 58.796 58.341 58.241 58.111 58.021 57.924 57.819 57.811 57.711 57.486 57.326 57.729 58.126 57.956 58.056 57.836 57.399 57.341 57.004 57.536 57.566 57.151 56.709 56.144 55.781 56.309 54.071 53.106 54.284 53.494 51.551 51.581 51.219 51.051 50.206 49.664 50.339 50.134 48.706 48.366 48.436 47.874 47.619 48.374 48.094 47.051 46.816 46.631 46.436 46.846 46.414 46.296 46.221 45.799 45.561 45.426 44.789 44.674 43.574
61.729 62.086 62.451 61.496 61.321 61.821 60.986 60.859 60.326 60.839 61.234 59.354 59.384 58.674 58.251 58.139 58.009 57.951 57.846 57.816 58.469 58.194 57.571 57.511 58.404 57.929 57.724 58.879 58.114 56.986 56.774 56.914 56.964 56.954 57.406 56.554 55.479 55.476 54.859 53.481 53.091 52.844 53.951 51.479 50.856 50.904 50.581 50.349 50.481 49.799 49.494 49.451 48.261 47.991 47.734 47.511 47.716 47.314 46.909 46.699 46.519 46.336 46.156 45.964 46.031 46.084 45.704 45.354 44.891 44.394 44.326 43.641
61.756 62.119 62.156 61.891 62.126 61.409 61.221 60.924 59.974 59.926 59.779 60.139 59.191 58.344 58.171 58.039 57.901 57.809 57.756 57.714 58.769 58.039 58.044 58.501 58.039 57.951 58.894 59.136 57.604 57.579 56.756 56.881 56.546 56.719 56.249 55.921 54.961 54.644 55.736 53.656 52.569 52.214 51.661 51.006 50.276 50.624 50.951 51.876 50.424 49.714 51.056 49.586 48.256 47.976 47.649 47.414 47.209 47.014 46.816 46.809 46.406 46.251 46.044 45.959 45.791 45.751 45.569 45.221 44.761 44.191 44.034 43.309
62.811 62.069 61.919 62.599 62.326 61.301 60.291 60.341 60.691 60.046 59.979 59.201 58.491 58.296 58.131 58.006 57.894 57.814 57.704 57.624 57.564 58.139 58.321 58.521 58.254 58.494 59.109 58.814 57.381 57.806 57.306 57.084 56.936 56.699 56.264 55.254 54.754 54.236 54.649 52.891 52.476 51.969 51.234 50.601 50.174 51.091 51.066 50.529 50.619 49.664 49.224 48.499 48.061 48.466 47.716 47.371 47.084 46.969 47.064 47.264 46.384 46.174 46.019 46.049 45.876 46.479 45.656 45.099 44.734 44.021 43.684 43.179
64.256 62.209 62.761 62.319 62.516 60.606 60.389 60.036 60.369 60.379 59.824 58.926 58.396 58.241 58.161 57.994 57.881 57.774 57.664 57.594 57.571 58.899 58.511 58.581 57.554 58.184 58.176 57.576 56.821 57.711 57.156 56.654 56.351 56.371 55.799 54.921 54.869 54.089 53.979 52.801 52.701 51.846 50.789 50.326 50.379 50.919 50.344 50.031 49.486 48.886 48.534 48.229 47.919 48.524 48.019 47.286 47.089 46.919 47.009 47.414 46.699 46.394 46.216 46.036 46.296 46.954 45.636 44.929 44.416 44.066 43.436 43.026
62.331 62.144 63.749 63.316 61.921 60.671 60.251 59.794 60.244 60.039 59.451 58.546 58.301 58.159 58.064 57.944 57.819 57.714 57.629 57.554 57.446 57.471 57.549 57.824 57.816 57.849 58.126 57.731 57.124 56.949 56.436 56.324 56.241 55.854 55.576 54.734 54.349 53.626 53.499 53.004 52.224 52.856 53.321 50.329 50.074 49.959 49.796 49.399 49.094 48.704 48.466 48.179 47.876 47.876 47.674 47.209 46.994 46.771 46.906 46.819 46.376 46.736 46.729 46.096 46.119 45.834 45.186 45.206 44.806 43.804 43.266 42.664
