data/LIDAR-DSM-2M-NZ24se/nz2744_DSM_2M.asc
ncols 500
nrows 500
xllcorner    427000
yllcorner    544000
cellsize     2
NODATA_value -9999
[rows 32 to 63 of 500, columns 360 to 431 of 500]
87.354 87.649 88.377 87.452 87.417 87.474 87.274 87.457 87.527 87.337 87.652 87.567 87.637 86.974 88.147 86.872 86.839 86.679 86.387 86.387 86.164 86.059 86.074 86.022 86.009 86.017 86.052 86.134 86.184 86.234 86.312 86.394 86.489 86.554 86.634 86.689 86.779 86.859 86.952 87.059 87.394 87.719 87.917 87.724 87.622 87.672 87.794 87.774 87.837 87.852 87.917 88.014 88.504 88.134 88.012 88.062 88.097 88.214 89.334 95.149 95.127 95.102 95.099 94.404 91.794 91.432 93.489 95.107 94.999 93.652 93.539 95.124
87.349 87.232 87.677 88.159 88.134 87.849 87.472 87.639 87.302 87.184 86.762 86.779 86.607 86.542 86.444 86.389 86.329 86.289 86.242 86.154 86.107 86.069 86.059 86.054 86.047 86.064 86.074 86.117 86.142 86.237 86.299 86.364 86.459 86.559 86.642 86.722 86.809 86.859 86.937 86.987 87.069 87.119 87.254 87.364 87.487 87.867 88.212 88.077 87.997 87.927 88.034 88.327 88.344 87.984 88.024 88.087 88.124 88.304 89.394 94.689 94.612 94.659 95.127 94.052 91.427 90.882 92.217 92.102 93.037 91.739 92.454 93.109
87.362 87.264 87.177 87.174 87.092 87.054 86.949 86.909 86.829 86.744 86.654 86.639 86.569 86.497 86.447 86.429 86.357 86.307 86.269 86.177 86.157 86.104 86.052 86.037 86.062 86.037 86.054 86.074 86.127 86.222 86.329 86.389 86.509 86.587 86.662 86.712 86.797 86.862 86.954 87.069 87.287 87.164 87.262 87.322 87.407 87.479 87.544 87.804 88.174 88.352 88.217 88.134 87.942 87.997 88.074 88.144 88.192 88.329 88.579 90.849 90.287 91.832 89.699 91.054 89.757 89.034 88.912 88.969 89.147 89.809 90.582 89.307
87.402 87.339 87.262 87.177 87.122 87.047 86.972 86.894 86.827 86.777 86.724 86.644 86.549 86.499 86.457 86.409 86.359 86.287 86.287 86.192 86.174 86.164 86.139 86.114 86.149 86.154 86.197 86.262 86.469 86.412 86.434 86.522 86.674 86.774 86.834 86.892 86.922 87.009 86.977 87.107 87.764 87.557 87.237 87.342 87.419 87.499 87.559 87.597 87.694 87.757 87.824 87.872 87.962 88.027 88.119 88.217 88.279 88.354 88.547 88.844 88.989 88.992 88.987 88.939 90.054 89.079 89.047 89.369 89.767 90.404 89.967 89.889
87.422 87.339 87.262 87.177 87.124 87.059 86.964 86.892 86.832 86.792 86.692 86.639 86.599 86.547 86.542 86.502 86.482 86.427 86.399 86.362 86.347 86.289 86.244 86.279 86.294 86.289 86.334 86.379 86.444 86.479 86.504 86.519 86.727 86.834 86.874 86.947 87.354 87.597 87.117 87.184 87.227 87.319 87.292 87.327 87.414 87.499 87.577 87.654 87.722 87.784 87.872 87.929 88.009 88.077 88.157 88.239 88.322 88.382 88.479 88.697 88.867 88.947 88.982 89.012 89.234 89.072 89.134 89.397 89.772 89.397 89.292 89.299
87.399 87.337 87.294 87.209 87.152 87.057 87.019 87.029 86.889 86.887 86.759 86.744 86.752 86.717 86.724 86.729 86.682 86.629 86.567 86.507 86.442 86.264 86.292 86.329 86.314 86.312 86.344 86.377 86.399 86.454 86.489 86.499 86.692 86.804 86.842 86.894 87.549 87.944 87.574 87.174 87.254 87.307 87.367 87.487 87.494 87.527 87.552 87.619 87.699 87.804 87.912 87.992 88.079 88.144 88.184 88.282 88.367 88.439 88.507 88.622 88.737 88.834 88.822 88.867 88.944 88.989 89.039 89.109 89.172 89.244 89.267 89.292
87.474 87.612 87.562 87.307 88.287 87.419 87.437 87.097 86.794 87.299 87.032 86.929 86.754 86.742 86.752 86.762 86.724 86.714 86.629 86.499 86.342 86.234 86.324 86.304 86.292 86.284 86.324 86.312 86.337 86.404 86.494 86.484 86.662 86.722 86.777 86.827 87.507 87.522 87.234 87.172 87.292 87.354 87.399 87.579 87.607 87.672 87.717 87.822 87.804 87.829 87.889 87.949 88.042 88.127 88.232 88.324 88.407 88.504 88.589 88.652 88.739 88.784 88.867 88.927 88.984 89.029 89.079 89.142 89.187 89.237 89.274 89.297
88.047 88.447 87.479 87.417 88.377 87.462 87.334 86.559 86.952 87.072 86.842 86.622 86.752 86.762 86.737 86.714 86.712 86.672 86.569 86.419 86.197 86.204 86.207 86.197 86.177 86.142 86.157 86.144 86.147 86.244 86.359 86.379 86.547 86.657 86.717 86.797 87.764 88.257 87.529 87.199 87.314 87.552 88.089 87.559 87.679 87.722 87.789 87.859 87.954 87.932 87.999 88.069 88.144 88.182 88.259 88.277 88.352 88.469 88.542 88.642 88.717 88.797 88.854 88.927 88.959 89.034 89.084 89.114 89.184 89.222 89.274 89.299
88.957 87.907 87.764 88.749 88.679 88.109 89.109 90.027 91.602 90.167 88.242 86.429 86.664 86.722 86.657 86.629 86.617 86.519 86.402 86.212 86.089 86.117 86.027 86.004 85.992 85.939 85.894 85.879 85.904 85.987 86.119 86.179 86.359 86.489 86.617 86.724 88.612 92.352 91.592 89.964 88.327 88.227 87.792 87.514 87.669 87.734 87.792 87.849 88.299 88.134 88.084 88.159 88.237 88.329 88.419 88.422 88.502 88.562 88.634 88.682 88.774 88.827 88.897 88.982 89.037 89.112 89.174 89.222 89.257 89.322 89.392 89.562
92.842 90.424 91.664 93.042 92.964 90.832 90.697 92.394 92.747 91.949 88.899 86.717 86.519 86.587 86.487 86.442 86.377 86.264 86.167 85.974 85.989 85.919 85.829 85.749 85.742 85.694 85.629 85.574 85.624 85.689 85.812 85.894 86.149 86.337 86.509 86.634 89.967 93.384 93.372 93.757 92.974 90.089 91.199 90.257 89.182 88.409 87.854 87.812 88.224 87.882 88.147 88.197 88.282 88.339 88.519 88.609 88.952 88.709 88.789 89.172 89.009 88.902 88.989 89.047 89.109 89.114 89.169 89.262 89.289 89.834 89.929 90.257
93.217 91.154 91.499 92.989 93.004 90.952 90.607 92.369 92.797 92.057 88.874 86.292 86.327 86.334 86.247 86.167 86.044 85.952 85.834 85.779 85.759 85.627 85.509 85.414 85.357 85.319 85.259 85.204 85.257 85.344 85.494 85.592 85.839 86.187 86.429 86.549 91.847 93.694 93.732 93.702 92.564 90.484 93.762 93.669 93.474 93.069 92.217 91.322 88.209 87.982 88.204 88.234 88.282 88.367 88.554 88.589 88.577 88.772 88.904 89.327 89.422 88.914 89.334 89.579 89.354 89.049 89.054 89.067 89.877 89.644 89.447 89.627
93.294 91.047 91.102 92.919 93.069 91.472 90.392 92.274 92.822 92.137 89.439 85.969 86.179 86.022 85.942 85.812 85.679 85.587 85.482 85.499 85.392 85.222 85.074 84.932 84.842 84.779 84.754 84.719 84.817 84.919 85.079 85.324 85.479 85.917 86.272 86.452 92.942 93.132 93.642 93.567 92.392 91.449 94.457 94.349 94.242 94.084 93.867 93.482 90.377 90.479 90.342 89.969 89.029 88.664 88.549 88.514 88.604 89.404 88.982 89.939 89.394 88.912 89.762 89.467 89.549 88.982 89.054 88.992 89.162 89.884 89.409 92.012
93.402 91.284 91.059 92.374 92.682 91.342 88.404 90.427 89.867 88.874 86.887 86.147 86.004 85.724 85.587 85.444 85.319 85.187 85.134 85.099 84.957 84.739 84.534 84.384 84.252 84.214 84.217 84.212 84.267 84.422 84.532 84.777 85.009 85.502 86.002 86.847 86.794 88.882 90.249 91.582 91.564 92.002 93.862 94.029 94.279 94.399 94.439 93.272 90.522 91.609 93.554 94.457 94.042 93.247 92.142 90.677 89.192 88.622 88.787 89.639 89.167 89.764 89.487 89.977 91.867 92.614 93.069 92.959 93.584 93.952 91.922 94.714
87.774 87.272 88.204 89.729 89.732 88.917 86.324 88.052 88.042 86.159 86.274 86.442 86.092 85.369 85.229 85.012 84.827 84.627 84.744 84.619 84.412 84.174 83.922 83.737 83.682 83.659 83.612 83.604 83.682 83.787 83.877 84.117 84.592 84.902 85.449 88.029 86.364 86.504 86.574 87.012 86.957 87.877 89.632 90.819 92.809 93.672 93.867 91.967 90.717 91.837 95.092 95.227 95.077 94.852 94.679 94.499 91.779 90.052 91.782 94.794 94.274 92.844 91.477 92.199 95.007 95.084 95.182 95.247 95.327 95.132 91.677 95.419
87.574 86.899 87.639 88.432 87.617 87.454 86.287 85.792 85.449 85.447 85.889 86.424 85.402 85.157 84.997 84.737 84.279 84.224 84.239 83.994 83.742 83.497 83.252 83.077 83.022 83.002 82.992 82.977 83.044 83.092 83.162 83.284 83.759 84.257 85.039 87.824 85.979 86.212 86.252 87.592 86.607 86.627 86.814 87.937 87.837 87.394 89.982 91.362 90.927 92.142 94.614 94.802 95.007 95.152 95.242 95.072 91.354 89.439 91.689 95.177 94.947 93.324 91.489 92.394 95.719 95.694 95.704 95.682 95.647 95.177 91.837 95.024
86.984 86.857 87.407 86.949 86.832 86.207 86.542 86.362 85.342 85.224 85.409 85.202 85.637 85.194 85.804 85.809 84.132 83.694 83.632 83.349 83.104 82.802 82.522 82.352 82.269 82.227 82.222 82.232 82.259 82.302 82.384 82.609 83.019 83.469 84.132 86.902 85.297 85.294 85.977 88.007 86.302 86.517 86.624 87.067 87.097 87.072 87.307 87.459 88.532 90.017 91.407 93.797 94.227 94.409 94.617 94.014 91.049 88.102 92.379 95.137 95.047 93.724 91.462 92.059 95.202 95.102 95.029 94.954 94.834 94.712 91.287 93.372
86.999 88.269 88.264 86.649 86.277 86.452 89.187 87.694 86.152 85.159 84.439 84.357 84.204 85.522 84.977 83.584 83.454 83.299 83.137 82.824 82.649 82.079 81.729 81.564 81.849 81.677 81.874 81.879 82.024 81.652 82.009 81.844 82.294 82.862 83.522 85.244 84.732 84.487 85.354 87.212 85.877 86.179 86.477 86.952 86.617 86.719 86.769 87.192 87.577 87.227 88.807 91.409 88.489 88.439 90.834 90.732 89.707 87.837 91.549 95.069 94.549 94.149 91.022 90.784 91.857 91.212 91.707 92.569 91.904 88.902 88.327 87.997
87.619 88.242 87.154 86.877 86.412 86.179 85.307 85.072 84.377 84.329 83.907 83.757 83.574 84.129 84.892 83.324 83.152 82.979 82.757 83.547 83.557 81.924 81.157 81.402 81.122 81.299 81.809 82.437 82.482 81.169 80.779 80.844 81.327 82.619 83.134 84.722 85.249 84.017 85.512 85.662 85.232 85.727 86.902 86.602 86.547 86.549 86.574 87.222 87.027 86.897 86.914 87.852 87.944 87.429 87.469 87.594 87.862 87.802 88.019 87.844 88.307 88.167 88.722 88.222 87.937 88.659 89.277 88.252 88.259 87.862 87.797 87.929
88.087 86.194 86.057 85.689 85.852 84.772 84.439 84.272 85.029 83.922 83.684 83.514 83.414 84.099 84.149 83.094 82.932 82.754 82.742 82.482 81.627 81.089 80.764 80.667 80.582 83.169 86.702 87.019 86.357 81.982 80.429 80.557 80.957 82.439 82.812 83.369 85.214 83.914 85.609 84.502 85.172 85.802 85.552 86.274 86.277 86.459 86.624 86.692 86.782 86.829 86.817 86.964 87.094 87.092 87.147 87.302 87.714 87.869 87.649 87.667 87.859 88.704 87.429 87.837 87.794 87.839 88.267 88.067 87.709 87.649 87.474 87.597
87.212 85.959 85.614 85.814 86.509 84.989 84.229 84.037 83.882 83.687 83.464 83.332 83.254 83.174 83.022 82.934 82.774 82.634 82.827 81.842 81.104 80.954 80.649 80.512 80.364 83.267 86.579 87.147 86.424 82.517 80.297 80.399 80.592 82.152 82.457 82.767 85.399 84.497 85.054 84.322 85.859 85.394 85.187 85.462 85.727 86.779 87.922 87.062 86.384 86.727 86.757 86.779 86.607 86.549 86.704 87.027 88.229 88.487 87.279 87.134 87.422 87.429 86.962 87.539 87.477 87.477 87.509 86.992 87.074 87.059 86.927 86.932
87.019 85.547 85.464 85.402 86.469 85.117 83.939 83.734 83.554 83.422 83.189 83.057 83.072 82.999 82.879 82.764 82.652 82.479 83.587 81.767 81.609 80.824 80.577 80.367 80.469 83.067 86.489 87.137 86.374 83.194 82.032 81.412 80.389 81.682 81.974 82.212 82.234 82.232 82.334 82.597 82.929 83.492 84.139 84.629 85.024 85.399 85.877 86.599 86.239 86.307 86.304 86.769 86.357 86.297 86.259 86.702 88.079 87.699 86.954 87.377 86.569 86.732 86.622 87.249 87.757 87.617 87.447 87.254 86.802 86.874 87.004 87.264
87.362 85.477 85.402 85.387 86.079 85.137 83.747 83.499 83.712 84.659 83.622 83.057 82.987 82.934 82.862 82.724 82.567 82.147 83.002 82.284 81.867 80.657 80.327 80.122 80.477 81.914 85.809 86.399 85.839 84.312 80.237 80.854 80.259 81.122 81.492 81.664 81.737 81.689 81.702 81.952 82.434 83.022 83.599 84.064 84.502 84.849 85.127 85.334 85.469 85.662 85.777 85.882 85.857 85.989 86.224 87.434 86.532 86.397 86.182 86.299 87.372 86.422 86.359 86.757 86.867 86.657 86.627 88.227 88.102 87.854 87.837 87.712
87.462 85.414 85.479 85.692 86.499 84.454 86.902 87.552 89.024 89.467 86.224 84.557 83.109 82.929 82.789 82.494 82.789 82.012 81.977 81.522 80.727 80.172 79.959 79.907 80.102 81.019 85.594 86.327 85.897 84.014 80.282 80.204 80.097 80.687 80.957 80.807 80.934 80.642 80.584 81.192 81.902 82.627 83.209 83.659 84.054 84.347 84.609 84.749 84.882 84.924 84.977 85.022 85.092 85.209 85.307 85.557 85.499 85.449 85.862 86.412 86.287 85.954 85.762 85.837 85.917 86.072 85.694 85.837 85.519 85.999 85.887 85.784
86.859 89.379 90.024 91.002 90.687 84.329 89.262 89.357 89.587 89.584 87.514 83.057 82.914 82.787 82.554 82.397 82.389 82.024 81.717 82.232 80.459 80.079 79.939 79.812 79.577 79.702 85.449 86.329 85.082 84.052 79.734 80.244 79.974 79.889 79.837 79.834 79.834 79.887 79.829 80.677 81.467 82.207 82.817 83.297 83.667 83.914 84.069 84.164 84.202 84.287 84.357 84.357 84.474 84.542 84.564 84.634 84.652 84.657 84.702 84.714 84.787 84.874 84.942 85.034 85.164 85.249 85.217 85.279 85.099 85.287 85.249 85.129
87.437 90.952 91.054 91.262 90.819 86.074 88.022 89.669 89.687 89.712 88.354 82.924 82.867 82.757 82.514 82.334 82.132 82.017 81.484 81.147 80.267 80.094 79.992 79.819 79.629 79.477 82.484 82.232 82.289 81.702 80.012 80.407 79.894 79.662 79.657 79.634 79.634 79.709 79.684 80.327 81.112 81.849 82.442 82.879 83.182 83.414 83.489 83.517 83.574 83.622 83.682 83.709 83.777 83.864 83.889 83.919 83.954 83.952 83.969 83.974 84.037 84.137 84.212 84.354 84.354 84.617 84.564 84.642 84.037 84.427 84.314 83.867
86.564 91.264 91.232 91.259 90.957 87.392 87.012 89.144 89.279 89.424 88.762 82.922 82.877 82.747 82.537 82.294 82.144 81.884 81.239 80.637 80.217 80.317 79.984 79.844 79.712 79.509 81.502 81.647 81.559 81.327 78.954 79.227 79.442 79.464 79.444 79.449 79.469 79.627 79.859 80.119 80.884 81.587 82.082 82.454 82.739 82.802 82.857 82.872 82.907 82.994 83.009 83.152 83.159 83.184 83.204 83.212 83.202 83.207 83.174 83.134 83.224 83.404 83.552 83.657 83.432 83.882 82.967 82.757 82.442 83.497 82.694 83.437
85.522 90.077 90.514 90.669 90.247 87.222 84.954 85.982 85.627 85.899 83.994 82.999 83.254 82.902 82.487 82.284 82.117 81.737 81.042 80.402 80.254 79.752 79.422 79.439 79.794 78.799 82.932 83.962 84.589 83.917 79.752 79.072 79.287 79.254 79.209 79.239 79.527 79.947 80.112 79.924 80.714 81.314 81.707 81.999 82.207 82.234 82.197 82.224 82.257 82.444 82.492 82.372 82.349 82.387 82.429 82.409 82.427 82.377 82.372 82.352 82.417 82.604 82.827 83.022 82.709 82.499 86.044 86.719 87.082 87.997 87.964 88.514
86.134 87.914 88.397 87.457 84.809 85.859 83.502 83.367 83.419 83.287 83.187 83.079 83.239 82.672 82.447 82.309 81.954 81.392 80.804 80.237 80.127 79.599 79.037 78.977 78.857 78.594 82.699 85.279 85.462 84.674 80.082 78.957 79.082 79.054 78.999 79.019 79.197 79.729 79.694 79.627 80.499 81.012 81.339 81.512 81.594 81.592 81.567 81.552 81.614 81.642 81.624 81.647 81.639 81.627 81.682 81.654 81.639 81.602 81.639 81.639 81.702 81.862 82.052 82.382 82.524 82.924 88.212 89.007 89.074 89.167 89.254 89.312
85.324 85.014 85.687 84.907 84.549 84.249 83.582 83.442 83.389 83.324 83.307 83.282 82.919 82.647 82.419 82.257 81.702 81.119 80.559 80.027 79.819 80.127 78.979 78.949 78.934 78.717 83.332 85.189 85.514 84.759 80.007 78.977 78.927 78.852 78.784 78.807 78.837 79.024 78.997 79.279 80.232 80.639 80.904 81.004 81.047 80.999 80.982 80.952 80.964 80.904 80.887 80.909 80.904 80.949 80.929 80.879 80.924 80.972 81.019 81.044 81.022 81.054 81.317 81.809 82.137 83.027 87.642 89.534 89.542 89.417 89.419 89.369
85.164 84.962 85.854 84.717 84.574 84.244 83.702 83.524 83.484 83.399 83.637 83.067 82.827 82.614 82.464 82.154 81.534 80.964 80.414 79.879 79.472 80.182 78.924 78.749 78.794 78.504 82.379 84.777 85.064 84.334 80.542 78.597 78.689 78.619 78.569 78.592 78.549 78.614 78.782 78.947 79.949 80.214 80.397 80.409 80.377 80.374 80.337 80.304 80.292 80.262 80.274 80.199 80.117 80.292 79.744 79.882 79.524 79.462 79.434 78.869 79.054 78.659 80.892 81.452 81.782 82.589 86.062 88.852 88.779 88.687 88.612 88.527
85.079 84.942 84.889 84.662 84.427 84.159 83.804 83.632 83.609 83.597 83.284 83.019 82.789 82.564 82.447 81.999 81.374 80.839 80.317 79.777 79.277 79.037 78.707 78.434 78.432 78.232 81.229 84.254 84.799 84.117 80.067 78.822 79.067 78.429 78.344 78.507 78.764 78.419 78.504 78.592 79.819 79.562 79.577 79.559 79.149 79.304 79.044 78.964 78.947 78.522 78.697 78.422 78.634 78.567 78.469 79.169 79.542 79.449 79.514 78.982 78.372 78.387 80.697 81.192 81.504 81.914 85.314 84.922 83.977 83.372 85.134 82.424
85.024 84.859 84.687 84.537 84.337 84.052 83.844 83.874 84.094 83.519 83.242 82.967 82.747 82.567 82.367 81.832 81.232 80.719 80.212 79.687 79.202 78.924 78.569 78.422 78.409 78.209 80.477 84.189 84.802 84.172 81.457 77.974 78.399 78.232 78.154 78.287 78.787 78.204 78.167 78.124 78.334 78.612 78.209 79.097 78.367 79.074 79.694 79.862 79.969 80.679 79.994 78.322 78.347 78.374 80.232 84.034 84.657 84.684 83.312 80.522 78.287 78.324 80.352 80.902 81.277 81.634 82.537 81.947 82.154 82.949 83.957 82.112
