data/LIDAR-DSM-2M-NZ24se/nz2744_DSM_2M.asc
ncols 500
nrows 500
xllcorner    427000
yllcorner    544000
cellsize     2
NODATA_value -9999
[rows 448 to 479 of 500, columns 0 to 71 of 500]
101.617 101.58 101.58 101.592 101.482 99.465 99.477 99.03 97.84 99.225 96.957 98.722 97.055 97.222 96.557 97.605 96.867 97.33 96.342 96.572 95.612 96.065 95.132 95.307 95 94.827 95.757 93.725 95.01 94.407 94.697 93.757 93.767 93.75 93.792 93.707 93.73 93.71 93.672 93.707 93.69 93.7 93.707 93.727 93.702 93.702 93.68 93.685 93.902 94.402 95.28 94.93 94.037 94.215 94.53 95.215 95.867 96.467 97.032 97.865 97.925 98.207 98.49 98.615 98.77 99.28 98.997 98.89 98.897 98.955 98.85 98.775
101.607 101.557 101.587 101.582 101.62 94.09 94.425 93.767 93.75 93.767 93.725 93.725 93.755 93.75 93.73 93.71 93.725 93.72 93.717 93.717 93.7 93.695 93.675 93.715 93.7 93.665 93.685 93.692 93.692 93.692 93.68 93.697 93.715 93.712 93.722 93.73 93.732 93.702 93.692 93.705 93.685 93.69 93.705 93.71 93.69 93.69 93.7 93.725 94.12 95.627 95.282 95.642 94.242 94.192 94.55 95.327 95.972 96.595 97.185 97.647 98.067 98.385 98.612 98.727 98.855 99.077 99.412 99.077 98.985 98.98 99.147 98.927
100.897 101.547 101.55 101.587 101.452 94.16 93.737 93.745 93.745 93.717 93.677 93.657 93.642 93.667 93.665 93.675 93.677 93.692 93.71 93.722 93.712 93.69 93.67 93.66 93.662 93.63 93.627 93.627 93.637 93.625 93.675 93.69 93.697 93.672 93.725 93.687 93.682 93.687 93.652 93.625 93.625 93.665 93.707 93.722 93.72 93.735 93.745 93.75 93.735 93.747 93.707 93.805 94 94.172 94.615 95.432 96.145 96.755 97.33 97.82 98.247 98.55 98.745 98.827 98.955 99.087 99.205 99.322 99.127 99.075 99.465 99.085
101.3 101.545 101.537 101.57 101.597 93.74 93.7 93.722 93.677 93.69 93.665 93.627 93.575 93.597 93.63 93.64 93.632 93.64 93.682 93.677 93.675 93.665 93.655 93.625 93.605 93.577 93.557 93.592 93.627 93.625 93.66 93.67 93.68 93.692 93.7 93.712 93.69 93.655 93.637 93.632 93.64 93.687 93.712 93.722 94.082 94.835 94.192 94.877 94.94 94.11 94.05 94.027 94.13 94.312 94.795 95.66 96.335 96.98 97.507 97.99 98.41 98.695 98.872 98.957 99.057 99.395 99.33 99.82 99.24 99.22 99.167 99.107
100.8 101.567 101.562 101.582 101.452 94.077 93.695 93.7 93.702 93.685 93.627 93.622 93.575 93.59 93.607 93.612 93.607 93.66 93.682 93.69 93.697 93.712 93.645 93.647 93.64 93.637 93.66 93.65 93.65 93.652 93.67 93.69 93.687 93.72 93.707 93.727 93.702 93.702 93.722 93.73 93.702 93.722 93.737 93.742 95.055 95.96 94.475 95.36 95.005 94.227 94.247 94.167 94.322 94.675 95.325 96.087 96.58 97.167 97.855 98.162 98.542 98.805 98.95 99.052 99.145 99.215 99.337 99.397 99.315 99.297 99.562 99.435
100.547 101.545 101.572 101.587 101.622 94.02 93.68 93.715 93.695 93.697 93.65 93.627 93.597 93.617 93.642 93.637 93.657 93.732 93.715 93.83 93.712 93.725 93.7 93.702 93.687 93.685 93.675 93.677 93.677 93.702 93.722 93.737 93.762 93.757 93.74 93.742 93.735 93.727 93.78 93.742 93.725 93.757 94.445 93.78 94.945 96.14 93.865 94.245 94.17 94.32 94.412 94.587 94.867 95.272 95.88 96.535 97.35 97.42 97.927 98.345 98.672 98.887 99.037 99.15 99.237 99.312 99.497 99.655 99.6 99.362 99.385 99.38
101.025 101.552 101.577 101.587 101.542 94.625 93.675 93.682 93.66 93.672 93.745 93.672 93.72 93.657 93.647 93.662 93.682 93.945 94.647 94.292 93.94 94.957 94.435 94.892 94.727 95.085 95.475 96.79 95.787 96.972 96.31 96.51 97.827 96.467 97.93 97.187 98.525 97.945 99.752 98.697 98.565 99.482 100.58 98.835 99.547 99.61 95.8 93.947 94.107 94.367 95.42 95.535 95.432 95.81 96.272 96.767 97.222 97.697 98.125 98.492 98.797 99.025 99.155 99.285 99.342 99.417 99.74 99.802 99.76 99.785 99.35 99.217
99.592 101.57 101.552 101.57 101.482 93.81 93.69 93.68 93.675 93.672 93.64 94.662 95.987 94.157 93.665 93.667 93.657 93.66 93.687 94.71 99.235 99.807 98.555 100.865 100.062 99.567 102.07 100.107 101.02 102.177 100.157 99.862 102.04 100.795 100.327 100.632 101.145 100.222 100.41 101.577 100.157 101.017 102.047 100.29 100.167 100.192 95.447 93.93 94.12 94.567 95.005 95.622 95.782 96.155 96.552 96.957 97.425 97.892 98.295 98.655 98.9 99.12 99.242 99.35 99.425 99.47 99.675 99.73 99.65 99.65 99.412 99.28
100.547 101.56 101.537 101.587 101.605 95.375 93.677 93.68 93.632 93.665 93.655 95.372 96.34 94.335 94.222 93.662 93.662 94.35 95.28 94.767 100.03 100.162 98.687 101.397 100.14 98.152 101.82 100.165 100.955 102.16 100.182 99.47 102.185 100.555 99.922 99.382 101.205 100.045 99.62 101.652 100.187 100.535 102.012 100.2 100.207 100.182 95.68 93.96 94.187 94.71 95.21 95.617 96.002 96.41 96.812 97.192 97.605 98.055 98.43 98.777 99.04 99.192 99.275 99.367 99.45 99.492 99.522 99.562 99.582 99.517 99.402 99.24
98.875 101.567 101.52 101.565 101.612 93.99 93.677 93.64 93.642 93.655 93.677 95.527 96.347 95.077 94.457 93.652 93.672 94.285 94.295 94.65 99.772 100.237 100.52 101.912 100.182 99.5 102.312 100.192 100.855 102.35 100.417 99.08 101.392 100.845 99.912 99.98 101.24 100.225 98.995 101.53 100.24 101.087 102.142 100.25 100.232 100.247 96.042 93.937 94.202 94.802 95.337 95.745 96.275 96.582 96.937 97.36 97.8 98.265 98.575 98.867 99.092 99.235 99.332 99.437 99.507 99.53 99.557 99.575 99.56 99.48 99.377 99.257
99.77 101.547 101.53 101.557 101.612 96.032 93.672 93.687 93.66 93.667 93.69 95.007 96.335 94.885 93.93 93.677 93.662 93.677 94.465 94.49 99.947 100.25 99 102.097 100.22 97.572 102.157 100.36 100.885 102.352 100.632 99.012 102.157 101.15 99.512 100.65 101.612 100.28 101.08 102.032 100.28 100.63 102.375 100.317 100.295 100.29 95.892 93.93 94.227 94.845 95.437 96.1 96.235 96.68 97.075 97.5 97.955 98.357 98.682 98.905 99.14 99.272 99.365 99.477 99.552 99.565 99.585 99.577 99.565 99.505 99.402 99.315
97.982 101.595 101.547 101.575 101.59 95.037 93.652 93.662 93.657 93.655 93.667 95.302 96.362 94.875 93.7 93.67 93.685 93.775 94.405 94.43 99.902 100.277 96.61 101.9 100.282 96.392 102.207 100.312 100.832 102.4 100.622 99.827 101.835 100.922 100.35 101.962 101.302 100.315 101.645 102.157 100.322 100.65 102.197 100.32 100.31 100.322 96.537 93.927 94.217 94.867 95.52 95.907 96.345 96.755 97.182 98.055 98.11 98.432 98.762 99.005 99.2 99.29 99.375 99.492 99.572 99.622 99.605 99.602 99.61 99.54 99.445 99.367
97.455 101.562 101.54 101.58 101.592 96.92 93.657 93.66 93.662 93.642 93.682 94.985 96.322 95.115 93.662 93.69 93.767 93.84 94.722 94.14 99.315 100.31 100.67 102.052 100.322 98.862 102.345 100.315 100.727 102.382 100.662 100.547 102.21 101.04 100.327 101.932 101.697 100.347 101.627 102.112 100.345 101.115 102.442 100.395 100.342 100.345 96.137 93.91 94.187 94.835 95.492 97.412 96.4 96.855 97.227 97.732 98.107 98.567 98.81 99.045 99.222 99.302 99.402 99.515 99.602 99.632 99.617 99.625 99.61 99.565 99.512 99.432
98.09 101.572 101.55 101.572 101.582 97.772 93.735 93.68 93.662 93.667 93.65 94.487 96.36 95.085 93.677 93.695 93.81 93.722 93.867 93.832 98.917 100.327 99.732 102.5 100.367 99.567 102.397 100.432 100.737 102.455 101.052 100.512 102.217 101.377 100.37 101.95 101.715 100.405 101.57 102.395 100.402 101.09 102.562 100.767 100.387 100.372 97.802 93.89 94.18 94.805 95.43 95.987 96.477 96.865 97.28 97.692 98.167 98.695 98.847 99.057 99.21 99.302 99.412 99.542 99.597 99.627 99.622 99.627 99.607 99.57 99.525 99.432
99.485 101.592 101.542 101.562 101.58 97.495 93.835 93.702 93.657 93.665 93.665 94.557 96.365 95.292 93.687 93.677 93.705 93.755 94.557 94.56 99.537 100.365 97.742 102.27 100.397 99 102.41 100.47 100.747 102.37 100.88 100.557 102.197 101.785 100.412 101.902 101.755 100.41 101.41 102.502 100.44 101.04 102.562 100.865 100.39 100.392 98.332 93.865 94.165 94.772 95.362 95.982 96.447 96.872 97.292 97.73 98.21 99.112 98.827 99.007 99.157 99.295 99.42 99.535 99.607 99.642 99.627 99.605 99.597 99.562 99.515 99.445
98.352 101.57 101.512 101.57 101.587 96.81 93.69 93.66 93.652 93.655 93.665 94.297 93.84 94.002 93.732 93.667 93.675 93.665 93.817 93.73 97.975 100.36 97.722 102.542 100.572 97.96 101.907 100.55 100.632 102.37 101.237 100.467 102.135 101.47 100.385 101.89 101.815 100.38 100.962 102.215 100.372 100.945 102.49 100.962 100.397 100.347 98.475 93.907 94.187 94.74 95.362 96.032 96.507 96.86 97.502 97.665 98.192 98.572 98.8 98.977 99.115 99.287 99.417 99.507 99.547 99.592 99.602 99.587 99.567 99.55 99.512 99.455
96.877 101.57 101.562 101.552 101.577 98.362 93.637 93.632 93.627 93.64 93.655 93.662 93.657 93.65 93.637 93.667 93.677 93.675 93.832 93.842 97.595 100.335 96.952 101.75 100.362 98.662 101.765 100.537 100.64 102.31 101.08 100.36 102.035 101.895 100.32 101.745 101.847 100.335 101.152 102.5 100.422 100.847 102.432 100.75 100.315 100.31 98.327 93.952 94.177 94.71 95.29 95.875 96.377 96.812 97.295 97.68 98.135 98.435 98.685 98.887 99.055 99.242 99.4 99.475 99.545 99.56 99.58 99.582 99.572 99.542 99.535 99.46
97.45 101.585 101.577 101.565 101.597 97.707 93.657 93.645 93.615 93.632 93.632 93.62 93.637 93.65 93.645 93.685 93.687 93.67 94.452 94.257 98.41 100.31 98.762 101.307 100.315 98.622 102.137 100.907 100.45 102.135 101.327 100.352 101.982 101.497 100.305 101.555 101.907 100.295 101.095 102.315 100.29 100.727 102.352 101.065 100.28 100.282 98.795 93.955 94.197 94.665 95.225 95.802 96.37 96.745 97.205 97.597 98.037 98.34 98.575 98.757 98.952 99.157 99.317 99.412 99.497 99.55 99.545 99.567 99.565 99.527 99.522 99.447
98.072 99.565 100.837 99.93 98.127 96.58 93.662 93.65 93.627 93.627 93.61 93.617 93.652 93.662 93.655 93.66 93.742 94.777 95.355 94.87 99.007 100.27 98.067 102.012 100.45 99.942 102.365 100.88 100.327 102.11 101.502 100.302 101.79 101.725 100.252 101.412 102.03 100.26 100.897 102.417 100.515 100.692 102.325 100.825 100.252 100.257 98.707 93.922 94.167 94.657 95.19 95.737 96.295 96.68 97.125 97.51 97.91 98.27 98.497 98.68 98.865 99.072 99.245 99.355 99.435 99.492 99.512 99.512 99.535 99.52 99.507 99.422
93.552 93.63 93.547 93.545 93.587 93.587 93.627 93.652 93.642 93.607 93.705 93.71 93.63 93.637 93.677 93.65 93.682 94.162 94.56 94.852 97.165 100.222 100.79 102.382 100.73 100.555 102.175 100.59 100.31 102.035 101.345 100.285 101.582 101.697 100.205 101.25 102.24 100.365 100.922 102.35 100.342 100.505 102.23 101.217 100.217 100.227 98.38 93.882 94.142 94.627 95.112 95.662 96.315 96.747 97.027 97.415 97.817 98.197 98.422 98.622 98.767 98.992 99.155 99.277 99.36 99.43 99.455 99.495 99.507 99.472 99.465 99.39
93.427 93.457 93.47 93.52 93.547 93.587 93.612 93.617 93.622 93.617 94.39 94.837 93.895 93.94 93.817 93.92 93.685 93.692 93.822 94.077 97.035 100.177 98.332 102.305 100.465 100.395 102.13 100.997 100.29 101.78 101.225 100.192 101.657 101.925 100.187 101.127 102.315 100.36 100.722 102.27 100.317 100.462 102.267 100.9 100.167 100.17 99.182 93.945 94.125 94.587 95.075 95.585 96.15 96.55 96.94 97.307 97.72 98.272 98.34 98.487 98.667 98.9 99.055 99.182 99.265 99.32 99.367 99.41 99.45 99.43 99.41 99.342
93.405 93.437 93.462 93.51 93.545 93.582 93.577 93.622 93.655 93.642 94.615 95.262 94.76 95.287 93.832 94.505 94.362 94.57 94.54 94.78 97.432 100.165 98.53 101.57 100.495 100.382 100.292 101.037 100.217 101.862 101.767 100.155 101.395 101.627 100.15 100.977 102.285 100.26 100.625 102.202 100.195 100.427 101.932 100.917 100.115 99.567 98.457 93.945 94.14 94.542 95.025 95.52 96.01 96.405 96.805 97.207 97.6 98.025 98.287 98.395 98.552 98.77 98.912 99.017 99.115 99.217 99.28 99.322 99.37 99.382 99.37 99.282
93.392 93.417 93.5 93.507 93.555 93.572 93.587 93.632 93.685 93.665 94.187 95.012 94.295 95.145 93.84 94.257 94.477 94.247 94.505 94.237 96.245 100.105 98.877 101.325 98.037 99.835 100.53 100.242 99.55 100.055 100.257 98.827 99.737 99.352 98.985 96.242 97.44 96.752 96.887 94.467 95.36 94.55 94.23 95.445 93.797 93.89 94.11 94.03 94.145 94.5 94.98 95.43 95.89 96.34 96.725 97.107 97.457 97.842 98.09 98.265 98.4 98.62 98.77 98.887 98.99 99.077 99.18 99.225 99.287 99.307 99.3 99.242
93.44 93.485 93.542 93.562 93.62 93.605 93.617 93.647 93.645 93.89 93.642 93.657 93.605 94.132 93.617 93.682 93.727 93.967 95.855 93.72 93.82 94.085 93.765 94.057 93.75 93.765 96.982 97.225 97.297 97.317 97.355 97.302 97.27 97.222 96.977 93.75 93.967 94.532 94.347 93.862 93.872 93.847 93.877 93.897 93.94 94.032 94.112 94.13 94.235 94.6 95.037 95.39 95.827 96.262 96.7 97.052 97.29 97.65 97.955 98.137 98.277 98.465 98.632 98.747 98.85 98.96 99.062 99.14 99.21 99.252 99.262 99.18
93.417 93.49 93.5 93.555 93.617 93.607 93.6 93.62 93.65 94.525 93.977 93.592 93.63 94.452 93.75 93.647 93.687 93.715 95.755 93.717 93.735 93.762 93.725 93.72 93.68 93.745 96.882 97.24 97.287 97.302 97.36 97.322 97.265 97.247 96.732 93.767 93.8 93.915 94.02 94.142 94.195 94.205 94.257 94.295 94.362 94.437 94.51 94.567 94.647 94.842 95.13 95.452 95.845 96.52 96.47 96.767 97.09 97.93 97.735 97.98 98.137 98.307 98.477 98.6 98.69 98.815 98.97 99.065 99.14 99.18 99.182 99.107
93.45 93.522 93.537 93.595 93.585 93.605 93.585 93.62 93.645 94.115 93.97 93.6 93.612 93.932 93.672 93.65 93.662 93.785 95.152 93.855 93.697 93.692 93.687 93.715 93.702 93.77 96.07 97.257 97.295 97.332 97.372 97.355 97.277 97.25 96.602 93.885 93.825 94.02 94.387 94.61 94.697 94.76 94.767 94.797 94.82 94.852 94.897 94.955 95.002 95.132 95.28 95.502 95.755 96.12 96.317 96.63 96.885 97.485 97.475 97.792 97.985 98.142 98.307 98.447 98.57 98.717 98.857 98.962 99.04 99.102 99.122 99.06
93.527 93.587 93.64 93.605 93.592 93.66 93.625 93.625 93.645 93.61 93.64 93.615 93.575 93.587 93.597 93.627 93.65 93.76 94.057 93.735 93.675 93.695 93.895 94.415 94.652 93.76 96.39 97.245 97.275 97.322 97.367 97.32 97.282 97.25 96.93 93.83 93.91 94.272 94.772 94.932 95.012 95.08 95.117 95.135 95.167 95.165 95.192 95.182 95.185 95.26 95.33 95.462 95.635 95.942 96.275 96.54 96.942 97.047 97.257 97.542 97.77 97.962 98.125 98.335 98.455 98.607 98.747 98.855 98.947 99.057 99.067 99.032
93.625 93.685 93.747 93.687 93.665 93.67 93.66 93.635 93.63 93.61 93.607 93.62 93.62 93.607 93.61 93.61 93.642 93.682 93.707 93.667 93.687 93.725 93.867 94.695 94.425 93.862 96.377 97.245 97.28 97.315 97.347 97.32 97.292 97.25 97.087 94.155 93.9 94.365 94.902 95.087 95.19 95.252 95.292 95.332 95.297 95.292 95.29 95.262 95.217 95.252 95.32 95.395 95.545 95.922 96.197 96.422 96.62 96.827 97.072 97.305 97.545 97.775 97.96 98.147 98.315 98.48 98.662 98.775 98.875 98.992 99.047 99.022
93.65 93.725 93.78 93.745 93.655 93.695 93.68 93.655 93.662 93.687 93.645 93.937 94.64 93.652 93.662 93.695 93.74 95.142 93.94 93.705 93.722 93.712 94.765 93.872 93.69 93.745 96.14 97.23 97.297 97.322 97.352 97.345 97.295 97.252 96.907 94.057 93.877 94.402 94.937 95.2 95.315 95.51 95.385 95.37 95.345 95.312 95.272 95.272 95.24 95.247 95.287 95.325 95.427 95.657 96.002 96.23 96.417 96.63 96.812 97.07 97.342 97.592 97.832 98.007 98.162 98.342 98.542 98.68 98.792 98.925 99.005 99.007
93.68 93.732 93.735 93.75 93.687 93.707 93.692 94.797 94.3 93.65 93.662 94.465 95.005 93.712 93.71 93.737 93.872 95.85 93.88 93.74 93.742 93.71 94.987 94.085 93.707 93.745 95.502 97.24 97.272 97.305 97.347 97.332 97.277 97.24 97.195 94.157 93.855 94.427 94.975 95.31 95.332 95.56 95.427 95.375 95.372 95.33 95.282 95.282 95.232 95.26 95.28 95.295 95.372 95.467 95.717 96.012 96.232 96.395 96.572 96.845 97.157 97.532 97.692 97.862 98.04 98.212 98.435 98.607 98.727 98.857 98.96 98.977
93.672 93.705 93.707 93.732 93.717 93.717 93.812 94.927 95.03 93.697 94.752 94.505 95.39 94.467 94.585 94.99 94.925 97.037 94.755 95.765 95.245 94.102 95.145 94.892 95.057 94.885 95.902 97.26 97.275 97.327 97.357 97.345 97.305 97.242 97.227 94.565 93.845 94.44 95.012 95.175 95.232 95.4 95.29 95.41 95.41 95.387 95.372 95.31 95.29 95.277 95.292 95.29 95.31 95.397 95.6 95.832 96.06 96.22 96.465 96.667 96.927 97.372 97.5 97.677 97.927 98.09 98.322 98.515 98.667 98.832 98.927 98.957
94.747 94.767 96.035 95.272 97.307 97.79 98.977 98.512 99.617 98.685 99.965 99.345 99.447 99.785 99.647 100.125 99.947 100.165 99.992 100.185 100.192 97.73 97.245 97.227 97.252 97.24 97.255 97.227 97.29 97.29 97.345 97.332 97.282 97.245 97.227 94.345 93.817 94.347 94.99 95.182 95.225 95.37 95.287 95.387 95.407 95.427 95.415 95.397 95.342 95.315 95.272 95.297 95.327 95.41 95.527 95.72 95.93 96.122 96.34 97.02 96.857 97.357 97.347 97.52 97.8 97.962 98.197 98.412 98.602 98.752 98.89 98.92
