data/LIDAR-DSM-2M-NZ24se/nz2741_DSM_2M.asc
ncols 500
nrows 500
xllcorner    427000
yllcorner    541000
cellsize     2
NODATA_value -9999
[rows 128 to 159 of 500, columns 365 to 437 of 500]
53.28 53.207 53.66 53.485 53.272 53.297 53.407 53.547 55.617 59.167 60.895 61.025 59.787 55.51 53.817 54.287 56.607 58.752 57.767 53.697 53.472 55.482 62.105 63.505 63.99 63.495 63.045 60.397 57.09 55.785 55.945 56.22 56.427 57.932 59.952 59.85 59.042 61.692 63.057 64.097 64.65 63.555 62.27 57.31 56.075 56.027 56.035 56.157 56.572 57.032 57.027 56.267 55.522 55.222 58.907 62.5 62.907 61.217 56.842 54.775 54.602 54.657 54.597 54.582 54.607 54.715 55.717 55.127 55.332 56.727 57.92 57.89 59.662
53.307 53.325 53.647 54.04 53.335 53.322 53.352 53.515 53.625 55.297 59.912 60.957 60.775 59.187 55.067 54.437 55.465 56 56.025 54.112 53.592 53.392 59.835 63.14 63.957 63.015 61.777 58.317 56.715 56.285 56.23 56.167 56.187 57.292 58.265 57.262 57.15 58.315 62.677 63.78 64.76 63.99 62.832 59.59 56.205 56.09 56.022 56.112 56.192 56.33 57.282 56.5 56.522 56.027 59.737 62.715 64.1 62.477 59.895 54.695 54.667 54.655 54.68 54.657 54.652 54.785 55.115 55.582 56.21 56.722 58.072 57.695 58.995
53.545 53.347 53.36 53.407 53.54 53.402 53.372 53.447 53.59 53.847 56.707 60.187 61.36 60.362 56.197 54.802 54.815 55.632 56.002 54.837 54.12 53.415 58.97 62.842 63.87 63.445 61.962 57.277 56.235 56.27 56.252 56.245 56.162 56.22 56.36 56.187 56.322 57.222 61.982 63.485 64.6 64.34 63.122 60.692 56.875 56.08 56.032 56.01 56.027 56.075 56.502 57.14 56.1 55.987 57.89 62.182 63.717 63.065 61.68 55 54.7 54.682 54.767 54.782 55.127 54.85 54.97 57.787 59.23 59.18 58.175 57.815 59.037
53.497 53.365 53.42 53.425 53.905 53.937 53.417 53.42 53.542 53.717 53.717 57.777 60.305 56.212 55.817 54.845 54.615 55.185 56.36 55.947 55.102 56.722 62.467 63.002 63.727 63.76 62.64 57.582 56.412 56.712 56.677 56.117 56.137 56.122 56.11 56.34 56.34 56.415 60.76 63.11 64.245 64.622 63.455 61.842 57.027 56.062 56.022 55.957 55.942 56.017 56.337 56.557 57.647 56.782 56.15 61.327 62.775 63.475 58.192 55.922 54.815 54.767 54.787 54.822 54.967 55.42 55.385 58.32 58.91 58.262 58.037 58.242 58.405
54.422 53.377 53.415 53.525 53.477 53.697 53.475 53.467 53.507 53.622 53.73 53.965 56.527 55.99 55.937 55.892 54.697 54.835 57.15 56.655 55.645 58.187 62.57 63.66 64.422 64.162 63.022 59.305 56.607 56.24 56.137 56.06 56.067 56.095 56.092 57.04 56.627 56.56 59.005 62.817 63.952 64.707 63.84 62.725 59.662 56.08 55.975 55.905 55.915 55.932 56.022 56.682 57.415 57.5 56.11 59.307 58.3 57.27 55.192 55.035 54.872 54.835 54.86 54.872 54.947 55.577 55.1 58.127 59.577 59.362 58.132 58.02 58.017
57.015 53.522 53.535 53.607 53.607 53.5 54.187 53.732 53.505 53.565 53.657 53.755 53.847 55.615 55.97 55.967 55.3 54.557 55.705 58.282 56.147 56.957 61.432 63.275 64.357 64.41 63.297 61.677 57.775 56.23 56.127 56.027 56.025 56.065 56.05 56.385 57.102 56.427 56.58 61.94 63.645 64.672 64.167 63.102 62.247 59.11 55.935 55.827 55.817 55.91 55.952 56.162 56.225 57.482 56.497 55.572 55.422 55.305 55.23 55.097 55.022 54.912 54.9 54.96 54.97 55.425 55.79 55.06 59.34 59.772 58.765 57.525 57.755
53.885 53.567 53.645 53.64 53.635 53.632 53.912 53.987 53.555 53.575 53.622 53.692 53.785 54.072 55.625 55.957 55.997 55.235 56.475 56.802 58.635 55.985 59.09 62.932 64.087 64.612 63.647 62.072 58.557 56.35 56.132 56.017 56.005 56.037 56.025 56.05 56.067 56.142 56.745 60.872 63.277 64.332 64.525 63.465 62.552 57.972 55.905 55.802 55.742 55.792 55.9 56.007 56.387 55.83 55.682 55.507 55.392 55.347 55.262 55.275 55.227 55.03 54.962 55.04 55.105 55.155 55.62 55.462 59.207 59.782 59.475 57.49 57.482
56.435 55.855 53.732 53.705 53.695 53.692 53.662 53.622 53.61 53.627 53.607 53.647 53.71 53.837 54.617 55.977 56.005 56.082 56.452 56.54 57.37 56.69 57.157 62.612 63.76 64.685 63.997 62.875 59.602 56.547 56.092 56.05 56.015 56.04 56.017 56.04 56.217 56.34 56.492 60.19 62.972 63.827 63.695 63.265 62.455 59.38 55.835 55.762 55.72 55.747 55.857 55.95 55.905 55.742 55.657 55.535 55.457 55.407 55.767 55.975 55.407 55.182 55.095 55.147 55.597 55.327 55.955 55.82 56.095 58.592 58.925 56.85 57.23
61.087 60.3 59.902 57.387 53.792 53.777 53.76 53.68 53.787 54.347 53.69 53.68 53.725 53.787 53.842 55.095 56.132 56.162 55.86 55.02 57.732 57.54 57.882 62.13 63.375 64.442 64.34 63.245 61.02 57.292 56.162 56.097 56.045 55.995 56.042 56.052 56.212 56.34 56.337 59.67 62.54 62.925 62.627 61.667 61.102 58.715 55.825 55.767 55.772 55.767 55.775 55.825 55.83 55.8 55.68 55.74 56.127 55.737 55.737 56.17 56.457 56.585 55.517 55.172 55.18 55.235 55.187 55.27 55.46 56.855 56.312 56.7 57.047
61.01 61.77 61.342 60.097 56.7 54.362 53.825 53.77 53.732 54.31 53.782 53.747 53.737 53.78 53.832 54.225 55.202 56.175 56.12 55.58 55.232 57.377 56.267 59.272 63.047 64.145 64.58 63.592 62.462 58.55 56.297 56.332 56.16 56.047 56.042 56.055 56.237 56.655 56.375 56.94 60.545 60.385 60.645 57.812 56.072 56.32 55.822 55.822 55.85 55.845 55.817 55.822 55.835 56.022 55.99 56.695 56.25 56.115 58.917 62.367 59.94 56.63 56.62 55.41 55.225 55.27 55.272 55.262 55.282 55.595 57.545 59.827 57.595
59.787 61.085 61.895 61.335 60.302 58.255 53.882 54.025 53.892 53.795 54.275 54.01 53.762 53.797 53.855 53.935 54.025 56.097 56.157 56.085 55.327 57.112 56.637 57.555 62.695 63.787 64.672 63.91 62.78 59.535 56.75 56.312 56.255 56.055 56.01 56.037 56.095 56.222 56.315 56.197 56.21 56.025 56.002 55.95 55.902 55.902 55.895 55.892 55.88 55.875 55.835 55.825 56.057 56.715 56.112 56.19 60.462 62.957 65.585 64.462 61.827 57.667 56.552 55.817 55.45 55.28 55.327 55.385 55.342 58.105 60.347 59.675 58.19
55.737 60.055 61.23 61.957 61.332 60.262 57.53 54.51 54.012 53.91 53.912 55.452 54.042 53.832 53.805 53.882 53.987 54.377 56.185 55.94 55.397 56.09 56.8 57.672 61.802 63.532 64.39 64.122 63.107 61.145 56.635 56.305 56.24 56.07 55.987 56.02 55.985 55.997 56.03 56.032 55.912 55.927 55.95 55.992 55.96 55.985 55.972 56.002 56.035 56.03 56.002 55.865 55.962 56.405 57.91 59.487 62.97 64.437 65.587 64.99 63.782 58.842 56.687 57.625 55.702 55.377 55.382 55.39 55.44 56.93 59.462 58.242 58.267
53.767 55.915 60.11 61.212 61.962 61.27 60.18 55.98 54.247 54.012 53.945 54.16 54.065 53.902 53.842 53.87 53.93 54.032 54.897 55.315 56.16 56.487 56.635 58.675 62.352 63.17 63.585 63.29 62.925 62.35 57.862 56.29 56.132 56.007 55.957 56.007 55.975 55.95 55.96 55.972 55.975 55.985 56.005 56.005 56.03 56.045 56.13 56.46 56.675 56.637 56.282 55.945 56.127 57.845 56.9 57.382 59.017 63.877 65.202 65.52 64.305 62.832 56.95 57.075 56.637 55.635 55.477 55.442 55.48 55.47 56.985 58.89 59.622
53.787 54.362 56.632 60.18 61.292 61.99 61.297 60.192 56.24 54.312 54.002 54.005 53.89 53.925 53.96 53.98 53.995 54.055 54.077 55.955 56.31 56.375 57.927 57.65 59.427 62.562 62.497 62.317 59.482 59.465 57.315 56.077 56.002 55.907 55.957 56 55.987 56.007 56.025 56.025 56.047 56.037 56.052 56.127 56.147 56.25 56.375 56.647 56.607 58.467 60.67 57.697 55.99 56.675 57.357 57.37 58.405 62.99 64.697 65.697 64.677 63.31 56.607 56.77 57.31 55.912 55.515 55.56 55.58 55.55 55.635 55.952 57.107
54.377 53.925 54.142 57.712 60.145 61.205 61.88 61.14 57.637 54.1 54.087 54.037 54.002 53.947 53.977 54.02 54.057 54.095 54.112 54.997 56.342 56.292 58.99 56.937 57.665 58.852 58.597 58.447 57.392 55.975 55.867 55.93 55.925 55.915 55.975 56.03 56.032 56.065 56.112 56.12 56.12 56.127 56.222 56.38 56.617 56.827 57.5 57.055 60.952 62.295 62.692 60.605 56.547 56.452 57.287 57.575 58.405 61.685 64.345 65.847 65.27 63.615 60.132 56.945 56.652 55.987 55.562 55.575 55.635 55.687 55.647 55.827 56.74
54.995 54.89 54.147 54.702 56.897 60.255 61.282 61.245 58.87 55.355 54.115 54.08 54.115 54.042 54.02 54.08 54.067 54.08 54.132 54.185 56.307 55.875 55.86 57.392 56.382 56.217 56.34 56.322 56.027 56.06 56.857 55.94 55.95 55.982 55.992 56.04 56.162 56.18 56.357 56.627 56.455 56.477 56.765 56.885 57.722 58.577 61.452 62.392 63.127 63.385 63.182 62.35 57.68 56.15 58.015 59.432 59.362 60.765 63.857 65.532 65.995 64.142 60.17 56.62 56.585 56.01 55.785 55.662 55.7 55.742 55.697 55.77 56.162
55.082 56.377 55.552 54.07 54.007 56.727 60.105 61.087 58.947 55.725 54.21 54.352 54.3 54.177 54.077 54.02 54.097 54.16 54.145 54.2 54.517 54.225 54.32 57.1 58.01 56.955 57.605 56.8 56.822 57.65 56.945 56.227 56.002 56.085 56.3 56.602 56.842 57.242 56.577 56.855 56.787 56.702 57.542 59.33 61.557 62.662 63.05 63.332 63.225 62.745 62.22 59.475 60.31 56.185 57.227 59.457 58.377 58.212 62.987 64.832 65.64 64.557 62.212 56.89 56.565 56.157 55.855 55.705 55.76 55.81 55.782 55.77 55.892
53.967 55.3 55.06 54.647 54.097 54.34 56.897 58.26 58.75 54.54 54.45 54.53 54.442 54.34 54.21 54.092 54.265 54.28 54.175 54.215 54.227 54.257 54.28 56.027 59.342 58.157 57.727 57.477 57.547 56.797 56.26 56.092 56.14 56.567 56.937 57.085 56.967 56.752 56.597 57.525 57.655 60.27 61.345 62.732 63.217 63.555 63.235 62.657 62.125 61.12 60.227 58.437 56.615 56.577 56.375 57.287 57.712 58.162 61.095 64.277 65.66 64.87 61.687 56.935 56.507 56.412 55.875 55.785 55.84 55.852 55.822 55.85 55.902
55.325 54.207 54.835 55.79 54.245 54.167 54.452 55.23 55.77 59.542 57.197 55.577 54.577 54.45 54.352 54.27 54.47 55.182 54.205 54.225 54.287 54.28 54.317 54.752 58.567 58.015 57.502 57.287 57.302 56.622 56.365 56.292 57.195 56.46 57.082 56.845 56.477 57.325 57.767 61.385 61.972 62.835 63.26 63.65 63.205 62.732 62.26 61.07 60.052 57.64 57.582 56.275 56.395 56.817 56.33 57.645 57.222 56.785 57.357 63.362 65.66 64.757 61.787 56.707 56.672 56.1 55.987 55.842 55.892 55.905 55.937 55.922 55.91
55.717 55.597 54.525 55.987 54.717 54.417 54.222 55.305 60.685 61.855 61.36 60.977 59.055 55.25 54.535 54.477 54.407 55.042 54.377 54.25 54.287 54.315 54.362 55.175 55.895 58.047 57.222 56.722 56.802 56.72 56.645 56.582 56.995 56.867 57.202 57.42 58.74 60.737 62.557 63.105 63.515 63.56 63.142 62.687 62.142 60.632 60.065 58.06 57.307 56.232 57.65 56.58 56.712 56.805 56.417 57.557 57.85 58.75 59.657 64.405 65.78 64.485 62.397 57.752 57.297 56.307 56.015 55.89 55.96 55.97 55.99 55.962 56
54.467 56.265 55.217 54.8 55.96 55.415 54.577 55.885 60.85 61.902 62.652 61.99 60.445 58.122 54.895 54.67 54.95 54.36 54.277 54.28 54.322 54.365 54.407 55.547 55.98 56.772 57.542 56.587 56.757 57.432 57.327 57.29 56.932 56.892 59.012 61.17 62.712 63.212 63.65 63.655 63.127 62.575 61.737 57.89 58.187 57.82 56.845 56.4 56.392 56.312 57.317 57.222 56.737 56.445 57.46 57.672 56.975 57.17 59.712 65.15 65.99 64.412 62.222 58.802 59.74 56.7 56.07 55.99 56.017 56.017 56.035 56.03 56.045
54.27 56.812 56.445 55.025 55.28 56.235 55.295 54.542 56.16 60.767 62.05 62.67 61.932 60.895 58.33 54.75 54.61 55.505 54.437 54.347 54.395 54.397 54.437 54.957 55.857 55.772 57.125 56.622 56.687 56.98 57.43 57.402 59.147 60.407 61.832 62.05 63.01 63.557 63.175 62.235 60.812 58.322 57.267 56.455 56.677 56.497 56.515 56.747 56.515 57.165 56.92 56.85 56.487 57.947 58.847 57.535 56.872 58.145 62.257 65.512 65.3 64.132 59.187 57.63 58.382 56.405 56.12 55.997 56.06 56.075 56.105 56.147 56.137
54.287 54.512 54.895 56.115 54.715 55.192 55.63 54.665 54.622 57.617 60.985 62.062 62.705 61.985 60.86 56.605 54.635 54.732 54.68 54.44 54.45 54.455 54.485 54.547 54.84 55.542 56.352 56.875 56.762 56.795 58.397 60.605 61.155 60.16 61.312 61.907 62.552 62.137 61.58 57.482 57.247 56.622 56.567 56.5 56.482 56.602 56.595 56.74 56.81 56.615 56.78 57.027 57.455 57.557 57.192 58.097 59.61 60.47 64.907 65.722 65.105 61.91 58.107 57.08 57.272 56.275 56.135 56.035 56.122 56.145 56.155 56.187 56.237
54.277 54.472 54.615 54.857 55.86 54.46 55.495 55.817 54.99 55.225 58.125 60.955 62.027 62.647 61.885 60.265 56.447 54.665 54.72 54.877 54.532 54.645 54.877 54.577 54.627 55.222 55.81 57.18 56.875 56.73 58.387 60.267 61.267 60.627 61.19 61 60.77 57.88 57.295 56.745 56.572 56.59 56.542 56.527 56.547 56.577 56.522 56.62 56.675 56.877 59.05 58.215 57.34 57.567 57.742 57.637 61.692 64.672 65.652 65.355 64.455 60.475 57.842 57.237 56.982 56.335 56.157 56.122 56.182 56.192 56.305 56.287 56.245
54.15 54.357 54.417 54.6 58.275 59.37 55.07 56.91 57.955 55.11 55.172 57.872 61.037 62.14 62.755 61.887 60.787 55.69 54.677 54.78 54.802 55.027 55.785 54.647 55.162 55.657 55.992 56.96 57.26 56.68 58.257 59.88 60.787 61.047 59.815 57.377 56.797 56.695 56.585 56.585 56.872 56.627 56.65 56.895 56.63 56.552 56.63 57.207 57.385 56.882 61.775 61.292 57.482 58.585 58.695 61.785 62.912 65.385 66.21 64.902 62.417 60.092 57.062 56.64 56.352 56.245 56.11 56.19 56.21 56.25 56.377 56.397 56.292
54.052 54.315 54.327 55.615 59.79 59.225 55.85 55.325 57.462 56.067 54.895 54.665 58.775 60.962 62.067 62.667 61.56 56.657 54.72 54.742 54.985 54.755 54.942 55.05 55.647 55.805 56.035 56.105 57.567 56.707 57.347 59.645 60.397 61.252 60.457 58.072 56.517 56.577 56.587 56.577 56.595 56.807 56.712 56.717 56.625 56.802 57.285 57.597 57.655 61.98 64.16 64.325 62.175 60.505 63.415 64.505 65.347 65.752 64.867 63.302 60.735 57.16 57.587 56.535 56.435 56.297 56.157 56.345 56.31 56.29 56.352 56.375 56.317
53.987 54.18 54.27 56.02 60.07 60.53 59.462 55.827 55.302 55.63 54.83 54.807 54.907 57.99 61.092 62.155 61.515 60.097 55.627 55.25 55.102 54.765 54.87 55.15 55.522 55.862 56.057 56.187 56.442 56.915 57.007 59.092 60.017 60.867 60.547 59.292 56.532 56.597 56.817 57.122 56.562 56.617 56.967 57.12 57.125 56.975 57.055 56.927 57.155 61.47 64.472 64.905 63.797 64.16 64.887 65.587 65.762 65.035 64.105 60.87 57.285 58.012 57.547 56.577 56.465 56.307 56.19 56.29 56.35 56.39 56.5 56.512 56.492
54.012 54.145 54.285 55.157 60.495 61.73 59.877 56.33 55.867 55.597 55.407 54.99 54.902 54.807 58.485 61.05 62.032 58.595 55.385 55.18 54.935 54.957 54.982 55.097 55.422 55.815 56.132 56.26 56.33 56.735 56.597 57.08 58.615 59.927 59.177 58.11 57.125 56.937 56.66 56.722 57.392 58.885 57.595 56.855 58.392 59.93 62.43 57.692 56.977 58.27 63.672 64.912 64.797 65.31 66.685 65.877 64.83 63.722 62.8 57.36 57.125 57.547 56.737 56.587 56.445 56.252 56.282 56.372 56.42 56.545 56.64 56.655 56.612
54.085 54.16 54.292 55.33 59.822 60.925 57.53 55.577 56.017 55.325 55.625 55.28 55.02 54.975 54.837 58.745 57.88 56.852 55.352 55.35 55.257 55.22 55.222 55.567 55.347 55.675 56.017 56.442 56.327 57.052 56.815 56.577 57.117 59.835 59.467 56.867 56.665 56.627 57 57.277 57.702 58.18 56.885 56.885 62.602 64.482 64.445 63.285 59.82 62.997 64.38 65.152 65.725 65.752 65.192 64.567 63.677 61.347 57.477 57.112 57.145 56.795 56.692 56.542 56.322 56.267 56.33 56.427 56.477 56.512 56.527 56.575 56.605
54.047 54.162 54.21 54.55 54.745 56.475 56.332 55.06 55.232 56.492 54.995 55.697 55.462 55.097 55.085 55.1 56.137 55.267 56.277 58.492 56.892 56.195 55.347 55.542 55.37 55.592 55.885 56.222 56.392 56.415 56.86 57.402 58.03 62.165 57.61 56.617 56.967 57.155 57.212 57.112 57.045 58.547 57.04 57.967 63.65 64.725 64.875 64.032 63.337 64.882 65.417 65.802 65.475 64.835 64.235 63.037 58.747 57.885 57.332 57.077 56.922 56.735 56.6 56.447 56.255 56.367 56.375 56.432 56.46 56.495 56.472 56.482 56.507
54.095 54.145 54.297 54.485 54.74 54.81 54.867 55.032 55.015 55.315 56.265 55.382 55.947 55.227 55.24 55.257 55.57 56.332 59.98 59.64 58.865 57.932 55.395 55.5 55.57 55.542 55.76 56.037 56.23 56.312 56.642 59.275 58.957 59.925 57.92 57.182 57.095 57.27 56.952 59.75 61.81 63.675 57.537 57.61 61.052 64.272 65.13 64.85 65.407 66.127 65.602 65.005 64.5 63.675 62.182 57.707 57.712 57.435 57.39 56.94 56.787 56.677 56.465 56.3 56.282 56.357 56.355 56.38 56.425 56.517 56.492 56.515 56.502
54.292 54.162 54.227 54.342 54.535 54.735 54.885 54.977 55.01 55.197 55.717 56.295 55.582 55.882 55.485 55.54 55.835 57.955 59.38 60.1 59.52 58.597 56.832 55.685 55.847 56.265 55.7 55.91 56.082 56.237 56.54 58.362 57.692 57.48 57.187 56.9 57.067 57.797 58.907 63.427 64.94 64.517 62.915 60.845 63.6 64.55 65.447 65.66 65.567 65.215 64.637 63.98 61.697 58.047 57.795 57.232 57.58 57.432 56.94 56.872 56.69 56.55 56.297 56.272 56.33 56.352 56.322 56.367 56.407 56.41 56.437 56.487 56.457
