data/LIDAR-DSM-2M-NZ24se/nz2741_DSM_2M.asc
ncols 500
nrows 500
xllcorner    427000
yllcorner    541000
cellsize     2
NODATA_value -9999
[rows 64 to 95 of 500, columns 0 to 72 of 500]
65.746 65.696 65.851 65.746 65.553 65.371 65.481 65.363 64.676 63.696 63.363 63.306 63.468 62.658 60.188 57.888 57.783 58.511 59.756 61.098 62.768 63.398 62.831 62.208 62.886 61.718 61.101 60.178 59.576 58.856 57.383 55.486 53.518 51.911 50.338 48.691 47.231 45.798 44.518 43.911 43.663 43.433 43.248 43.191 43.111 42.946 42.694 42.572 42.492 41.931 43.381 41.593 39.977 40.495 47.755 43.824 55.386 51.638 48.612 51.661 51.715 48.392 46.541 45.965 -9999 -9999 -9999 -9999 -9999 -9999 -9999 -9999 -9999
65.708 65.638 65.741 65.913 65.708 65.361 65.298 65.088 64.203 63.601 63.498 63.493 63.878 62.838 60.623 57.898 57.456 57.826 58.816 60.053 61.578 62.216 61.918 61.246 61.578 60.596 60.061 59.673 59.258 58.243 56.913 55.396 53.666 51.963 50.473 49.118 47.556 46.218 44.856 44.066 44.116 43.523 43.326 43.241 43.193 43.031 42.939 43.377 42.69 44.104 45.633 44.228 46.43 44.836 47.43 48.25 49.384 48.784 49.913 51.735 49.941 46.026 44.247 43.858 44.119 -9999 -9999 -9999 -9999 -9999 -9999 -9999 -9999
65.683 65.621 65.661 65.916 65.756 65.496 65.188 64.873 64.071 63.703 63.711 63.608 63.926 65.581 63.256 58.103 57.181 57.163 57.676 58.658 62.676 60.958 61.236 62.648 60.598 61.803 59.906 59.446 59.051 57.973 56.728 55.336 53.761 52.086 50.541 49.006 47.626 46.306 45.008 44.031 43.681 43.608 43.393 43.298 43.261 43.106 43.232 43.224 44.317 45.479 46.208 46.847 47.918 48.121 38.323 35.797 42.613 46.875 47.866 49.125 48.782 47.998 45.697 44.366 44.231 -9999 -9999 -9999 -9999 -9999 -9999 -9999 -9999
65.646 65.623 65.596 65.681 65.803 65.653 65.236 64.841 64.226 63.858 63.783 63.728 65.336 67.006 65.923 58.631 57.078 56.693 56.786 57.321 59.046 59.141 60.206 61.868 60.258 60.038 59.616 59.313 59.096 59.288 57.073 55.353 53.716 52.306 50.808 49.208 47.826 46.448 45.081 44.183 43.931 44.021 43.553 43.428 43.398 43.453 44.601 43.626 45.187 45.896 47.155 47.834 46.206 47.332 45.136 37.001 36.78 41.105 44.958 44.738 43.641 46.367 46.659 45.921 -9999 -9999 -9999 -9999 -9999 -9999 41.364 41.31 -9999
65.621 65.573 65.583 65.543 65.721 65.636 65.371 65.433 64.588 64.023 63.933 63.896 64.001 66.406 67.941 60.626 58.986 56.436 56.246 56.423 56.868 57.673 58.828 60.156 60.561 59.538 59.346 59.318 59.003 58.133 59.778 63.513 58.606 52.483 50.968 49.498 48.301 46.693 45.233 44.386 44.041 43.903 43.648 43.586 43.473 43.476 43.291 44.329 44.979 45.719 45.95 47.001 48.559 44.981 44.576 37.888 38.124 33.658 39.117 40.359 36.86 38.278 42.724 -9999 -9999 -9999 -9999 -9999 -9999 42.09 40.747 40.258 42.511
66.796 65.533 65.563 65.498 65.563 65.753 65.481 65.048 64.428 64.158 64.068 64.168 63.888 64.448 66.588 64.291 62.118 56.313 55.883 55.838 56.148 57.391 58.431 62.828 64.156 59.553 59.181 59.183 58.886 58.148 57.268 57.341 54.446 52.731 51.278 49.823 48.661 47.308 45.481 44.783 44.298 44.038 43.808 43.721 43.621 43.581 43.503 44.501 45.699 46.014 45.857 44.033 44.488 40.878 38.647 39.33 35.708 34.051 37.825 40.982 33.903 34.31 34.427 -9999 -9999 -9999 45.112 45.039 45.176 44.298 42.123 41.732 44.026
66.648 65.568 65.463 65.478 65.416 65.533 65.401 65.106 64.723 64.271 64.178 64.571 65.023 63.286 63.798 59.318 57.743 56.418 55.728 55.398 55.498 56.141 57.778 60.208 63.808 59.366 59.251 59.306 58.841 58.148 56.963 55.993 54.811 53.771 51.773 50.071 48.548 47.338 45.633 44.918 44.676 44.298 44.068 43.888 43.763 43.701 43.646 44.287 45.278 46.077 46.49 42.861 41.092 39.632 38.138 37.151 35.995 35.331 36.205 36.215 36.126 33.924 34.542 43.649 45.201 45.071 45.026 45.031 45.197 45.211 45.084 44.231 44.199
66.863 65.896 65.468 65.436 65.401 65.416 65.428 65.483 64.626 64.441 64.291 65.066 64.926 62.833 61.021 62.276 61.633 57.128 55.758 55.183 54.943 55.193 56.498 58.828 60.848 59.583 59.336 59.368 59.121 58.708 57.346 56.791 57.811 57.568 53.521 51.528 49.066 47.326 45.761 45.101 44.738 44.376 44.238 44.111 43.946 43.861 43.818 44.598 46.204 45.382 46.712 44.145 45.272 40.368 38.715 39.555 36.18 37.897 36.936 34.231 35.901 34.526 40.116 45.261 45.213 45.163 44.82 44.851 44.873 44.2 44.104 44.119 44.15
66.681 66.608 65.498 65.416 65.393 65.346 65.443 65.281 64.691 64.541 64.428 64.511 63.591 62.986 61.878 61.001 60.248 58.503 55.971 55.093 54.698 54.621 58.778 60.368 61.606 59.838 59.401 59.398 59.366 60.238 60.203 57.963 60.926 59.488 54.348 51.826 49.143 47.391 46.061 45.231 44.946 44.658 44.453 44.383 44.221 44.111 44.091 45.166 45.06 46.483 47.323 46.148 47.371 41.144 39.308 37.67 40.264 39.846 43.478 42.207 43.504 43.361 45.097 45.061 44.643 44.139 44.171 44.155 44.092 44.092 44.162 44.107 44.159
66.676 66.736 65.643 65.408 65.353 65.291 65.258 65.078 64.806 64.641 64.458 64.508 63.643 64.826 64.191 60.153 59.173 59.821 57.433 55.701 54.523 54.261 56.298 58.951 57.828 58.268 59.376 59.471 59.418 61.803 61.231 57.336 59.748 62.351 55.356 50.198 48.753 47.481 46.426 45.716 45.261 44.986 44.756 44.666 44.611 44.368 44.283 44.842 45.799 46.104 47.722 45.564 48.872 45.597 44.789 44.404 44.174 44.096 44.117 44.148 44.198 44.491 44.152 44.048 44.101 44.144 44.159 44.157 44.115 44.484 44.38 44.352 44.171
66.623 66.746 66.458 65.411 65.301 65.283 65.208 65.073 64.936 64.773 64.608 64.478 63.876 63.838 62.398 59.691 60.501 61.056 61.036 60.186 54.681 53.981 53.831 54.591 55.576 57.238 59.191 59.363 60.496 66.618 65.191 59.101 55.861 62.773 55.533 51.901 49.418 48.938 47.171 46.438 45.853 45.456 45.213 45.091 45.001 44.721 44.533 44.557 45.671 47.584 47.575 47.135 45.591 44.614 44.174 44.107 44.075 44.11 44.156 44.223 44.217 44.206 44.171 44.074 44.117 44.222 44.815 44.644 45.314 45.307 44.218 43.573 39.828
66.456 66.648 66.568 65.711 65.296 65.248 65.196 65.146 65.016 64.808 64.668 64.721 63.896 62.868 61.543 60.616 64.541 66.366 62.318 62.376 57.856 53.858 53.543 53.611 54.618 56.151 58.211 59.733 59.266 61.843 62.808 56.628 57.786 65.138 59.301 56.943 50.278 57.278 49.296 47.066 46.651 46.281 45.913 45.671 45.343 44.991 44.756 44.768 45.848 46.806 47.319 46.939 44.293 44.23 44.232 44.156 44.166 44.18 44.213 44.239 44.221 44.277 44.072 44.698 44.95 45.178 44.46 44.644 45.102 45.191 44.944 40.579 36.053
66.273 66.453 66.471 66.361 65.348 65.228 65.196 65.161 65.078 64.876 64.783 64.811 64.031 63.253 64.546 62.181 61.208 64.296 64.581 63.941 60.426 53.813 53.288 53.133 53.706 55.406 57.583 59.006 58.053 58.303 59.798 57.278 57.021 60.323 58.273 57.858 51.181 49.066 49.571 47.838 46.943 46.348 45.931 45.578 45.378 45.106 44.943 44.791 44.718 45.255 44.898 44.438 44.371 44.312 44.25 44.165 44.133 44.14 44.149 44.145 44.163 43.014 43.255 44.471 42.079 42.33 44.107 44.698 -9999 -9999 -9999 -9999 36.816
66.163 66.338 66.418 66.306 65.808 65.228 65.181 65.146 65.081 64.958 64.866 64.733 63.993 63.986 64.266 62.506 60.156 60.371 66.796 62.843 56.573 54.061 53.141 52.831 52.873 53.666 55.073 55.721 56.931 58.341 58.508 57.496 56.448 56.968 55.246 58.543 53.293 52.581 47.891 47.031 46.523 46.186 45.933 45.753 45.513 45.328 45.116 44.918 44.807 44.595 44.496 44.433 44.355 44.309 44.207 44.126 44.076 44.119 44.189 44.405 42.87 40.199 44.262 43.748 37.435 38.327 39.678 -9999 -9999 -9999 -9999 -9999 -9999
66.123 66.171 66.388 66.418 66.383 65.331 65.163 65.138 65.108 65.001 64.878 64.706 63.913 64.193 65.113 62.673 60.601 60.858 62.726 60.986 56.253 54.573 53.226 52.656 52.438 52.748 53.576 55.103 56.873 56.831 56.658 56.256 55.648 53.778 52.773 50.861 48.888 47.811 47.251 46.883 46.611 46.368 46.133 45.921 45.653 45.398 45.216 45.008 44.758 45.548 48.473 45.515 45.142 44.273 44.232 44.226 43.924 42.38 39.151 35.868 34.224 34.411 42.378 42.651 39.333 39.219 39.143 39.131 -9999 -9999 -9999 -9999 -9999
66.108 66.103 66.178 66.328 66.358 65.946 65.141 65.116 65.096 65.016 64.936 64.741 64.038 63.701 64.161 65.538 62.648 61.198 60.058 60.406 57.208 55.221 53.476 52.636 52.206 52.168 52.896 53.948 54.753 54.673 54.191 54.013 52.971 50.848 49.303 48.216 47.883 47.553 47.293 47.008 46.733 46.521 46.258 45.993 45.733 45.448 45.173 44.926 45.676 54.608 56.974 53.981 49.643 44.156 44.504 42.304 43.33 42.744 40.209 40.123 37.379 34.483 42.891 41.28 45.963 40.312 39.244 38.873 -9999 -9999 -9999 -9999 -9999
66.083 66.083 66.083 66.246 66.373 66.398 65.298 65.076 65.103 65.021 64.936 64.903 64.128 65.041 65.531 63.668 61.601 60.916 59.068 62.828 60.771 57.588 56.238 52.751 52.176 51.733 51.791 52.296 52.901 52.658 51.391 50.618 49.493 48.878 48.531 48.223 47.886 47.596 47.318 47.088 46.838 46.601 46.258 45.978 45.648 45.406 45.173 49.646 63.798 57.363 56.42 56.019 49.735 44.717 46.031 47.865 46.661 45.778 42.031 41.016 35.376 37.158 40.701 41.067 44.572 41.766 39.638 38.424 -9999 -9999 -9999 -9999 -9999
66.076 66.066 66.046 66.126 66.333 66.366 65.818 65.093 65.031 65.013 64.928 64.853 64.221 64.751 72.366 66.426 60.361 58.776 57.966 59.173 60.198 60.111 55.971 53.056 52.288 51.623 51.251 51.083 50.831 50.186 49.786 49.488 49.213 48.903 48.583 48.286 48.028 47.656 47.388 47.121 46.841 46.493 46.268 46.346 45.891 46.023 50.833 68.346 70.998 62.428 56.061 54.052 48.446 45.107 46.823 47.457 46.861 44.94 41.228 37.56 36.728 36.406 37.478 43.492 46.15 45.713 39.412 37.912 37.227 -9999 -9999 -9999 -9999
66.058 66.068 66.066 66.043 66.181 66.381 66.193 65.491 64.986 64.958 64.906 65.008 64.791 65.563 71.143 65.343 61.143 62.873 57.758 62.006 67.116 59.828 56.373 53.201 52.386 51.833 51.261 50.701 50.296 50.068 49.818 49.558 49.268 48.993 48.721 48.418 48.163 47.808 47.893 48.406 47.266 47.046 47.446 47.438 46.408 48.241 53.261 68.293 70.253 64.503 52.518 46.454 44.413 44.658 44.759 44.136 43.803 43.58 42.175 41.516 44.928 38.59 39.727 39.773 43.246 45.478 42.113 37.057 36.27 -9999 -9999 -9999 -9999
66.063 66.041 66.058 66.016 66.036 66.261 66.316 66.076 64.953 64.911 64.888 64.801 65.153 64.518 66.758 63.566 65.296 66.968 59.576 58.513 62.968 56.946 55.608 53.056 52.113 51.621 51.316 50.718 50.343 50.181 49.963 49.683 49.391 49.193 49.033 49.326 49.031 50.981 56.283 53.293 49.573 48.313 48.113 47.246 46.466 48.421 44.821 48.346 57.311 53.376 44.741 43.638 44.107 44.456 42.636 41.91 43.469 43.993 45.416 46.29 42.239 44.123 43.871 40.415 39.188 44.974 40.114 35.837 35.604 -9999 -9999 -9999 -9999
66.038 66.031 66.023 66.018 65.983 66.106 66.293 66.231 65.263 64.881 64.833 64.768 64.728 63.808 64.228 61.976 62.403 62.556 61.418 56.796 56.086 55.391 54.903 53.056 51.643 51.301 51.173 50.641 50.443 50.273 50.043 49.843 49.811 50.593 50.971 51.946 54.676 57.128 53.433 53.548 51.281 48.621 48.593 47.811 47.128 46.768 47.628 45.096 49.323 43.788 43.678 43.443 43.48 44.032 43.199 42.171 44.419 43.918 45.799 45.456 44.447 44.771 44.374 41.519 40.474 41.143 39.766 36.517 37.437 37.853 -9999 -9999 -9999
66.048 66.008 65.998 66.008 65.978 66.003 66.126 66.188 65.656 64.918 64.756 64.756 64.703 64.288 63.073 61.898 61.708 60.183 58.541 57.221 56.226 55.501 56.191 54.091 51.648 51.298 51.348 50.723 50.573 50.441 50.216 50.156 50.173 51.678 53.396 54.326 56.676 55.966 55.881 54.336 50.418 51.373 52.723 48.478 48.796 51.768 50.261 44.558 43.926 43.633 43.501 43.248 43.042 43.4 43.126 42.552 42.179 44.684 45.319 48.138 49.281 49.375 46.692 35.982 44.702 45.094 44.343 40.315 38.536 38.576 -9999 -9999 -9999
66.051 66.023 66.001 65.976 65.978 65.961 65.943 66.591 66.421 65.748 64.743 64.716 64.703 64.478 63.746 62.611 61.271 59.978 58.891 57.811 58.428 58.328 56.171 54.521 53.136 52.481 51.568 50.833 50.686 50.558 50.733 51.668 54.638 54.398 56.723 57.851 55.561 55.461 61.398 64.243 53.281 51.108 50.036 49.971 49.478 52.136 47.148 44.226 43.746 43.436 43.343 43.066 42.761 43.066 43.374 42.528 43.672 41.878 42.215 42.389 42.07 40.626 41.26 43.504 46.236 47.138 45.614 41.986 38.572 39.388 -9999 -9999 -9999
66.053 66.026 66.011 65.983 66.003 65.966 65.911 66.398 66.193 66.056 64.768 64.641 64.638 64.536 64.286 63.246 61.993 61.471 60.816 61.463 60.928 58.778 56.868 55.071 54.231 53.448 52.193 50.996 50.861 50.698 50.708 53.438 56.621 55.651 55.611 57.018 58.258 66.086 61.081 60.081 56.441 52.381 50.413 50.098 49.213 49.248 50.126 50.673 45.733 43.351 43.241 42.913 42.636 42.889 43.291 42.799 42.998 39.94 41.634 39.952 44.428 45.899 48.044 45.165 45.922 47.741 47.42 43.165 41.527 40.176 39.429 -9999 -9999
66.056 66.043 66.043 66.016 65.968 65.948 65.903 65.918 65.946 65.971 65.383 64.611 64.583 64.531 64.388 63.868 62.891 63.013 61.426 61.876 61.033 60.318 56.621 56.263 54.863 53.976 53.093 51.593 51.008 50.981 50.976 52.848 56.388 56.591 53.948 56.401 58.206 62.658 58.913 56.521 55.863 52.006 50.981 51.956 48.948 51.226 59.603 48.718 44.833 43.303 43.076 42.693 42.456 42.788 42.388 41.756 39.983 40.964 39.246 40.478 48.386 42.965 45.715 46.871 47.358 48.348 46.631 42.876 40.221 38.725 38.171 -9999 -9999
66.063 66.036 66.031 66.003 65.948 65.921 65.886 65.888 65.896 65.978 66.046 64.693 64.523 64.491 64.393 64.196 63.356 62.121 62.971 61.613 61.791 58.611 56.861 55.971 55.248 54.581 53.563 52.276 51.168 51.198 51.173 52.416 55.921 56.541 54.441 56.018 57.548 57.053 56.631 64.583 61.121 52.751 52.373 49.571 48.676 55.921 52.811 44.356 44.133 43.241 42.953 42.453 42.226 42.053 41.858 41.399 41.559 42.109 41.719 38.828 40.717 39.574 47.279 48.015 47.47 43.222 41.62 41.558 37.572 36.56 36.482 -9999 -9999
66.041 66.026 65.998 65.981 65.951 65.893 65.878 65.853 65.863 65.996 66.068 65.586 64.606 64.466 64.408 64.306 64.003 62.828 63.101 61.868 61.261 58.276 57.288 56.571 55.981 55.301 54.016 52.843 51.398 51.366 51.363 51.591 55.463 56.718 54.713 54.448 56.263 56.493 56.178 66.343 67.816 54.291 53.451 50.441 49.598 48.851 45.373 44.661 44.361 43.406 42.841 42.196 41.943 41.842 41.655 41.468 40.788 39.858 39.244 39.458 39.394 38.759 43.892 45.757 46.272 43.595 38.228 36.887 35.557 35.029 35.208 -9999 -9999
66.041 65.998 65.963 65.958 65.928 65.906 65.888 65.851 65.848 65.856 71.881 67.038 64.861 64.426 64.368 64.278 64.216 63.486 62.343 61.988 59.926 59.088 58.213 57.733 57.723 59.316 54.628 53.411 51.818 51.546 51.616 51.671 52.926 54.458 54.571 54.368 55.853 56.646 56.316 57.351 54.771 58.656 59.571 55.478 48.541 46.763 45.686 45.048 43.683 43.131 42.676 41.918 41.638 41.588 41.453 41.303 41.046 40.598 40.416 39.916 43.293 44.405 46.12 45.038 44.466 40.267 35.402 36.224 35.162 34.959 34.921 -9999 -9999
66.008 65.976 65.958 65.961 65.951 65.911 65.861 65.838 65.793 65.848 66.588 67.036 65.566 64.431 64.328 64.293 64.211 64.101 63.276 62.028 61.396 59.803 59.606 60.698 58.626 58.576 55.623 53.938 52.298 51.753 51.808 51.881 52.096 52.878 55.198 55.563 56.171 57.271 57.431 56.078 58.173 57.816 52.208 50.423 51.666 48.526 46.223 45.556 43.608 43.193 42.833 42.128 41.493 41.283 41.253 41.101 40.944 40.612 39.596 39.807 42.701 42.928 44.56 44.282 40.455 39.432 35.177 32.993 33.485 34.123 -9999 -9999 -9999
66.013 65.983 65.981 65.968 65.923 65.891 65.833 65.813 65.748 65.736 65.761 65.766 65.651 65.193 64.333 64.266 64.201 64.143 64.013 63.151 62.363 61.533 61.106 64.933 63.411 57.833 58.276 58.656 55.601 51.928 51.973 52.046 52.668 52.293 55.661 56.491 56.898 58.316 58.998 61.521 63.616 62.348 55.636 57.568 55.178 49.363 48.113 49.808 45.171 43.233 43.021 42.438 41.758 41.23 41.2 40.924 40.716 40.549 40.89 41.696 42.544 43.651 43.657 41.802 40.418 39.88 34.445 32.35 31.675 32.834 33.497 33.189 -9999
66.031 65.993 65.943 65.938 65.916 65.881 65.816 65.741 65.731 65.731 65.736 65.713 65.641 65.383 64.531 64.231 64.161 64.166 64.093 63.861 63.058 62.096 61.716 62.098 60.996 61.256 60.041 63.846 57.708 52.291 52.163 52.258 52.491 54.366 56.018 56.681 57.358 57.396 57.793 63.751 61.526 64.046 62.996 60.253 55.733 57.943 53.343 57.231 46.203 43.271 43.061 42.618 42.066 41.477 41.516 40.685 40.469 40.327 41.252 42.12 42.022 42.829 42.62 44.233 49.283 45.525 35.955 34.412 34.539 34.463 33.459 33.162 33.361
65.998 65.981 65.928 65.928 65.883 65.826 65.778 65.738 65.713 65.701 65.696 65.721 65.821 66.478 66.126 64.248 64.143 64.156 64.073 64.041 63.801 62.733 61.981 63.553 65.773 67.723 62.393 61.163 58.151 53.251 52.443 52.463 52.591 55.033 56.151 57.268 57.803 57.283 57.881 63.051 61.913 63.568 60.821 54.833 51.578 57.361 55.088 54.666 44.848 43.328 43.161 42.676 42.228 42.163 41.85 40.323 40.249 40.11 41.978 42.644 40.046 39.891 44.146 48.289 50.696 47.6 40.851 36.989 36.705 35.026 33.819 33.51 34.141
