data/LIDAR-DSM-2M-NZ24se/nz2741_DSM_2M.asc
ncols 500
nrows 500
xllcorner    427000
yllcorner    541000
cellsize     2
NODATA_value -9999
[rows 192 to 223 of 500, columns 146 to 218 of 500]
58.175 57.94 57.565 57.45 57.335 57.298 58.485 59.25 58.36 58.063 58.153 57.84 57.25 57.3 57.283 57.258 57.23 58.313 59.338 59.873 59.463 59.22 59.518 60.005 59.353 59.683 59.405 58.81 58.105 57.535 58.1 58.075 56.553 56.605 56.585 56.553 56.495 56.49 56.588 57.803 56.435 56.053 56.015 56.078 57.38 58.79 58.3 57.33 55.768 55.17 55.233 55.333 55.398 55.533 55.793 57.803 56.843 57.568 55.84 56.81 55.998 55.353 55.288 55.38 55.518 55.45 55.348 55.21 55.215 55.16 55.095 59.85 61.995
58.268 57.973 57.62 57.58 57.275 57.193 58.043 58.01 59.285 61.913 58.35 57.85 57.853 57.45 57.428 57.393 57.4 57.43 58.575 60.605 60.663 60.108 59.513 59.443 58.61 58.02 57.505 57.805 57.508 57.488 57.828 58.938 56.885 56.683 56.63 56.59 56.53 56.51 56.533 57.515 56.8 56.115 56.083 56.048 56.485 58.773 58.698 57.145 55.653 55.485 55.69 55.715 57.858 58.838 61.51 62.075 60.343 58.69 56.455 58.125 57.733 55.763 55.46 55.473 55.553 55.515 55.445 55.328 55.238 55.278 55.13 56.17 55.723
58.37 58.288 58.075 57.335 57.123 57.108 57.115 58.6 65.083 66.875 61.313 57.768 58.075 58.125 57.623 57.65 57.73 58.055 58.56 59.05 60.595 59.893 58.198 57.618 57.535 57.538 57.515 57.485 57.468 57.503 57.51 58.068 57.483 56.745 56.628 56.575 56.55 56.51 57.29 58.128 56.435 58.15 56.353 56.175 56.388 58.445 58.538 57.945 57.433 57.903 59.813 59.983 62.22 62.94 63.488 62.733 61.283 58.72 57.34 58.15 57.603 56.285 56.028 55.525 55.625 55.625 55.598 55.51 55.433 55.4 55.298 55.313 55.235
58.383 58.155 58.343 58.388 57.433 57.123 57.12 57.62 60.778 61.93 59.223 61.803 60.91 65.548 63.995 60.025 58.288 58.29 58.263 58.573 60.695 58.735 57.648 57.565 57.55 57.528 57.535 57.515 57.528 57.508 57.515 58.085 57.895 56.83 56.643 56.648 56.595 56.653 58.468 59.403 57.968 59.218 58.125 58.04 58.47 60.503 57.305 56.625 58.628 60.18 62.09 63.113 63.93 64.87 64.27 63.183 61.81 57.363 56.57 56.475 56.908 56.875 57.218 55.7 55.763 55.773 55.735 55.633 55.628 55.64 55.47 55.465 55.43
58.068 58.063 57.813 57.72 58.175 57.218 57.33 57.415 57.368 57.94 59.135 62.863 66.735 68.48 67.28 59.1 58.375 59.083 58.72 58.553 60.275 59.86 57.64 57.593 57.568 57.53 57.535 57.58 57.548 57.78 57.908 58.038 58.555 57.148 56.993 56.983 58.08 59.48 59.44 59.683 58.475 60.565 62.01 61.58 62.853 63.57 58.375 56.358 58.01 59.79 61.638 63.133 63.92 63.923 62.983 62.353 60.93 57.358 56.5 55.725 55.665 55.923 56.24 55.95 55.86 55.868 55.86 55.82 55.715 55.768 55.698 55.668 56.603
57.74 57.708 57.63 57.525 58.43 57.523 57.695 57.43 57.38 57.618 59.33 61.785 64.48 64.353 61.865 58.295 58.29 58.715 58.48 58.253 59.485 60.783 57.913 57.57 57.578 57.66 57.84 58.23 58.878 58.46 58.105 58.38 58.568 58.79 59.093 57.555 58.78 61.368 62.48 60.775 57.515 60.253 63.415 63.975 64.6 65.19 63.653 56.37 57.343 58.945 61.053 62.485 62.55 61.818 58.663 57.615 55.745 56.603 56.463 55.96 55.745 55.723 55.728 57.003 56.23 56 56.025 55.975 56.36 57.078 57.25 55.845 56.238
57.715 57.665 57.63 57.603 58.283 57.993 57.68 58.005 57.985 58.06 59.208 62.605 64.49 62.518 58.588 58.375 58.375 58.445 58.52 58.513 58.493 60.615 59.713 57.833 57.965 58.243 58.198 58.188 58.195 58.158 58.115 58.218 58.673 59.948 60.798 62.76 63.483 63.963 64.373 62.508 57.18 58.995 63.798 65.61 65.95 65.865 64.25 58.133 56.58 58.533 59.123 59.058 57.85 56.353 55.775 55.765 55.665 56.84 56.283 56.413 55.875 55.888 55.855 56.748 56.403 56.003 56.08 57.073 57.778 56.955 56.128 55.785 55.738
57.755 57.723 57.663 57.718 58.1 58.965 58.213 58.248 58.263 58.43 58.74 59.82 63.758 63.013 59.58 58.493 58.763 59.035 59.105 59.04 58.965 59.85 60.618 58.538 58.235 58.175 58.2 58.19 58.203 58.183 58.293 58.565 59.355 59.418 61.383 64.458 64.598 64.593 64.688 63.068 58.345 58.01 62.95 65.478 64.96 64.445 63.815 60.073 56.445 56.338 56.185 56.433 55.893 55.753 55.733 55.665 55.64 55.615 57.015 56.155 56.03 56.045 56.073 56.125 56.218 56.073 56.108 56.145 56.138 55.965 55.825 55.763 55.728
57.855 57.768 57.805 58.148 58.855 59.19 59.058 58.625 59.09 59.318 59.695 59.888 62.305 65.085 60.54 58.738 59.14 59.185 59.148 59.105 59.093 59.448 61.055 59.49 58.195 58.198 58.198 58.193 59.263 61.06 61.748 59.02 58.18 59.253 59.863 63.848 63.798 63.29 63.835 63.823 59.183 57.17 60.49 63.985 63.403 62.808 61.393 59.34 56.493 56.405 57.713 57.37 56.9 55.885 55.773 55.683 56.558 55.693 57.815 56.288 56.443 56.188 56.178 56.203 56.138 56.06 55.953 55.965 55.883 55.868 55.828 55.815 55.798
58.348 58.47 58.74 58.853 59.153 59.66 59.175 59.163 59.528 59.655 59.655 59.733 61.318 63.925 62.368 59.855 59.215 59.248 59.218 59.2 59.2 59.19 60.19 60.25 58.195 59.265 61.05 63.24 64.27 64.883 65.368 60.178 58.17 58.945 59.175 61.438 61.598 60.96 61.928 61.695 57.888 57.19 58.158 60.453 58.85 57.69 56.44 56.473 56.485 56.568 57.313 56.965 56.65 56.408 55.955 56.143 57.763 57.788 57.865 56.57 56.283 56.263 56.248 56.203 56.095 56.003 55.963 55.943 55.928 55.895 55.888 55.878 55.853
59.193 58.943 59.093 59.438 59.513 59.668 59.933 59.8 59.75 59.673 59.668 59.653 60.818 62.998 63.785 59.175 59.253 59.355 59.468 59.868 59.508 59.693 60.333 60.59 60.483 62.52 64.853 65.328 65.723 66.058 66.05 64.15 59.185 59.49 60.208 59.228 60.943 58.535 57.348 57.54 57.273 57.223 57.183 56.663 56.538 56.545 56.485 56.455 56.535 56.643 56.65 56.458 56.875 57.458 58.473 58.263 57.15 56.845 56.423 56.358 56.24 56.223 56.19 56.068 56.05 56.033 56.023 56.03 55.98 55.96 55.925 55.898 55.868
59.083 59.138 59.305 59.26 59.635 59.945 60.555 59.76 59.73 59.685 59.675 59.653 60.853 62.518 62.115 60.393 61.47 62.583 60.38 60.853 60.303 61.205 62.143 60.783 63.203 64 65.36 66.055 65.83 65.338 64.885 63.873 60.415 60.958 61.025 59.723 60.775 58.96 57.358 57.335 57.31 57.29 57.25 56.813 56.553 56.628 56.635 56.798 56.67 56.738 56.873 56.683 57.278 57.483 56.775 56.685 56.553 56.43 56.435 56.31 56.23 56.175 56.148 56.153 56.128 56.093 56.095 56.088 56.033 55.95 55.925 55.883 55.915
59.433 59.343 59.353 59.55 59.68 60.1 61.088 60.01 59.758 59.685 59.695 59.92 59.895 60.568 62.948 64.045 63.135 63.333 63.258 65.185 65.153 65.79 65.745 60.24 63.813 63.993 64.378 64.898 64.428 63.765 62.353 58.888 59.305 61.02 60.683 59.438 58.063 57.408 57.398 57.39 57.353 57.325 57.298 57.065 56.685 58.558 58.058 59.29 57.593 56.873 56.92 56.79 56.748 56.74 56.653 56.578 56.445 56.363 56.325 56.3 56.305 56.275 56.205 56.228 56.17 56.13 56.105 56.06 56.028 55.963 56.018 56.025 56.05
59.31 59.41 59.39 59.533 60.018 60.51 60.503 60.848 59.898 59.693 59.765 62.028 63.395 62.198 65.453 63.995 63.195 65.288 65.765 66.108 66.473 66.808 66.863 64.285 61.933 62.358 61.685 61.19 59.885 59.35 58.188 58.18 58.47 59.368 58.778 58.25 58.643 57.47 57.918 57.56 57.55 57.658 57.353 57.465 56.853 57.85 58.49 57.245 56.965 56.915 56.843 56.765 56.66 56.668 56.54 56.475 56.455 56.423 56.39 56.363 56.335 56.318 56.298 56.228 56.183 56.15 56.115 56.113 56.1 56.065 56.093 56.07 56.063
59.323 59.553 59.603 59.63 60.233 60.67 60.415 61.335 59.75 59.91 61.99 65.183 66.613 67.303 67.69 65.913 63.545 66.44 66.75 66.798 66.623 66.245 65.893 63.935 61.528 59.848 58.57 59.385 58.8 58.24 58.22 58.18 58.12 58.173 58.093 58.278 58.855 57.6 57.488 57.513 57.845 58.848 57.898 57.425 57.603 57.18 57.105 57.073 57.045 56.89 56.768 56.68 56.643 56.62 56.623 56.583 56.538 56.505 56.483 56.448 56.378 56.355 56.285 56.275 56.815 56.315 56.245 56.213 56.19 56.528 56.38 56.183 56.268
59.533 59.968 60.103 60.003 60.223 60.228 60.355 61.373 60.66 63.065 67.048 67.838 68.44 68.343 67.838 65.88 63.678 66.573 66.593 65.91 65.253 63.44 61.153 59.91 60.815 60.705 58.333 58.308 58.258 58.235 58.23 58.168 58.13 58.115 58.09 58.095 58.41 57.893 58.54 58.18 58.53 57.87 57.438 57.283 57.21 57.243 57.155 56.988 56.9 56.823 56.803 56.73 56.718 56.715 56.67 56.628 56.585 56.55 56.51 56.428 56.398 56.835 57.96 62.223 63.883 56.825 56.723 58.543 57.358 57.845 57.455 56.49 56.258
60.15 60.18 60.198 60.258 61.223 62.993 64.05 66.045 62.043 62.74 67.045 68.08 67.293 66.225 64.92 62.588 62.985 64.995 66.113 63.98 60.09 59.61 59.563 59.565 60.003 61.458 58.998 58.32 58.305 58.258 58.218 58.173 58.143 58.128 58.073 58.25 58.59 58.678 58.218 57.598 57.493 57.455 57.453 57.258 57.158 57.115 57.025 56.993 56.928 56.918 56.873 56.823 56.8 56.76 56.713 56.668 56.608 56.565 56.533 56.573 58.448 59.018 62.103 65.323 64.98 64.458 60.398 58.27 58.2 58.053 58.175 57.05 56.353
60.218 60.923 61.415 62.748 64.398 66.22 66.965 66.758 63.968 61.588 64.473 67.035 67.215 63.38 60.115 61.075 63.383 62.6 65.338 63.54 60.458 59.465 60.248 60.57 60.905 61.61 59.67 58.413 58.393 58.338 58.253 58.193 58.143 58.305 58.213 58.32 57.82 57.718 57.668 57.63 57.583 57.503 57.298 57.228 57.163 57.175 57.108 57.068 57.165 56.99 56.898 56.88 56.85 56.765 56.763 56.715 56.72 56.708 56.678 58.85 60.858 65.745 61.51 66.538 64.19 58.678 58.225 58.125 58.138 58.083 58.578 57.05 56.51
61.825 62.745 64.993 66.105 66.755 67.303 67.775 66.885 65.575 60.965 62.55 65.993 65.993 61.893 60.035 60.58 63.108 62.318 60.588 59.548 59.475 59.448 59.735 60.568 61.345 60.62 61.075 58.93 58.41 58.35 58.283 58.163 58.163 58.05 57.963 57.895 57.813 57.805 57.645 57.563 57.433 57.388 57.313 57.3 57.195 57.2 57.175 57.118 57.145 57.053 56.968 56.918 56.895 56.97 56.938 56.958 56.823 56.795 57.575 58.513 62.183 64.01 58.635 59.808 58.49 58.26 58.138 58.093 58.093 58.008 57.658 57.11 56.65
61.08 62.768 67.318 67.523 67.758 67.428 66.983 65.683 63.948 61.193 62.3 63.278 60.55 60.08 60.108 60.108 62.608 62.885 60.455 59.453 59.413 59.415 59.683 60.14 59.588 59.943 60.518 59.52 58.523 58.428 58.268 58.173 58.123 58.085 57.978 57.943 57.753 57.668 57.598 57.54 57.513 57.468 57.41 57.393 57.318 57.27 57.195 57.163 57.15 57.163 57.09 57.143 57.065 57.068 57.475 60.478 59.205 59.5 58.81 58.678 58.36 58.595 58.95 58.888 58.298 58.205 58.113 58.085 58.078 58.045 57.868 57.39 56.84
61.03 61.62 66.9 67.173 66.398 65.453 64.055 61.933 63.493 61.675 60.988 61.085 60.12 60.123 60.145 60.15 61.255 63.505 61.465 59.408 59.303 59.425 59.653 59.7 59.775 59.423 59.525 58.718 58.448 58.365 58.323 58.175 58.013 57.983 57.87 57.84 57.765 57.73 57.705 57.595 57.6 57.53 57.455 57.423 57.388 59.008 57.273 57.29 57.315 58.383 62.298 59.848 57.638 59.078 60.3 60.435 59.978 58.9 58.37 58.278 58.253 58.18 58.398 61.125 60.818 58.373 58.16 58.065 58.118 58.128 58.085 57.6 57.063
61.31 62.858 65.358 67.063 65.41 61.058 60.538 60.533 60.243 60.493 61.84 61.253 60.305 60.17 60.185 60.173 60.495 63.075 62.975 59.83 59.23 60.025 59.885 59.543 58.888 58.663 58.588 58.503 58.45 58.335 58.285 58.11 58.038 58.025 57.968 57.938 57.853 57.783 57.73 57.723 57.635 57.58 57.558 58.845 63.198 57.835 57.505 57.565 58.345 62.835 63.648 59.083 61.748 61.263 60.268 58.443 58.423 58.398 58.355 58.29 58.225 58.19 59.05 60.265 61.273 60.308 58.275 58.11 58.115 58.078 58.048 57.675 58.158
61.358 61.018 63.59 66.218 64.323 60.38 60.3 60.253 60.233 60.148 60.795 60.89 60.295 60.163 60.205 60.563 60.188 62.07 63.713 60.363 59.083 59.2 58.913 58.848 58.778 58.67 58.58 58.453 58.363 58.265 58.215 58.213 58.163 58.12 58.055 57.988 57.895 57.85 57.798 57.74 58.835 58.95 58.43 59.385 61.135 57.698 60.383 63.605 61.745 61.613 60.798 58.98 58.68 58.58 58.5 58.453 58.43 58.39 58.338 58.27 58.238 58.213 58.245 58.598 60.315 58.498 58.16 58.118 58.143 58.11 58.07 59.143 61.67
60.688 61.033 60.828 61.23 60.598 60.453 60.278 60.27 60.21 60.115 60.32 60.083 60.673 60.095 60.25 65.533 64.06 63.115 65.003 60.088 59.053 58.955 58.928 58.833 58.708 58.575 58.513 58.475 58.408 58.365 58.333 58.278 58.19 58.158 58.088 58.03 57.953 57.91 57.913 57.918 59.75 61.178 63.423 61.35 62.28 59.32 65.305 66.64 62.818 58.678 59.285 58.645 58.628 58.615 58.508 58.508 58.458 58.445 58.385 58.33 58.288 58.288 58.28 58.28 58.26 58.23 58.263 58.275 58.235 58.2 58.143 58.335 58.448
60.7 60.893 60.793 60.768 60.8 60.66 60.318 60.493 60.403 60.113 60.14 60.283 60.843 63.815 63.533 65.108 62.498 59.695 60.24 59.155 58.975 58.875 58.805 58.74 58.69 58.638 58.603 58.53 58.52 58.438 58.383 58.34 58.225 58.158 58.143 58.09 58.058 58.05 58.005 57.963 60.475 62.615 62.318 64.068 62.438 60.553 60.98 59.705 59.3 58.69 58.673 58.653 58.653 58.64 58.573 58.558 58.493 58.483 58.445 58.39 58.363 58.363 58.35 58.34 58.29 58.255 58.29 58.318 58.33 58.385 58.363 58.163 57.945
60.745 60.718 60.923 60.775 60.818 60.855 60.908 61.235 61.233 60.408 59.948 60.195 60.275 62.518 59.67 60.568 59.373 59.258 59.193 59.065 58.988 58.948 58.89 58.835 58.765 58.703 58.668 58.565 58.52 58.478 58.435 58.368 58.33 58.238 58.225 58.208 58.17 58.098 58.418 58.633 59.05 59.49 59.615 59.408 60.465 59.543 58.808 58.765 58.74 58.718 58.74 58.703 58.69 58.67 58.628 58.588 58.563 58.538 58.518 58.468 58.428 58.42 58.405 58.345 58.358 58.388 58.4 58.448 58.458 58.44 58.42 58.308 58.083
60.668 60.903 61.035 61.018 61.538 61.32 61.253 60.893 60.575 60.058 59.865 59.79 59.683 59.59 59.48 59.34 59.293 59.208 59.168 59.11 59.053 59.005 58.94 58.898 58.828 58.758 58.695 58.618 58.57 58.523 58.538 58.475 58.448 58.38 58.323 58.298 58.433 59.143 60.235 59.288 59.53 59.673 59.233 59.04 58.93 58.908 58.885 58.838 58.773 58.778 58.79 58.77 58.718 58.703 58.66 58.625 58.59 58.588 58.565 58.535 58.498 58.448 58.428 58.38 58.333 58.425 58.408 58.425 58.438 58.495 58.413 58.325 58.043
60.663 60.66 61.038 61.125 61.04 60.558 60.393 60.115 59.978 59.915 59.805 59.723 59.595 59.488 59.425 59.393 59.31 59.26 59.23 59.18 59.093 59.083 58.998 58.915 58.88 58.8 58.815 58.773 58.723 58.658 58.623 58.595 58.558 58.495 58.44 58.383 59.518 61.853 59.81 59.575 59.333 59.16 59.088 59.023 58.993 58.958 58.928 58.888 58.825 58.848 58.835 58.823 58.795 58.748 58.703 58.673 58.633 58.62 58.618 58.588 58.533 58.525 58.455 58.428 58.385 58.415 58.433 58.428 58.438 58.483 58.49 58.363 58.083
60.548 60.768 60.563 60.363 60.235 60.168 60.135 60.065 60.01 59.853 59.713 59.653 59.623 59.56 59.485 59.453 59.37 59.313 59.283 59.183 59.113 59.113 59.018 59.015 59.03 59.003 61.088 60.653 58.823 58.76 58.815 58.86 59.838 58.728 58.6 58.598 58.938 59.513 59.303 59.24 59.188 59.12 59.095 59.068 59.045 59 58.958 58.915 58.885 58.883 58.855 58.858 58.84 58.808 58.77 58.725 58.67 58.67 58.65 58.623 58.593 58.533 58.513 58.468 58.43 58.42 58.42 58.418 58.385 58.438 58.448 58.395 58.175
60.495 60.455 60.435 60.403 60.193 60.203 60.11 59.935 59.888 59.805 59.785 59.758 59.693 59.64 59.578 59.49 59.425 59.365 59.295 59.25 59.258 59.213 59.675 59.67 59.08 59.33 62.81 64.05 59.663 59.023 59.05 59.46 60.153 58.95 58.715 58.765 59.2 59.485 59.348 59.27 59.238 59.22 59.18 59.153 59.08 59.04 58.968 58.96 58.943 58.935 58.9 58.903 58.895 58.868 58.843 58.78 58.735 58.738 58.695 58.66 58.618 58.583 58.558 58.518 58.515 58.425 58.44 58.453 58.435 58.428 58.43 58.415 58.24
60.413 60.34 60.338 60.21 60.163 60.108 60.045 59.983 59.96 59.88 59.845 59.785 59.725 59.688 59.853 59.775 59.49 59.43 59.47 59.423 59.4 59.793 61.978 61.48 60.418 60.115 62.65 64.978 59.71 59.4 59.253 59.96 61.113 62.32 59.408 59.045 59.595 59.448 59.378 59.318 59.268 59.258 59.23 59.193 59.165 59.113 59.058 59.013 59.023 59.008 58.97 58.955 58.948 58.933 58.89 58.843 58.78 58.773 58.75 58.718 58.685 58.643 58.63 58.61 58.575 58.488 58.45 58.418 58.463 58.568 59.215 58.84 58.168
60.413 60.318 60.318 60.248 60.205 60.173 60.085 60.058 60 59.938 59.89 59.818 59.763 59.858 60.283 59.89 59.645 59.575 59.543 65.238 60.918 60.62 61.8 62.19 63.69 66.038 63.455 60.965 59.768 59.518 59.443 59.843 59.733 59.348 59.233 59.38 59.585 59.498 59.453 59.4 59.355 59.32 59.265 59.23 59.215 59.183 59.138 59.09 59.095 59.063 59.02 59.005 58.985 58.963 58.933 58.905 58.84 58.808 58.815 58.78 58.735 58.693 58.665 58.62 58.613 58.59 58.465 58.76 60.753 61.185 61.613 59.413 58.24
