data/LIDAR-DSM-2M-NZ24se/nz2740_DSM_2M.asc
ncols 500
nrows 500
xllcorner    427000
yllcorner    540000
cellsize     2
NODATA_value -9999
[rows 320 to 351 of 500, columns 426 to 496 of 500]
43.488 42.398 40.002 39.665 38.942 38.955 39.032 44.762 45.575 45.253 43.435 39.546 38.887 38.883 38.914 39.02 38.936 39.058 39.625 40.893 43.091 45.017 46.555 45.004 43.493 42.048 38.835 38.814 38.731 41.626 43.34 45.166 44.708 42.71 40.265 41 42.174 41.384 40.676 41.325 41.09 42.657 39.308 41.025 40.71 43.98 41.78 42.34 40.422 42.776 39.56 38.975 39.175 39.22 36.49 36.463 37.797 39.692 41.252 40.728 38.609 36.998 47.365 47.502 42.578 44.56 35.888 35.834 38.453 36.355 37.338
43.555 41.708 39.177 38.95 38.989 38.983 39.053 43.04 41.055 39.183 39.018 38.946 38.888 39.025 38.987 39.16 38.919 39.158 42.704 43.355 43.53 45.019 46.591 45.315 43.42 41.096 38.924 38.765 38.686 41.53 43.5 45.588 44.263 42.525 40.058 40.57 43.429 43.458 43.4 43.443 43.438 43.575 40.325 38.68 40.768 42.092 42.359 42.775 40.453 41.81 41.083 40.178 36.503 38.257 36.334 36.856 38.983 38.019 38.3 40.925 41.469 37.05 43.44 40.346 35.875 40.128 37.435 35.29 36.869 39.472 40.95
43.697 43.315 40.435 38.943 38.973 39.063 39.45 41.353 41.482 39.043 38.874 38.828 38.823 39.175 38.856 38.921 38.885 39.514 42.753 43.494 43.648 44.669 46.506 45.228 43.778 41.213 38.836 38.685 38.627 40.966 43.055 45.041 44.543 42.688 39.39 41.611 43.963 43.873 43.815 43.953 43.777 43.978 39.81 39.996 41.898 38.645 40.193 41.26 40.334 40.072 40.753 40.157 36.501 38.459 39.733 38.553 38.068 36.758 37.995 39.843 39.883 39.165 40.216 38.545 35.744 39.038 36.31 35.29 38.367 40.048 41.896
44.173 42.363 39.445 38.992 38.983 39.028 39.443 40.34 40.087 38.935 38.834 38.936 38.798 38.826 38.833 38.877 38.84 39.974 41.125 41.305 43.303 44.743 46.89 45.675 43.703 41.675 38.658 38.652 38.611 41.642 43.204 45.131 44.158 42.678 40.695 42.397 44.904 44.836 45.053 44.875 44.963 44.745 39.887 41.504 42.42 41.853 38.792 42.458 40.506 40.225 41.995 41.208 37 37.21 38.218 36.368 39.447 35.46 38.045 40.792 40.235 39.301 39.94 37.388 37.64 38.075 36.21 37.338 39.519 39.03 39.205
44.152 42.368 39.8 39.025 38.955 39.018 39.028 39.025 38.951 38.853 38.849 38.962 39.553 38.92 38.808 38.805 38.823 38.708 39.343 40.043 42.903 44.74 46.828 45.604 43.709 41.17 38.655 38.651 38.583 41.417 43.364 44.834 44.583 42.598 39.269 43.493 45.651 46 45.995 45.729 45.755 45.44 39.253 40.303 42.746 42.991 40.018 41.951 41.533 40.327 42.584 42.285 36.483 35.72 36.568 36.418 37.327 36.563 39.772 40.238 44.515 42.413 37.935 43.665 37.659 36.853 36.255 38.148 39.193 39.533 36.25
44.504 42.788 42.29 39.735 39.755 41.002 43.143 41.033 38.925 39.489 40.541 40.603 42.18 40.663 38.943 38.785 38.82 39.75 39.275 40.644 43.303 44.726 46.633 45.635 43.413 41.423 39.116 38.606 38.535 40.94 43.025 44.976 44.15 42.634 40.072 41.298 45.21 44.933 45.168 45.086 45.071 43.713 38.675 39.923 42.622 41.588 40.735 42.073 41.538 42.058 38.6 39.795 37.56 35.763 35.583 35.457 36.36 38.107 35.984 37.218 38.068 36.751 38.698 40.658 39.823 36.016 35.892 37.414 40.622 39.848 35.623
43.518 43.278 42.634 40.976 40.718 42.41 42.138 39.77 38.925 39.455 40.782 40.043 42.105 39.545 38.737 38.744 38.754 38.713 38.71 39.336 40.943 42.783 42.697 38.785 41.11 39.833 38.636 38.576 38.535 39.771 40.56 40.407 38.568 38.443 38.851 39.89 41.108 38.532 39.888 41.303 40.315 40.653 38.24 39.789 42.073 40.015 40.463 41.33 36.095 38.972 39.533 37.189 36.169 35.842 35.866 36.328 37.896 38.105 39.395 37.04 35.795 40.775 37.203 36.832 38.403 40.567 37.728 37.581 38.745 36.095 35.824
39.71 41.15 40.148 38.912 38.845 39.728 40.468 38.744 38.743 38.708 38.809 38.668 38.626 38.643 38.656 38.671 38.748 38.665 38.635 38.636 38.626 38.704 38.732 38.715 38.697 38.653 38.602 38.564 38.55 38.461 38.43 38.381 38.385 38.303 38.312 38.358 38.331 38.335 38.333 38.316 38.285 38.208 38.148 37.99 41.843 41.75 40.342 40.215 39.179 39.973 39.84 38.234 36.155 40.422 37.505 37.094 38.03 37.525 39.037 38.502 37.516 39.033 37.96 35.633 43.41 45.285 37.062 35.898 36.665 35.681 35.97
40.008 38.894 38.878 38.893 38.845 38.838 38.778 38.981 39.26 38.969 39.476 38.965 38.667 38.615 38.612 38.665 38.687 38.58 38.57 38.567 38.578 38.642 38.633 38.642 38.624 38.575 38.538 38.495 38.469 38.429 38.365 38.307 38.33 38.311 38.265 38.263 38.264 38.23 38.259 38.221 38.188 38.108 37.985 38.015 39.715 41.776 40.468 37.835 37.623 38.763 38.495 40.255 37.933 38.858 35.523 37.23 37.274 35.688 37.724 41.93 45.383 36.809 37.345 39.922 37.453 37.775 38.697 37.478 35.583 35.815 35.958
41.318 42.15 39.705 39.928 40.816 38.855 38.815 39.395 39.27 41.629 41.123 38.927 38.742 38.66 38.583 38.614 38.637 38.55 38.553 38.553 39.245 39.299 40.383 38.588 38.537 38.49 38.455 38.423 38.385 38.365 39.11 38.606 38.575 39.23 39.2 39.032 38.188 38.153 38.178 39.105 38.406 38.08 37.983 37.83 37.593 40.461 41.053 37.408 36.642 40.55 44.213 38.03 38.823 39.214 35.65 37.804 37.793 36.3 41.669 39.693 42.07 40.375 41.032 40.805 37.773 42.367 40.725 35.56 35.72 35.845 36.08
42.488 40.755 40.036 39.011 40.845 40.23 39.008 39.194 39.003 41.905 41.055 38.788 38.811 38.808 38.737 38.59 38.604 38.497 38.572 38.748 40.078 40.138 38.794 39.758 38.496 38.46 38.85 41.809 41.898 42.294 42.202 42.258 42.204 42.295 42.136 42.226 42.35 42.255 42.066 42.41 38.31 38.048 37.997 37.815 37.438 37.167 36.883 36.69 36.566 40.184 37.864 38.058 39.792 40.143 40.681 37.841 37.539 37.346 37.374 35.785 38.594 35.765 40.233 41.58 40.182 40.62 37.933 37.354 35.805 35.895 36.181
40.363 39.167 38.829 38.85 39.365 39.678 38.72 39.219 40.34 41.657 42.362 39.698 39.372 39.958 39.605 38.96 38.595 38.573 38.601 42.543 42.873 38.755 41.144 40.132 38.478 38.432 38.453 43.238 43.18 42.79 42.755 42.855 42.735 42.831 42.834 42.815 42.769 42.819 42.858 42.797 38.669 38.063 38.034 38.065 37.338 37.18 37.18 36.866 36.438 38.02 39.465 39.42 37.968 35.55 40.478 40.56 40.29 40.415 39.48 39.796 39.508 38.269 40.049 38.783 38.845 37.992 35.608 35.845 35.895 36.085 36.239
38.798 38.832 38.804 38.823 38.763 38.767 39.1 44.964 44.418 45.372 45.04 41.538 38.663 38.76 40.159 38.93 38.543 38.51 38.694 41.483 42.678 40.073 39.385 39.259 38.545 38.391 38.42 38.395 43.337 43.314 43.293 43.42 43.313 43.4 43.3 43.338 43.317 43.318 43.398 43.274 38.664 38.033 38.022 37.933 37.239 37.35 37.828 37.502 36.833 36.36 36.093 36.053 40.678 41.99 38.699 43.209 39.532 41.665 42.213 42.765 40.592 44.85 40.767 37.35 37.554 35.66 35.605 35.811 35.908 35.987 36.128
38.803 38.73 38.746 38.723 38.698 38.725 38.688 44.895 45.964 45.886 45.366 41.1 38.833 38.6 38.901 38.623 38.519 38.451 40.037 41.993 41.156 39.87 39.914 38.485 38.623 38.402 38.395 38.383 43.895 43.803 43.84 43.877 43.826 43.915 43.844 43.885 43.818 43.893 43.883 43.813 41.345 38.04 38.059 38.087 37.184 37.28 38.029 37.973 37.714 36.959 38.379 37.984 35.915 37.21 39.303 39.71 37.622 39.98 41.848 39.35 39.44 41.417 37.9 36.765 35.692 35.558 35.615 35.805 35.855 35.954 36.083
39.831 38.85 38.889 38.93 38.883 38.66 38.675 43.565 45.997 43.708 42.308 42.018 40.997 40.718 40.612 39.333 38.471 38.509 40.723 42.56 42.32 40.49 40.838 38.583 38.485 38.386 38.4 38.744 43.907 44.258 44.345 44.324 44.265 44.276 44.303 44.333 44.26 44.245 44.263 44.325 39.653 38.059 38.055 37.69 37.165 37.138 37.885 38.226 38.841 37.521 38.168 37.935 36.38 35.838 35.817 35.75 35.797 35.595 36.982 37.785 38.712 40.058 37.555 36.312 35.645 35.603 35.658 35.8 35.809 35.908 36.013
40.065 38.978 38.95 38.945 39.04 38.725 38.69 44.813 46.201 45.433 38.773 39.781 39.445 38.942 40.989 41.093 38.422 38.488 38.976 39.74 39.273 38.334 38.313 38.394 38.404 38.367 38.577 39.389 43.95 44.005 43.933 43.914 43.963 43.911 43.99 43.883 44.01 43.945 44.002 43.973 40.975 38.053 38.04 37.508 37.134 37.638 38.731 39.883 38.295 37.333 36.745 39.308 36.783 36.45 35.785 35.753 35.76 35.743 35.895 35.925 39.402 39.555 36.498 35.785 35.618 35.685 35.737 35.648 35.78 35.908 36.002
39.323 38.88 38.928 38.878 38.94 38.71 38.673 43.38 45.895 43.338 39.358 38.748 38.814 38.795 39.985 39.868 38.375 38.515 38.476 38.365 38.528 39.653 38.938 38.296 38.29 38.271 39.262 40.873 43.193 43.514 43.428 43.423 43.428 43.412 43.499 43.412 43.44 43.38 43.433 43.413 38.05 38.058 38.035 37.735 37.114 37.205 38.034 38.413 38.301 38.975 43.611 41.163 37.688 35.872 35.785 35.723 35.746 35.723 35.73 35.742 36.708 36.84 35.86 35.655 35.655 35.688 35.68 35.675 35.753 35.873 36.022
39.339 38.853 38.882 38.81 38.82 38.723 38.665 44.723 46.004 45.013 39.008 39.245 39.888 40.093 40.146 40.105 38.435 38.318 38.278 38.323 40.856 42.703 39.8 38.209 38.165 38.207 39.528 40.966 42.651 42.958 42.91 42.973 42.922 42.902 42.913 42.823 42.94 42.828 42.95 42.898 39.323 38.075 38.023 38.055 37.05 37.2 37.632 38.07 37.524 38.488 45.03 40.105 36.978 35.952 35.835 35.673 35.75 35.718 35.77 35.738 35.688 35.97 35.645 35.664 35.765 35.684 35.678 35.679 35.79 35.898 36.01
40.155 41.081 39.458 39.74 39.16 38.753 38.984 44.283 45.713 44.803 39.365 38.822 38.572 38.62 40.638 38.215 38.286 38.282 38.459 38.228 39.095 39.664 38.243 38.079 38.018 38.064 39.141 40.976 42.053 42.452 42.365 42.322 42.375 42.371 42.41 42.309 42.436 42.335 42.375 42.35 39.11 38.263 38.523 37.802 37.044 37.594 38.884 37.945 37.859 38.35 38.075 37.13 36.703 36.279 36.2 36.17 35.703 35.768 35.951 35.868 35.736 35.693 35.709 35.725 35.735 35.704 35.733 35.705 35.745 35.87 35.945
40.135 39.003 39.013 39.733 39.188 38.665 38.59 44.187 45.906 43.968 39.138 39.374 38.574 42.798 50.089 43.728 38.456 38.193 41.573 40.985 38.066 42.346 38.875 37.954 37.908 37.949 37.908 38.593 39.823 40.318 37.833 37.653 39.773 38.83 39.56 37.645 38.755 38.57 39.78 37.443 37.39 37.224 37.158 37.548 37.054 37.04 38.464 37.55 38.701 37.923 36.725 36.695 36.41 37.417 37.073 37.4 35.975 35.698 35.648 35.948 36.192 35.865 35.81 35.678 35.705 35.708 35.745 35.683 35.735 35.84 35.963
40.983 38.778 38.831 38.735 38.863 38.61 38.615 43.415 46.076 44.858 38.98 39.345 38.58 43.113 47.008 41.702 38.403 38.099 42.533 41.853 38.255 42.475 39.144 37.853 37.77 37.786 37.823 37.76 37.608 37.626 37.565 37.523 37.359 37.315 37.304 37.27 37.301 37.266 37.365 37.235 37.17 37.163 37.515 37.21 37.064 37.737 38.895 37.88 37.877 37.608 36.706 36.518 36.268 38.488 37.077 36.798 35.88 35.853 35.888 36.024 35.958 35.84 36.176 35.735 35.729 35.69 35.72 35.794 35.73 35.793 35.963
38.802 38.735 39.003 38.84 38.91 38.723 38.674 44.393 46.146 45.055 39.89 39.03 38.637 39.143 40.881 40.058 38.05 38.013 39.525 38.361 39.885 40.075 38.63 37.731 38.368 37.724 37.738 37.633 37.555 37.515 37.362 37.425 37.273 37.198 37.385 38.023 41.021 37.249 37.258 37.375 37.333 37.626 37.193 37.115 37.069 37.18 38.338 38.07 37.314 37.008 37.517 36.738 36.695 36.94 36.345 36.123 35.868 35.973 38.388 40.942 41.405 35.845 36.378 36.223 35.714 35.66 35.75 36.45 35.853 35.889 36.005
40.505 39.388 40.214 39.168 39.455 39.397 38.98 44.045 46.107 45.054 41.238 39.534 39.823 39.615 39.074 38.394 37.936 37.928 37.918 39.003 40.69 40.119 38.886 41.098 40.234 37.792 37.563 37.536 37.501 37.401 37.255 37.203 37.22 37.188 39.408 44.157 47.005 43.665 37.33 37.286 37.802 37.363 37.15 37.077 37.019 37.142 37.828 37.6 37.025 37.295 38.1 36.898 36.39 36.255 36.658 36.797 36.165 36.148 39.38 42.63 42.39 36.427 35.773 36.31 35.827 35.805 35.863 35.798 35.9 35.96 36.073
39.405 39.523 39.029 38.845 39.525 39.318 39.849 44.796 46.206 45.135 41.084 39.454 38.374 40.293 39.764 38.848 37.804 37.77 38.66 40.873 39.758 38.213 38.87 40.092 39.191 38.301 37.593 37.458 37.446 37.333 37.318 37.41 37.196 39.048 45.358 47.053 46.195 46.939 37.336 37.884 39.435 37.182 37.143 37.034 36.963 36.997 37.25 37.358 37.159 36.785 37.09 36.485 36.433 37.048 36.513 37.02 36.175 36.108 36.793 40.492 37.915 37.088 35.896 36.055 36.07 35.798 35.918 35.883 35.934 36.011 36.108
38.887 38.748 38.712 38.747 38.756 38.97 44.093 44.952 46.244 45.568 44.756 41.92 38.318 38.475 39.263 38.86 37.674 37.623 39.078 42.914 38.443 41.128 38.708 41.124 39.47 39.023 39.323 37.452 37.379 37.592 41.504 43.793 42.903 45.322 49.438 50.734 50.188 48.846 44.994 45.778 43.375 39.275 37.16 36.947 36.915 37.006 37.385 37.108 38.085 37.003 36.791 37.083 37.22 37.233 36.599 36.247 36.115 36.587 36.23 36.509 36.21 36.225 36.427 37.518 36.442 35.953 36.053 35.838 35.913 36.023 36.118
38.89 38.824 38.765 38.624 38.732 39.976 44.838 45.943 46.028 46.583 45.981 42.455 38.21 38.163 39.513 38.256 37.574 37.505 40.64 42.974 38.242 39.549 41.051 39.99 41.322 41.535 40.465 39.583 40.238 43.664 47.164 47.65 48.449 49.483 49.777 50.748 47.798 51.133 51.023 48.813 46.519 42.251 36.92 36.814 36.83 36.83 36.853 36.94 36.91 36.673 36.822 37.525 38.24 37.26 36.825 36.582 36.585 36.163 36.09 36.471 36.445 36.26 36.07 36.012 36.384 35.863 36.068 35.835 35.854 35.96 36.113
38.885 38.798 38.865 39.298 39.295 39.11 44.048 44.933 44.778 42.673 43.385 42.915 38.565 39.549 39.255 37.591 37.51 37.468 38.298 39.418 38.062 37.348 37.782 41.31 46.468 46.308 39.524 42.834 45.246 48.16 48.844 48.326 45.16 50.63 50.842 50.423 51.297 50.496 49.805 45.786 44.472 45.586 38.633 36.78 36.76 36.761 36.8 36.77 36.748 36.988 37.095 37.723 38.62 38.16 37.068 36.707 36.958 36.952 36.455 36.483 36.66 36.471 35.94 36.34 36.396 35.965 35.855 35.955 35.807 35.925 36.092
39.338 40.793 40.39 40.37 39.931 38.479 38.79 39.041 39.738 38.44 38.234 39.195 38.501 38.571 37.9 37.454 37.433 37.376 37.424 37.638 37.329 37.303 38.467 42.035 44.775 43.2 38.57 43.189 45.509 48.841 49.029 45.219 42.037 47.678 46.81 50.078 46.284 49.67 43.485 48.909 45.408 44.65 39.605 36.767 36.74 36.74 36.688 36.688 36.78 36.623 36.835 37.208 38.365 38.928 37.213 36.642 36.465 36.637 36.948 36.64 36.548 36.273 37.103 36.173 36.51 36.125 35.885 35.948 35.805 35.915 36.055
39.075 38.78 39.565 38.653 38.31 38.226 38.145 38.11 37.971 37.85 37.74 37.635 37.56 37.463 37.456 37.434 37.395 37.389 37.35 37.622 37.516 37.268 37.648 38.89 41.673 39.329 41.911 43.649 45.565 46.792 49.101 44.546 45.56 47.381 50.403 50.5 48.12 49.288 49.275 43.625 39.764 38.906 37.913 36.715 36.703 36.679 36.65 36.585 36.597 36.57 36.611 37.133 37.505 38.523 37.915 37.03 36.32 36.341 36.938 36.515 36.107 37.054 36.855 35.698 36.388 37.1 35.883 35.945 35.849 35.905 36.03
38.578 38.517 38.612 38.518 42.908 46.743 40.304 38.673 37.93 41.096 40.083 37.549 38.027 37.817 38.362 37.778 37.407 37.378 37.325 37.358 37.578 37.325 37.287 37.283 37.533 39.602 46.28 47.893 46.934 45.977 49.095 43.218 45.172 36.97 45.014 49.971 46.313 43.622 49.063 44.138 48.195 44.105 36.703 36.762 36.68 36.647 36.603 36.515 36.577 36.638 36.609 36.665 37.418 37.77 36.999 36.533 36.328 36.316 36.333 36.06 36.11 36.68 37.628 38.497 37.59 37.26 35.85 35.885 35.871 35.875 36.026
39.104 40.526 40.125 43.418 42.605 38.599 39.602 41.965 41.1 39.791 39.225 41.523 45.467 44.065 41.798 41.436 37.468 37.373 37.4 37.334 37.498 37.605 37.26 37.228 38.039 43.431 46.115 48.181 45.375 36.914 40.178 41.806 47.306 44.05 47.294 47.05 45.703 46.743 44.528 49.199 47.85 46.94 42.3 36.746 36.725 36.696 36.63 36.583 36.634 36.708 36.625 36.893 36.953 36.865 36.535 36.419 36.175 36.17 36.048 36.2 36.133 35.963 36.588 38.689 39.73 37.143 35.898 35.8 35.825 35.875 35.948
40.589 41.828 42.994 45.63 43.145 44.866 45.732 40.749 46.261 47.605 46.962 41.373 44.403 46.465 40.884 39.923 38.024 37.683 37.477 37.37 37.46 37.477 37.35 37.281 37.651 41.004 44.116 47.466 44.298 41.063 37.125 39.15 45.827 42.494 38.155 43.286 43.508 47.633 45.773 45.998 47.475 41.455 36.808 36.807 36.768 36.736 36.709 36.668 36.703 36.71 36.849 37.35 36.88 36.655 36.425 36.265 36.093 36.129 36.125 36.035 36.175 35.884 35.893 38.02 39.665 37.55 35.983 35.715 35.825 35.901 35.92
