data/LIDAR-DSM-2M-NZ24se/nz2743_DSM_2M.asc
ncols 500
nrows 500
xllcorner    427000
yllcorner    543000
cellsize     2
NODATA_value -9999
[rows 192 to 223 of 500, columns 144 to 215 of 500]
77.112 76.782 76.457 76.147 75.824 75.529 75.244 74.942 74.629 74.337 74.047 73.784 73.494 73.244 73.032 72.769 72.527 72.292 72.069 71.814 71.559 71.289 71.087 70.857 70.619 70.427 70.189 69.967 69.764 69.569 69.374 69.204 69.019 68.837 68.672 68.474 68.254 68.067 67.867 67.629 67.429 67.207 67.032 66.817 66.602 66.417 66.244 66.067 65.854 65.687 65.509 65.349 65.179 64.969 64.807 64.579 64.381 64.191 64.044 63.974 63.969 64.076 63.616 63.354 63.826 64.859 65.824 66.496 66.639 66.684 66.701 66.734
77.162 76.844 76.502 76.157 75.814 75.537 75.234 74.939 74.624 74.342 74.069 73.772 73.504 73.252 72.999 72.744 72.529 72.299 72.024 71.817 71.559 71.369 71.132 70.909 70.677 70.437 70.227 69.997 69.837 69.634 69.434 69.262 69.079 68.844 68.634 68.474 68.264 68.042 67.832 67.619 67.414 67.202 67.002 66.822 66.622 66.444 66.264 66.069 65.887 65.729 65.542 65.364 65.199 65.022 64.854 64.667 64.474 64.246 64.164 64.101 64.269 64.149 63.649 63.406 64.391 65.481 66.221 66.631 66.679 66.721 66.704 66.611
77.207 76.829 76.517 76.197 75.852 75.544 75.262 74.922 74.617 74.344 74.047 73.799 73.534 73.274 73.012 72.777 72.517 72.272 72.037 71.812 71.592 71.374 71.147 70.904 70.679 70.492 70.279 70.027 69.852 69.674 69.462 69.299 69.114 68.899 68.689 68.492 68.264 68.049 67.822 67.607 67.379 67.197 66.977 66.794 66.597 66.402 66.237 66.067 65.899 65.749 65.567 65.377 65.222 65.059 64.879 64.672 64.496 64.349 64.294 64.321 64.484 64.089 63.599 63.699 64.866 65.846 66.539 66.649 66.681 66.711 66.744 66.556
77.194 76.822 76.532 76.184 75.889 75.562 75.279 75.019 74.644 74.344 74.047 73.787 73.534 73.254 73.019 72.789 72.539 72.319 72.112 71.864 71.619 71.394 71.177 70.954 70.744 70.529 70.302 70.089 69.894 69.742 69.547 69.357 69.147 68.954 68.742 68.517 68.284 68.072 67.849 67.602 67.369 67.194 66.987 66.789 66.612 66.414 66.242 66.072 65.909 65.749 65.592 65.439 65.262 65.109 64.919 64.734 64.524 64.449 64.421 64.539 64.559 64.049 63.749 64.351 65.501 66.251 66.699 66.699 66.731 66.739 66.651 66.619
77.212 76.847 76.544 76.209 75.942 75.572 75.272 74.959 74.652 74.337 74.047 73.754 73.524 73.269 73.042 72.807 72.577 72.317 72.124 71.904 71.662 71.444 71.214 70.997 70.804 70.562 70.342 70.154 69.959 69.767 69.589 69.407 69.217 68.982 68.774 68.567 68.324 68.082 67.849 67.602 67.399 67.189 66.977 66.777 66.607 66.397 66.229 66.054 65.919 65.749 65.589 65.429 65.272 65.129 64.909 64.729 64.601 64.524 64.569 64.801 64.491 64.026 63.951 65.164 65.879 66.584 66.704 66.741 66.739 66.686 66.651 66.709
77.194 76.837 76.567 76.222 75.909 75.587 75.299 74.974 74.664 74.349 74.064 73.777 73.502 73.262 73.042 72.829 72.604 72.367 72.139 71.944 71.727 71.497 71.237 71.019 70.832 70.629 70.409 70.199 70.024 69.809 69.612 69.429 69.257 69.024 68.804 68.594 68.334 68.114 67.877 67.612 67.419 67.179 66.967 66.772 66.572 66.412 66.232 66.082 65.907 65.754 65.597 65.447 65.252 65.104 64.954 64.779 64.671 64.611 64.796 64.871 64.359 63.856 64.494 65.614 66.259 66.721 66.699 66.801 66.754 66.636 66.606 66.679
77.189 76.879 76.557 76.232 75.917 75.599 75.292 74.964 74.647 74.354 74.027 73.762 73.517 73.279 73.052 72.834 72.617 72.397 72.177 71.959 71.767 71.512 71.277 71.062 70.857 70.664 70.449 70.247 70.034 69.832 69.652 69.467 69.267 69.054 68.839 68.622 68.387 68.124 67.852 67.604 67.397 67.192 66.967 66.772 66.584 66.427 66.259 66.097 65.927 65.759 65.627 65.472 65.307 65.117 64.929 64.787 64.751 64.754 64.994 64.784 64.256 64.186 65.189 65.944 66.649 66.716 66.799 66.744 66.696 66.576 66.656 66.664
77.229 76.877 76.584 76.279 75.947 75.624 75.282 74.977 74.659 74.337 74.052 73.764 73.534 73.277 73.044 72.837 72.629 72.407 72.214 71.962 71.719 71.514 71.309 71.104 70.902 70.669 70.469 70.249 70.029 69.844 69.662 69.447 69.254 69.052 68.847 68.632 68.382 68.102 67.887 67.632 67.397 67.199 66.967 66.779 66.594 66.414 66.239 66.077 65.904 65.757 65.584 65.439 65.299 65.112 64.922 64.847 64.831 64.971 65.081 64.636 64.224 64.706 65.699 66.349 66.716 66.704 66.719 66.696 66.624 66.631 66.681 66.734
77.309 76.902 76.599 76.314 75.967 75.664 75.334 75.032 74.702 74.404 74.084 73.789 73.537 73.314 73.087 72.867 72.649 72.434 72.224 71.949 71.777 71.564 71.352 71.132 70.892 70.689 70.464 70.257 70.059 69.837 69.652 69.457 69.259 69.052 68.797 68.602 68.357 68.102 67.822 67.597 67.399 67.167 66.944 66.754 66.562 66.399 66.239 66.052 65.909 65.782 65.607 65.457 65.292 65.072 64.942 64.944 64.949 65.146 65.106 64.586 64.504 65.326 66.059 66.686 66.691 66.714 66.696 66.641 66.566 66.691 66.679 66.566
77.329 76.954 76.629 76.329 75.994 75.667 75.354 75.077 74.749 74.439 74.124 73.852 73.589 73.339 73.112 72.889 72.682 72.439 72.257 72.054 71.804 71.609 71.374 71.164 70.947 70.749 70.507 70.292 70.077 69.864 69.682 69.472 69.212 69.017 68.784 68.562 68.272 68.049 67.822 67.557 67.332 67.119 66.904 66.707 66.509 66.344 66.197 66.052 65.889 65.719 65.607 65.432 65.237 65.067 65.012 64.969 65.109 65.274 64.996 64.491 64.931 65.731 66.406 66.794 66.736 66.809 66.716 66.619 66.646 66.706 66.681 66.174
77.369 76.997 76.644 76.332 76.024 75.729 75.394 75.104 74.757 74.474 74.187 73.894 73.614 73.367 73.114 72.932 72.757 72.492 72.294 72.102 71.862 71.642 71.402 71.209 70.982 70.784 70.567 70.344 70.122 69.919 69.679 69.459 69.242 69.022 68.789 68.557 68.294 68.039 67.812 67.539 67.307 67.089 66.879 66.662 66.517 66.344 66.147 65.977 65.844 65.694 65.549 65.367 65.192 65.109 65.062 65.024 65.264 65.246 64.819 64.579 65.299 66.076 66.714 66.769 66.774 66.781 66.709 66.616 66.771 66.681 66.531 65.821
77.374 77.024 76.649 76.357 76.064 75.747 75.459 75.132 74.787 74.474 74.172 73.932 73.669 73.409 73.172 72.934 72.714 72.499 72.327 72.109 71.897 71.689 71.482 71.267 71.034 70.812 70.579 70.379 70.154 69.909 69.687 69.462 69.239 69.024 68.757 68.527 68.287 68.027 67.792 67.544 67.312 67.089 66.899 66.682 66.494 66.327 66.142 65.982 65.827 65.659 65.464 65.284 65.174 65.164 65.089 65.152 65.301 65.044 64.826 65.191 65.861 66.431 66.766 66.759 66.796 66.774 66.649 66.699 66.744 66.669 66.284 65.411
77.364 77.062 76.729 76.419 76.132 75.757 75.507 75.184 74.857 74.537 74.224 73.952 73.689 73.414 73.172 72.959 72.744 72.532 72.342 72.119 71.927 71.702 71.467 71.294 71.067 70.844 70.632 70.409 70.172 69.939 69.732 69.499 69.264 69.022 68.782 68.517 68.272 68.024 67.787 67.547 67.309 67.084 66.894 66.672 66.464 66.292 66.119 65.967 65.817 65.652 65.442 65.307 65.209 65.184 65.114 65.257 65.259 65.011 65.549 65.746 66.239 66.744 66.751 66.799 66.804 66.724 66.636 66.699 66.721 66.564 65.826 64.916
77.442 77.082 76.774 76.457 76.152 75.837 75.517 75.204 74.859 74.547 74.247 73.969 73.689 73.429 73.169 72.962 72.722 72.504 72.344 72.134 71.919 71.684 71.487 71.282 71.069 70.859 70.632 70.422 70.169 69.954 69.709 69.492 69.254 69.019 68.772 68.534 68.277 68.002 67.779 67.549 67.319 67.082 66.877 66.687 66.487 66.319 66.122 65.959 65.804 65.592 65.439 65.317 65.244 65.182 65.224 65.354 65.171 64.951 65.334 66.024 66.579 66.811 66.779 66.829 66.821 66.699 66.721 66.741 66.764 66.181 65.349 64.356
77.484 77.099 76.789 76.472 76.147 75.792 75.547 75.222 74.892 74.594 74.277 74.002 73.744 73.447 73.209 72.969 72.754 72.494 72.347 72.104 71.894 71.697 71.502 71.267 71.059 70.859 70.629 70.414 70.169 69.957 69.664 69.429 69.224 68.982 68.739 68.479 68.234 67.999 67.774 67.539 67.297 67.117 66.889 66.659 66.487 66.312 66.122 65.952 65.764 65.567 65.404 65.319 65.279 65.272 65.399 65.402 65.129 65.061 65.631 66.321 66.736 66.776 66.799 66.826 66.804 66.704 66.794 66.771 66.549 65.816 64.786 63.816
77.519 77.132 76.837 76.527 76.169 75.867 75.557 75.247 74.904 74.569 74.274 73.987 73.714 73.454 73.182 72.939 72.729 72.524 72.329 72.099 71.869 71.664 71.494 71.279 71.049 70.837 70.609 70.384 70.134 69.899 69.674 69.422 69.167 68.889 68.684 68.444 68.187 67.947 67.739 67.499 67.282 67.077 66.879 66.639 66.454 66.277 66.099 65.942 65.764 65.562 65.459 65.452 65.477 65.462 65.449 65.317 65.034 65.211 65.994 66.641 66.809 66.774 66.811 66.791 66.701 66.771 66.776 66.734 66.261 65.414 64.339 63.476
77.572 77.157 76.832 76.527 76.179 75.872 75.534 75.224 74.909 74.592 74.282 74.002 73.727 73.467 73.174 72.947 72.727 72.497 72.304 72.099 71.854 71.654 71.452 71.239 71.032 70.797 70.537 70.332 70.089 69.859 69.627 69.379 69.132 68.864 68.622 68.397 68.127 67.894 67.672 67.477 67.267 67.047 66.849 66.634 66.449 66.272 66.087 65.909 65.719 65.647 65.689 65.712 65.679 65.607 65.444 65.229 65.134 65.694 66.379 66.796 66.779 66.854 66.829 66.751 66.706 66.741 66.736 66.531 65.811 64.931 63.934 63.409
77.559 77.182 76.859 76.517 76.199 75.879 75.574 75.239 74.947 74.614 74.302 74.029 73.744 73.474 73.192 72.922 72.714 72.459 72.244 72.039 71.834 71.647 71.422 71.187 70.999 70.769 70.544 70.317 70.049 69.807 69.577 69.304 69.062 68.809 68.547 68.314 68.087 67.854 67.622 67.419 67.227 67.022 66.839 66.612 66.422 66.262 66.037 65.817 65.692 65.622 65.734 65.747 65.789 65.719 65.434 65.182 65.356 66.104 66.631 66.789 66.771 66.831 66.841 66.699 66.714 66.729 66.744 66.216 65.476 64.516 63.689 63.499
77.542 77.174 76.884 76.562 76.197 75.899 75.607 75.269 74.952 74.644 74.332 74.037 73.742 73.464 73.209 72.959 72.722 72.472 72.227 72.024 71.822 71.612 71.382 71.177 70.979 70.727 70.504 70.254 70.007 69.739 69.502 69.242 68.987 68.767 68.507 68.262 68.039 67.804 67.602 67.417 67.204 67.004 66.807 66.557 66.377 66.207 65.994 65.707 65.409 65.439 65.444 65.467 65.722 65.749 65.337 65.239 65.674 66.416 66.829 66.784 66.834 66.841 66.779 66.711 66.741 66.761 66.536 65.871 65.066 64.139 63.949 63.524
77.562 77.209 76.897 76.597 76.267 75.949 75.659 75.317 75.009 74.672 74.377 74.074 73.782 73.502 73.234 72.952 72.727 72.479 72.247 72.027 71.814 71.592 71.379 71.164 70.934 70.707 70.467 70.214 69.944 69.682 69.439 69.179 68.932 68.699 68.452 68.219 68.029 67.792 67.554 67.369 67.177 66.982 66.759 66.559 66.379 66.159 65.909 65.532 65.384 65.379 65.377 65.332 65.659 65.699 65.337 65.382 66.076 66.621 66.834 66.834 66.844 66.809 66.706 66.756 66.716 66.721 66.184 65.469 64.671 63.876 63.881 63.534
77.579 77.334 76.954 76.617 76.312 75.992 75.687 75.379 75.064 74.744 74.399 74.097 73.829 73.534 73.267 72.999 72.742 72.499 72.289 72.044 71.847 71.629 71.394 71.159 70.927 70.692 70.432 70.169 69.919 69.662 69.382 69.139 68.877 68.617 68.399 68.177 67.972 67.749 67.539 67.332 67.149 66.917 66.712 66.529 66.332 66.099 65.884 65.384 65.309 65.392 65.317 65.322 65.532 65.582 65.369 65.859 66.419 66.789 66.829 66.824 66.859 66.791 66.744 66.826 66.756 66.521 65.886 65.076 64.229 64.079 63.821 63.551
77.612 77.274 76.997 76.642 76.344 76.032 75.727 75.429 75.119 74.767 74.459 74.154 73.889 73.589 73.334 73.059 72.809 72.579 72.329 72.084 71.859 71.639 71.402 71.162 70.939 70.702 70.409 70.167 69.919 69.639 69.367 69.114 68.854 68.622 68.372 68.164 67.967 67.742 67.557 67.347 67.132 66.917 66.714 66.499 66.282 66.084 65.879 65.464 65.352 65.397 65.357 65.429 65.539 65.437 65.602 66.317 66.696 66.804 66.824 66.829 66.821 66.761 66.811 66.761 66.759 66.189 65.474 64.609 66.401 64.011 63.651 63.554
77.619 77.267 76.974 76.662 76.377 76.072 75.769 75.477 75.139 74.802 74.507 74.192 73.929 73.627 73.377 73.107 72.869 72.604 72.357 72.127 71.904 71.677 71.449 71.217 70.954 70.704 70.464 70.202 69.912 69.639 69.364 69.087 68.822 68.584 68.367 68.122 67.959 67.742 67.542 67.334 67.132 66.917 66.722 66.482 66.222 66.079 65.959 65.619 65.347 65.479 65.357 65.439 65.464 65.449 66.072 66.547 66.819 66.841 66.869 66.834 66.794 66.771 66.851 66.856 66.604 65.891 65.024 64.314 64.846 63.734 63.659 63.551
77.684 77.317 77.017 76.692 76.399 76.094 75.822 75.527 75.187 74.854 74.562 74.252 73.964 73.679 73.417 73.189 72.907 72.647 72.399 72.184 71.964 71.717 71.499 71.214 70.994 70.734 70.469 70.202 69.907 69.637 69.349 69.089 68.842 68.599 68.362 68.149 67.949 67.754 67.552 67.312 67.104 66.894 66.709 66.439 66.224 66.102 65.984 65.644 65.362 65.444 65.642 65.737 65.497 65.862 66.372 66.712 66.839 66.894 66.879 66.864 66.764 66.819 66.776 66.826 66.271 65.551 64.614 64.001 63.786 63.719 63.651 63.484
77.669 77.352 77.067 76.757 76.452 76.147 75.842 75.572 75.252 74.937 74.614 74.297 74.004 73.734 73.454 73.184 72.954 72.684 72.429 72.189 71.967 71.749 71.492 71.274 70.994 70.749 70.487 70.194 69.924 69.647 69.369 69.097 68.864 68.592 68.357 68.152 67.957 67.737 67.544 67.314 67.092 66.909 66.657 66.422 66.239 66.104 65.959 65.582 65.307 65.519 65.677 65.609 65.537 66.194 66.544 66.794 66.889 66.896 66.899 66.844 66.799 66.804 66.816 66.564 65.999 65.124 64.571 64.289 63.841 63.756 63.649 63.446
77.679 77.332 77.052 76.734 76.469 76.202 75.889 75.584 75.299 74.979 74.687 74.347 74.067 73.769 73.479 73.239 72.964 72.714 72.472 72.267 71.999 71.749 71.527 71.279 70.994 70.739 70.494 70.209 69.919 69.662 69.392 69.109 68.849 68.629 68.399 68.157 67.952 67.777 67.547 67.314 67.094 66.867 66.599 66.407 66.249 66.092 65.892 65.434 65.419 65.514 65.614 65.524 65.759 66.432 66.734 66.864 66.886 66.871 66.906 66.759 66.846 66.784 66.736 66.244 65.659 64.921 66.374 64.349 63.846 63.759 63.549 62.876
77.669 77.369 77.072 76.757 76.467 76.144 75.859 75.562 75.269 74.974 74.697 74.394 74.097 73.819 73.519 73.262 73.004 72.762 72.527 72.297 72.057 71.792 71.554 71.294 71.027 70.759 70.507 70.237 69.944 69.662 69.377 69.117 68.874 68.624 68.397 68.164 67.947 67.744 67.527 67.297 67.097 66.862 66.587 66.417 66.254 66.044 65.704 65.304 65.307 65.559 65.539 65.614 66.202 66.737 66.889 66.839 66.899 66.924 66.844 66.831 66.846 66.789 66.516 65.971 65.289 64.351 64.004 63.879 63.846 63.711 63.156 62.191
77.682 77.357 77.082 76.772 76.499 76.192 75.899 75.622 75.302 75.002 74.707 74.419 74.129 73.834 73.557 73.309 73.044 72.792 72.542 72.299 72.072 71.819 71.574 71.312 71.062 70.802 70.522 70.224 69.964 69.692 69.419 69.144 68.879 68.617 68.397 68.172 67.979 67.749 67.542 67.292 67.067 66.807 66.582 66.404 66.232 66.002 65.627 65.309 65.397 65.604 65.559 65.924 66.597 66.887 66.854 66.884 66.931 66.899 66.824 66.884 66.804 66.726 66.274 65.704 64.746 64.121 63.984 63.929 63.829 63.626 62.771 61.971
77.682 77.347 77.027 76.747 76.469 76.167 75.909 75.607 75.307 74.982 74.737 74.412 74.147 73.834 73.594 73.329 73.094 72.807 72.574 72.327 72.092 71.832 71.579 71.319 71.054 70.789 70.517 70.242 69.952 69.689 69.437 69.157 68.902 68.662 68.412 68.219 67.967 67.727 67.544 67.294 67.039 66.764 66.587 66.372 66.199 66.014 65.557 65.339 65.324 65.524 65.719 66.362 66.784 66.884 66.887 66.894 66.881 66.809 66.816 66.794 66.786 66.466 66.094 65.254 64.456 64.134 63.986 63.931 63.794 63.434 62.556 61.809
77.679 77.347 77.032 76.757 76.452 76.157 75.897 75.584 75.304 74.989 74.729 74.434 74.159 73.892 73.632 73.362 73.102 72.842 72.597 72.384 72.107 71.839 71.592 71.342 71.067 70.789 70.522 70.249 69.952 69.697 69.437 69.174 68.907 68.687 68.444 68.232 68.002 67.762 67.517 67.274 67.029 66.767 66.597 66.377 66.202 65.949 65.489 65.404 65.367 65.604 66.039 66.597 66.874 66.902 66.974 66.902 66.859 66.804 66.856 66.776 66.709 66.409 65.969 64.959 64.304 64.134 64.001 63.916 63.839 63.246 62.689 61.711
77.632 77.312 77.012 76.697 76.414 76.132 75.872 75.574 75.304 75.024 74.754 74.492 74.212 73.937 73.642 73.389 73.137 72.882 72.642 72.402 72.144 71.882 71.644 71.387 71.129 70.842 70.527 70.227 69.972 69.697 69.417 69.154 68.934 68.702 68.454 68.219 67.969 67.757 67.499 67.252 66.977 66.807 66.612 66.377 66.197 65.744 65.422 65.467 65.622 65.769 66.377 66.872 66.929 66.894 66.932 66.942 66.849 66.914 66.839 66.841 66.529 66.416 65.771 64.824 64.251 64.084 64.006 63.921 63.676 62.926 62.766 62.269
77.637 77.322 76.972 76.687 76.417 76.142 75.869 75.569 75.317 75.007 74.754 74.489 74.227 73.954 73.679 73.412 73.162 72.927 72.684 72.452 72.212 71.939 71.707 71.429 71.134 70.854 70.562 70.252 69.999 69.717 69.437 69.204 68.947 68.699 68.454 68.212 67.972 67.762 67.477 67.274 66.967 66.817 66.572 66.362 66.114 65.572 65.389 65.509 65.789 66.024 66.782 66.942 66.919 66.944 66.897 66.864 66.839 66.836 66.811 66.719 66.406 66.169 66.016 64.826 64.206 64.056 63.954 63.884 63.331 62.759 62.616 62.404
