data/LIDAR-DSM-2M-NZ24se/nz2742_DSM_2M.asc
ncols 500
nrows 500
xllcorner    427000
yllcorner    542000
cellsize     2
NODATA_value -9999
[rows 288 to 319 of 500, columns 72 to 143 of 500]
46.651 47.986 46.579 45.481 44.256 43.606 43.411 43.194 43.586 43.916 43.909 45.451 46.746 46.451 45.461 45.764 47.649 48.189 48.636 51.356 51.316 51.324 51.329 51.831 53.154 52.667 46 39.979 41.41 39.547 40.417 40.851 40.942 40.322 39.802 38.152 36.236 32.307 31.275 30.604 30.608 -9999 -9999 -9999 41.229 -9999 41.062 41.402 39.879 35.55 35.943 38.875 41.022 41.314 40.933 41.458 41.296 40.699 41.269 40.853 40.598 40.335 40.275 40.376 40.339 40.509 40.357 40.187 40.159 40.212 40.24 40.298
51.199 51.169 51.091 50.874 48.579 43.796 43.594 43.459 43.704 44.479 44.551 44.016 45.029 43.556 43.616 45.009 47.439 48.254 48.129 51.644 51.496 51.541 51.479 51.984 53.195 52.427 45.353 39.86 40.749 39.689 40.527 40.774 40.895 39.794 39.387 37.076 36.007 31.546 30.895 30.798 30.69 -9999 -9999 -9999 -9999 -9999 33.787 36.15 36.431 34.834 35.497 -9999 40.513 39.853 39.167 39.978 41.212 41.059 41.479 41.255 40.756 39.454 38.265 39.966 41.504 44.105 43.509 42.968 43.49 40.552 44.564 45.4
51.076 52.061 52.444 51.779 50.259 43.961 43.776 43.691 44.241 44.374 44.459 44.354 44.594 43.476 43.459 43.906 47.359 48.661 47.771 51.166 52.726 52.551 52.404 52.429 53.254 52.329 42.942 40.16 40.05 39.476 40.559 40.982 40.917 39.07 36.297 32.301 33.671 31.443 30.718 30.58 31.871 40.38 -9999 -9999 -9999 32.437 31.351 31.268 32.759 34.118 -9999 -9999 -9999 35.472 33.061 34.61 -9999 37.748 35.711 34.37 36.558 37.008 36.885 39.602 47.411 47.886 47.829 47.763 47.924 43.301 50.452 52.059
51.009 52.411 53.374 51.926 48.124 44.129 43.984 43.959 44.481 44.536 44.561 44.706 44.676 43.944 43.489 43.429 46.404 48.299 47.906 50.441 53.091 53.204 53.189 53.231 53.219 52.196 41.373 39.73 39.866 39.39 40.453 40.741 40.749 39.2 35.91 37.491 37.687 33.139 36.742 35.237 38.271 40.811 40.142 39.819 33.883 31.726 30.472 30.442 31.137 -9999 -9999 -9999 -9999 33.386 31.041 31.961 -9999 33.903 32.469 31.401 35.637 36.672 37.575 40.29 47.901 48.112 48.446 47.985 47.426 41.977 51.154 51.852
51.649 53.101 54.196 52.886 49.721 44.326 44.219 44.239 45.501 47.461 47.614 48.819 46.206 46.634 45.771 45.509 46.519 48.144 48.056 46.469 45.949 49.799 50.634 50.384 52.401 49.094 40.777 40.172 40.258 40.243 40.452 40.126 40.006 39.621 36.793 40.303 42.879 40.768 38.464 39.128 42.053 40.739 39.958 39.551 35.903 30.821 30.329 30.378 -9999 -9999 -9999 -9999 -9999 33.589 32.416 32.408 -9999 -9999 32.254 32.512 34.913 35.44 37.541 37.054 45.697 47.669 48.348 47.166 44.416 43.144 51.731 51.579
51.306 53.114 53.904 52.626 48.074 44.581 44.454 44.461 50.256 52.751 52.814 52.874 48.611 48.326 48.291 48.334 48.289 47.974 48.199 44.064 38.704 38.071 38.246 38.731 40.805 38.474 36.367 37.238 38.001 36.984 35.426 35.712 36.78 35.944 35.274 39.694 43.576 44.484 36.049 41.808 43.369 41.38 39.423 38.803 36.023 31.282 30.379 30.407 -9999 -9999 -9999 -9999 -9999 -9999 -9999 -9999 -9999 -9999 -9999 32.228 32.061 31.675 31.39 34.402 46.065 47.625 48.044 46.524 40.58 46.459 52.044 50.778
51.536 53.251 54.079 52.891 50.224 44.729 44.639 44.664 50.909 53.426 53.334 53.101 49.494 48.084 48.326 48.234 47.349 44.136 43.691 42.101 42.034 41.916 41.821 40.804 41.589 39.711 38.44 38.736 38.935 38.682 36.641 34.33 33.606 32.932 33.92 36.443 40.656 42.839 42.112 43.462 43.166 43.252 39.63 37.644 36.375 31.682 30.462 30.465 -9999 -9999 -9999 -9999 -9999 -9999 -9999 -9999 -9999 -9999 -9999 31.678 31.689 31.868 31.293 37.19 45.388 46.465 46.653 45.823 40.36 49.429 52.034 49.369
51.749 53.189 53.684 52.304 47.356 44.944 44.829 44.811 50.076 53.009 52.856 51.641 51.541 51.379 51.461 51.541 51.529 47.931 43.774 43.289 43.079 43.046 43.261 44.959 45.649 43.279 35.91 37.478 38.754 38.527 36.832 33.945 33.464 32.942 34.516 39.013 42.027 40.598 41.008 42.045 42.217 42.019 39.508 37.244 35.836 30.855 30.583 30.484 -9999 -9999 -9999 -9999 -9999 -9999 -9999 -9999 -9999 -9999 -9999 31.246 31.219 31.025 32.699 39.448 43.578 43.572 44.083 44.101 40.424 49.903 52.1 49.375
52.184 53.231 53.566 52.186 45.536 45.131 45.034 46.311 53.414 54.966 53.866 51.516 51.739 53.354 53.414 53.596 53.469 48.811 44.121 43.366 44.344 43.604 43.414 45.076 45.581 41.937 34.572 36.706 38.14 37.961 37.069 34.361 34.453 32.802 35.472 38.65 41.895 43.266 45.537 44.004 41.493 39.456 36.895 36.981 35.814 30.969 30.463 30.467 -9999 -9999 -9999 -9999 -9999 -9999 -9999 -9999 -9999 -9999 -9999 31.119 31.176 31.297 34.662 42.972 43.583 43.546 43.5 41.013 39.542 46.688 47.29 47.237
51.759 53.094 53.501 50.984 45.496 45.279 45.199 48.614 54.144 55.519 53.949 45.769 44.176 48.829 53.226 53.119 53.246 48.714 43.714 43.339 43.794 43.651 43.986 45.119 45.576 41.659 34.061 35.156 35.461 35.066 35.536 34.497 33.685 34.159 35.724 36.967 39.752 37.115 43.847 40.006 41.392 42.113 37.651 36.264 32.761 30.697 30.445 -9999 -9999 -9999 -9999 -9999 -9999 -9999 -9999 -9999 -9999 -9999 31.214 31.066 31.014 31.123 36.713 43.601 43.537 43.586 42.868 38.627 39.491 44.056 43.893 46.84
47.976 49.281 51.764 49.516 45.731 45.439 45.406 50.686 54.811 55.344 51.891 44.099 43.894 44.006 47.539 50.994 53.136 47.206 43.356 41.966 44.021 45.674 47.869 47.396 46.756 41.734 33.864 34.778 35.086 35.091 35.019 34.519 33.695 33.042 33.396 34.492 34.046 33.106 42.448 42.502 42.365 41.626 38.624 36.803 30.948 30.418 30.399 30.43 -9999 -9999 -9999 -9999 -9999 -9999 -9999 -9999 -9999 -9999 32.287 31.66 31.208 31.142 35.984 37.754 41.523 42.166 41.576 37.333 40.978 44.303 44.057 47.284
47.641 48.794 51.591 47.409 45.631 45.556 46.216 53.419 56.184 55.106 50.371 43.984 43.691 43.536 43.486 45.269 52.961 47.781 45.584 45.906 46.906 47.246 49.491 48.454 46.494 42.036 33.842 34.755 35.141 35.138 34.864 34.532 33.556 32.987 32.486 32.441 35.149 36.324 43.86 43.867 43.011 41.203 39.608 36.111 30.669 30.451 30.427 -9999 -9999 -9999 -9999 -9999 -9999 -9999 -9999 -9999 -9999 -9999 37.649 36.197 34.009 34.274 40.644 37.257 36.438 37.055 37.781 37.178 38.317 39.927 41.579 47.64
48.436 48.946 49.756 46.221 45.731 45.721 48.556 54.744 56.294 54.511 50.301 46.481 43.506 43.364 43.266 43.914 52.854 48.469 47.581 48.639 48.594 48.701 49.591 48.314 46.799 39.309 34.097 35.177 35.2 35.099 34.78 34.319 33.385 33.597 32.102 35 35.432 38.126 42.277 44.851 44.653 41.744 41.673 38.927 30.929 30.474 30.456 -9999 -9999 -9999 -9999 -9999 -9999 -9999 -9999 -9999 -9999 39.79 40.729 40.221 43.098 42.773 42.646 38.819 37.541 35.685 37.166 37.148 37.884 38.22 42.153 47.849
49.809 47.641 47.019 46.191 45.856 45.916 51.571 55.306 56.109 54.556 54.209 51.564 43.486 43.176 42.981 43.081 48.551 48.856 40.806 40.579 47.769 48.709 49.794 48.159 44.896 36.589 34.733 34.64 35.192 35.088 34.713 34.065 33.28 32.511 32.181 34.463 35.041 43.169 41.843 43.539 39.694 36.746 39.81 38.817 31.656 30.52 30.482 -9999 -9999 -9999 -9999 -9999 -9999 -9999 -9999 -9999 -9999 39.144 39.264 39.57 44.66 45.486 45.201 43.189 36.525 33.952 36.802 37.228 37.659 38.583 43.374 47.917
51.494 48.111 46.911 46.169 45.996 47.496 54.224 56.236 55.766 53.271 50.699 51.329 45.644 43.019 42.921 42.894 44.141 46.204 40.949 40.194 46.234 48.924 49.704 47.926 45.949 44.976 38.605 34.069 34.936 34.993 34.601 33.906 33.305 32.609 33.304 35.886 39.3 37.328 43.814 42.559 42.731 36.509 38.041 35.652 31.109 30.44 30.465 -9999 -9999 -9999 -9999 -9999 -9999 -9999 -9999 -9999 -9999 40.672 40.592 39.904 44.589 45.155 45.6 44.351 35.469 34.729 36.431 37.679 38.948 39.563 45.383 47.923
51.319 47.424 46.591 46.109 46.119 49.574 55.004 56.439 55.121 52.901 51.151 50.324 48.661 42.856 42.764 42.769 43.479 43.449 39.984 41.711 46.641 49.149 49.524 48.736 48.039 47.021 38.414 33.819 34.666 34.874 34.682 33.751 33.369 32.801 36.161 37.829 32.106 32.268 40.152 42.788 37.64 37.156 36.614 33.71 30.989 30.432 -9999 -9999 -9999 -9999 30.34 30.557 30.953 32.071 -9999 -9999 -9999 -9999 41.96 43.664 44.163 44.766 45.16 39.497 35.99 35.171 38.782 43.173 43.223 41.701 43.83 45.411
50.939 47.014 46.316 46.171 46.359 49.684 49.041 52.994 54.709 53.941 53.341 52.409 51.166 47.261 45.344 42.631 42.971 43.526 40.059 43.954 47.631 49.419 49.266 49.541 48.739 46.894 36.905 34.169 34.974 35.052 34.567 33.628 33.528 34.02 36.463 34.156 31.555 31.092 38.397 42.315 39.275 37.781 -9999 32.065 30.916 30.488 -9999 -9999 -9999 -9999 30.569 30.6 30.46 31.341 -9999 -9999 -9999 36.988 36.914 34.652 40.948 43.43 43.881 42.036 33.978 39.135 43.365 44.93 46.882 43.802 42.874 42.352
49.401 46.879 46.246 46.241 48.056 54.926 54.434 52.389 48.334 54.076 54.434 54.399 53.846 51.731 51.356 48.331 46.449 47.131 47.554 47.961 48.114 49.526 49.099 49.714 48.454 45.965 35.384 34.475 35.086 34.932 34.514 33.503 33.198 32.426 34.386 31.62 30.801 35.025 45.121 46.674 42.995 42.451 42.074 35.405 30.687 30.506 30.521 -9999 -9999 -9999 31.113 31.077 30.931 32.056 -9999 -9999 -9999 38.377 36.877 32.743 36.023 42.499 45.467 38.968 36.091 43.882 45.093 46.463 49.815 43.896 42.413 42.117
49.239 46.654 46.256 46.291 50.906 55.866 56.286 54.616 48.044 48.591 52.169 53.491 51.981 52.884 53.026 52.744 52.341 50.224 48.491 48.501 48.761 49.701 48.959 49.361 47.793 43.962 33.975 34.299 35.152 34.903 34.36 33.416 32.952 32.277 33.725 33.548 37.274 44.517 44.742 47.32 42.851 43.83 43.666 37.671 30.957 30.546 30.562 -9999 -9999 -9999 -9999 -9999 -9999 -9999 -9999 -9999 -9999 43.534 43.148 41.952 43.656 45.652 46.307 44.868 45.228 45.816 45.066 44.84 46.145 43.895 42.624 41.667
48.476 46.431 46.304 46.431 53.751 56.226 55.866 54.729 53.436 51.144 46.661 45.299 46.199 49.321 51.824 52.339 52.554 51.844 49.734 49.364 49.221 49.831 48.386 45.914 44.215 42.494 34.022 34.707 35.246 34.874 34.308 33.581 32.799 33.677 32.966 35.301 40.643 46.617 47.038 46.301 45.34 45.424 45.116 39.679 30.526 30.623 30.602 30.557 -9999 -9999 -9999 -9999 -9999 36.528 36.579 -9999 36.789 41.158 44.513 43.785 45.319 45.452 44.852 45.252 42.541 44.733 44.77 44.444 44.053 43.439 42.038 41.724
47.334 46.376 46.336 49.214 55.741 56.731 55.711 54.236 53.486 52.274 46.681 45.264 45.094 42.356 42.629 46.896 45.894 47.179 49.171 49.511 49.729 48.529 47.921 45.721 38.825 35.524 34.009 34.723 35.094 34.781 34.262 33.606 33.805 35.756 33.042 43.421 44.684 45.16 42.948 39.913 39.118 41.445 39.439 34.771 30.469 30.488 30.537 -9999 -9999 -9999 -9999 -9999 36.872 36.529 36.519 36.551 36.788 37.145 41.283 43.685 45.149 45.12 45.416 45.151 40.77 40.696 45.439 44.949 42.074 39.435 40.822 42.105
46.601 46.379 46.414 52.816 56.484 57.761 57.564 54.791 53.079 48.729 45.189 45.176 44.511 42.216 41.726 42.536 42.259 42.051 41.864 41.346 43.054 41.894 44.741 42.689 34.063 34.145 33.933 34.678 35.418 35.401 37.951 36.992 36.26 40.556 42.527 40.913 41.566 46.346 43.559 40.704 37.1 33.292 31.046 30.692 30.447 30.431 30.457 -9999 -9999 -9999 -9999 -9999 37.084 36.762 36.777 36.098 36.563 36.902 36.706 39.745 43.773 44.15 44.012 43.857 43.567 49.627 54.399 50.139 40.163 40.434 41.002 42.277
46.471 46.414 47.104 53.816 56.944 58.026 57.141 55.881 54.571 48.786 45.971 45.206 43.571 41.674 41.654 41.676 41.711 41.774 41.626 40.706 40.124 39.191 38.429 37.391 36.997 36.386 35.508 35.806 38.245 40.982 41.537 39.594 35.748 34.075 36.362 40.696 45.361 45.871 44.377 46.366 42.652 32.321 31.029 30.627 30.447 30.376 30.382 -9999 -9999 -9999 -9999 38.734 38.253 38.157 38.218 36.223 38.772 36.76 35.739 34.08 38.759 42.145 43.382 39.742 43.553 44.792 47.92 51.814 46.469 43.583 41.536 43.383
46.459 46.446 51.461 56.116 57.411 57.931 56.749 55.406 52.179 46.581 45.196 45.606 42.166 41.644 41.644 41.769 41.799 41.949 41.759 40.949 40.184 39.381 38.594 38.069 37.465 36.205 35.6 37.754 40.579 42.446 43.425 42.93 39.207 36.868 40.184 37.409 40.818 44.503 38.793 41.183 34.439 31.019 30.808 30.493 30.43 30.334 30.374 -9999 -9999 -9999 -9999 38.64 38.851 39.29 40.909 39.746 40.047 38.559 35.221 32.891 36.397 40.636 43.601 43.393 40.462 41.416 44.103 46.56 42.667 41.993 41.807 43.611
46.519 46.566 52.371 56.586 57.834 57.534 56.266 54.971 50.364 45.286 45.264 44.871 41.611 41.589 41.614 41.914 42.716 42.401 41.824 41.101 40.109 39.411 38.696 38.334 37.636 36.336 35.463 35.425 38.063 37.291 36.11 36.513 33.18 32.73 31.583 33.656 36.364 32.549 30.587 31.541 31.211 31.854 31.156 30.505 30.478 30.402 -9999 -9999 -9999 -9999 -9999 37.994 38.359 38.584 41.572 42.407 39.736 38.929 35.368 34.821 34.423 36.975 41.777 39.557 36.685 43.122 43.093 43.538 42.876 41.589 42.182 43.728
46.596 46.659 52.934 57.021 58.056 56.484 55.751 54.451 48.706 45.489 45.656 42.974 41.619 41.609 41.606 41.576 41.679 41.879 42.846 41.119 40.124 40.276 39.381 38.129 37.447 36.32 35.61 35.407 37.554 41.946 42.779 37.183 37.391 31.177 31.385 33.523 34.885 30.54 31.297 32.272 31.749 30.642 30.491 30.456 30.476 -9999 -9999 -9999 -9999 -9999 -9999 37.564 37.403 38.024 40.862 38.967 37.608 38.244 34.035 31.297 32.075 33.055 35.088 35.813 36.043 42.372 39.833 40.759 40.694 40.874 42.594 44.087
46.661 46.779 51.789 56.134 56.951 54.944 55.334 53.991 45.516 45.306 45.719 41.826 41.631 41.621 41.621 41.709 42.531 42.174 43.611 42.041 41.561 43.084 42.236 37.975 37.091 36.417 35.547 34.948 38.62 43.39 41.961 45.793 35.772 35.751 33.539 31.807 32.252 30.793 30.596 30.509 30.585 30.528 30.491 30.471 -9999 -9999 -9999 -9999 -9999 -9999 -9999 37.389 37.198 37.835 38.083 38.623 36.799 36.619 32.928 31.577 32.253 32.969 33.264 34.773 35.21 37.381 39.371 39.191 40.084 40.93 44.059 44.133
46.774 46.909 53.079 56.339 56.256 54.346 53.839 52.686 45.331 45.369 45.089 41.816 41.651 41.606 41.621 41.859 42.374 42.331 43.241 43.931 43.706 44.476 43.029 38.962 37.849 36.433 35.503 35.152 38.677 42.403 44.171 38.209 34.712 31.693 33.025 32.201 30.596 30.523 30.411 30.443 30.446 30.455 30.474 -9999 -9999 -9999 -9999 -9999 -9999 -9999 -9999 -9999 37.402 37.601 37.342 37.205 38.427 35.63 33.546 32.804 34.114 33.238 33.254 33.272 36.597 36.146 39.842 42.851 47.528 43.933 44.598 44.445
46.896 46.999 53.546 56.536 56.011 54.896 54.249 52.339 44.489 44.769 44.221 42.479 41.874 41.654 41.669 41.824 42.246 42.349 42.331 43.696 44.034 45.139 43.366 39.36 39.182 37.79 35.859 35.698 36.289 34.342 32.282 31.585 31.397 31.275 31.696 30.991 30.717 30.64 30.468 30.47 30.434 30.43 30.433 30.39 30.402 30.39 30.392 -9999 -9999 -9999 -9999 -9999 -9999 -9999 37.414 37.599 36.814 34.305 33.768 37.274 39.021 35.403 33.273 34.957 37.739 38.388 42.161 54.557 52.789 42.651 43.999 46.86
47.066 47.994 55.929 57.576 56.329 54.816 53.569 52.044 44.499 44.854 44.409 44.236 44.479 43.321 45.394 43.641 45.094 44.401 42.471 43.391 45.114 43.704 42.391 40.47 39.149 38.651 38.554 36.332 35.629 38.097 38.518 35.013 31.304 31.26 31.248 31.136 30.87 30.788 30.521 30.52 30.416 30.429 30.415 30.39 30.376 30.371 30.377 -9999 -9999 -9999 -9999 -9999 -9999 -9999 -9999 -9999 35.456 35.345 37.066 38.095 35.18 36.259 34.577 39.475 36.476 39.873 45.816 50.37 50.426 42.322 46.684 54.395
47.224 49.606 56.931 57.989 56.886 55.471 54.074 52.634 44.531 45.179 44.479 47.674 49.234 49.619 49.116 47.859 47.366 44.364 43.119 45.091 44.926 43.461 42.834 39.013 38.792 39.138 37.546 36.844 39.368 41.479 43.651 38.369 38.969 31.348 31.45 32.639 32.339 33.667 31.095 30.698 30.428 30.391 30.403 30.397 30.381 30.374 30.378 -9999 -9999 -9999 -9999 -9999 -9999 -9999 -9999 -9999 35.087 34.379 36.176 35.29 35.548 38.162 41.379 45.645 42.259 42.862 43.997 44.08 42.9 41.934 46.081 47.124
47.411 47.734 56.754 57.956 56.834 55.049 53.821 50.561 44.159 45.259 44.226 45.851 49.551 49.906 49.084 47.564 47.349 44.316 42.489 41.679 42.569 42.174 41.723 40.31 39.624 39.38 38.232 37.16 38.198 43.726 39.126 34.482 31.308 32.641 32.062 31.724 33.06 37.564 38.779 34.689 30.449 30.452 30.431 -9999 -9999 -9999 -9999 -9999 -9999 -9999 -9999 -9999 -9999 -9999 -9999 -9999 35.154 35.013 35.653 36.368 37.498 38.979 45.191 47.343 48.646 45.514 45.04 41.417 46.861 48.826 47.845 45.895
