data/LIDAR-DSM-2M-NZ24se/nz2742_DSM_2M.asc
ncols 500
nrows 500
xllcorner    427000
yllcorner    542000
cellsize     2
NODATA_value -9999
[rows 448 to 479 of 500, columns 288 to 359 of 500]
32.404 33.052 -9999 -9999 41.504 36.909 34.628 44.328 49.08 49.122 49.078 48.625 48.442 48.138 48.657 47.035 40.156 41.434 46.351 47.338 43.834 50.099 45.651 43.894 43.226 48.373 50.182 50.75 51.761 52.078 51.84 52.188 50.923 47.73 47.398 46.888 46.888 46.86 46.86 46.99 48.895 48.935 47.608 47.263 46.645 46.523 46.363 46.215 45.985 45.74 45.315 45.22 45.093 45.078 45.093 45.145 45.175 45.185 45.135 45.228 45.47 46.058 45.385 48.003 48.863 46.58 45.585 45.718 45.825 46.178 46.498 47.33
36.966 37.018 -9999 -9999 39.143 36.095 35.059 41.092 47.969 49.164 49.108 49.063 49.013 48.788 48.577 48.118 47.801 43.635 43.296 44.51 45.742 42.648 44.678 43.655 44.289 47.682 47.7 49.498 49.122 50.711 51.95 52.188 50.523 48.298 47.865 47.728 48.005 47.645 47.463 47.305 48.873 49.043 48.178 47.268 46.91 46.748 46.593 46.423 46.295 45.955 45.535 45.383 45.283 45.233 45.255 45.33 45.33 45.3 45.275 45.36 45.678 45.508 45.5 46.67 48.805 47.798 45.853 45.983 46.135 46.375 47.488 48.195
40.754 40.393 -9999 -9999 -9999 -9999 -9999 -9999 -9999 -9999 -9999 49.126 49.033 48.997 48.232 47.183 47.819 47.638 45.805 43.643 41.908 37.492 38.428 43.5 49.256 52.48 47.601 44.382 45.996 47.292 48.15 48.9 48.688 48.26 48.093 48.098 48.158 48.023 47.923 48.258 48.85 48.95 47.98 47.26 47.115 46.963 46.815 46.67 46.495 46.178 45.735 45.588 45.463 45.4 45.455 45.533 45.505 45.448 45.41 45.475 45.538 45.643 45.883 47.588 48.428 49.418 46.128 46.228 46.388 46.583 47.193 47.728
42.688 43.184 -9999 -9999 -9999 -9999 -9999 -9999 -9999 -9999 -9999 -9999 -9999 46.662 42.126 39.949 42.468 42.495 45.674 48.083 48.343 45.547 43.556 44.47 50.833 50.847 45.631 45.998 48.097 48.195 48.18 48.253 48.193 48.21 48.318 48.453 48.418 48.463 48.493 48.573 48.77 48.545 48.15 47.458 47.313 47.17 47 46.788 46.515 46.263 45.885 45.828 45.628 45.57 45.6 45.715 45.678 45.595 45.548 45.558 45.62 45.933 46.133 49.633 53.9 57.085 50.903 46.478 46.593 46.745 47.008 47.34
40.176 39.737 -9999 -9999 -9999 -9999 -9999 -9999 -9999 -9999 -9999 -9999 -9999 39.026 39.966 42.16 44.608 43.613 34.966 41.879 46.6 48.079 48.241 48.16 45.503 45.082 46.584 48.724 48.474 48.196 48.18 48.18 48.195 48.145 48.18 48.193 48.27 48.39 48.42 48.635 48.423 48.22 47.998 47.585 47.42 47.248 47.055 46.8 46.58 46.368 46.073 45.928 45.8 45.725 45.738 46.038 45.773 45.745 45.715 45.648 45.81 46.698 46.02 51.93 57.185 57.673 55.975 46.723 46.753 46.92 47.078 47.278
34.766 34.315 -9999 -9999 -9999 -9999 -9999 -9999 -9999 -9999 -9999 -9999 38.596 38.468 37.893 42.317 45.305 45.149 42.863 39.406 42.35 46.687 44.921 46.781 48.022 48.367 48.427 48.439 48.304 48.17 48.208 48.183 48.218 48.203 48.183 48.15 48.15 48.155 48.163 48.16 48.173 48.165 48.02 47.808 47.64 47.423 47.178 46.913 46.725 46.618 46.293 46.11 45.983 45.908 45.91 46.03 45.965 45.83 45.818 45.77 45.9 47.088 46.44 48.173 56.618 57.715 56.988 48.538 47.015 47.085 47.183 47.335
35.041 34.762 35.187 -9999 -9999 -9999 -9999 -9999 -9999 -9999 -9999 -9999 -9999 37.465 38.034 39.01 43.743 47.419 47.426 45.823 45.946 42.949 40.512 44.607 46.286 48.624 49.243 49.35 48.191 48.192 48.2 48.195 48.263 48.24 48.213 48.185 48.16 48.163 48.11 48.128 48.15 48.16 48.033 48.038 47.99 47.853 47.38 47.138 46.968 46.8 46.48 46.273 46.135 46.1 46.073 46.063 46.06 45.973 45.925 45.863 45.93 46.878 46.823 46.163 54.2 57.38 57.445 54.325 48.35 47.338 47.393 47.44
38.047 36.718 36.176 -9999 -9999 -9999 -9999 -9999 -9999 -9999 -9999 -9999 -9999 37.719 38.569 39.299 43.319 46.138 47.172 51.263 47.981 45.197 44.464 47.418 49.47 47.837 49.197 50.076 49.424 48.327 48.203 48.205 48.305 48.365 48.32 48.268 48.255 48.253 48.205 48.138 48.083 48.083 48.12 48.158 48.16 47.875 47.52 47.355 47.158 46.95 46.59 46.443 46.283 46.173 46.19 46.218 46.188 46.085 46.03 45.938 45.938 46.568 46.988 46.308 50.763 56.825 57.745 56.78 50.46 47.555 47.86 47.54
41.509 37.569 37.245 -9999 -9999 -9999 -9999 -9999 -9999 -9999 -9999 -9999 -9999 -9999 36.837 37.222 39.197 46.562 47.528 51.179 47.755 46.883 48.435 48.797 51.399 48.958 51.589 51.363 49.808 48.341 48.22 51.458 48.498 48.61 48.943 49 48.473 48.398 48.308 48.235 48.15 48.093 48.055 48.025 48.033 47.893 47.683 47.523 47.353 47.133 46.748 46.615 46.42 46.358 46.385 46.34 46.283 46.228 46.133 46.035 46.003 46.158 46.86 46.65 47.028 55.35 57.555 57.288 53.4 47.573 47.663 47.673
40.61 36.574 36.422 -9999 -9999 -9999 -9999 -9999 -9999 -9999 -9999 -9999 -9999 -9999 32.637 32.717 34.318 45.726 44.419 47.231 46.817 43.496 42.994 52.227 50.255 49.723 51.128 54.424 51.983 49.289 50.235 54.03 48.93 49.073 49.19 49.17 49.048 48.93 48.768 48.58 48.415 48.263 48.145 48.065 48.015 47.973 47.895 47.668 47.543 47.32 46.925 46.778 46.603 46.568 46.52 46.515 46.4 46.325 46.255 46.148 46.068 46.13 46.388 46.428 46.348 51.253 57 57.668 55.718 50.048 49.34 51.165
44.056 36.938 36.781 -9999 -9999 -9999 -9999 -9999 -9999 -9999 -9999 -9999 -9999 -9999 31.85 31.815 33.883 41.598 38.998 37.682 40.434 45.254 44.664 46.209 48.573 50.98 53.762 52.808 51.981 49.776 56.175 51.6 50.95 52.533 49.698 49.898 49.913 49.808 49.605 49.348 49.113 48.87 48.605 48.395 48.145 48.003 47.92 47.833 47.713 47.375 47.105 46.938 46.753 46.738 46.708 46.64 46.53 46.41 46.34 46.225 46.158 46.123 46.28 47.07 46.693 47.343 56.438 57.58 57.108 54.765 54.035 54.563
42.284 38.1 37.407 -9999 -9999 -9999 -9999 -9999 -9999 -9999 -9999 -9999 -9999 -9999 31.876 31.886 31.927 34.162 34.704 36.264 36.028 38.138 47.148 52.408 47.91 50.185 53.708 49.457 49.86 50.163 51.35 51.593 56.985 51.365 50.073 50.288 50.44 50.388 50.285 50.093 49.945 50.07 49.418 49.07 48.698 48.318 47.975 47.835 47.785 47.508 47.29 47.1 46.923 46.91 46.843 46.758 46.628 46.508 46.413 46.268 46.193 46.168 46.283 47.04 47.105 46.543 52.628 57.185 57.548 56.373 55.003 54.603
42.601 39.151 39.027 -9999 -9999 -9999 -9999 -9999 -9999 -9999 -9999 -9999 -9999 -9999 31.936 31.915 32.319 37.424 36.31 34.562 38.999 43.675 49.662 52.727 50.219 53.999 53.999 48.575 48.976 49.383 49.4 50.423 53.54 50.868 51.355 51.145 50.728 50.635 50.535 50.365 50.355 50.955 50.89 50.253 49.333 48.9 48.493 48.013 47.788 47.625 47.448 47.263 47.068 47.083 46.988 46.87 46.738 46.638 46.468 46.32 46.265 46.203 46.27 46.61 47.438 46.67 48.73 56.6 57.67 56.933 54.44 53.178
43.054 40.291 40.132 -9999 -9999 -9999 -9999 -9999 -9999 -9999 -9999 -9999 -9999 -9999 31.932 32.032 32.586 39.277 38.841 43.228 41.441 46.191 44.794 52.149 52.679 54.693 53.811 49.122 49.493 49.262 49.568 50.028 50.303 51.408 52.48 52.525 52.25 51.818 51.2 51.81 51.648 50.88 50.488 51.105 50.148 49.595 49.203 48.678 48.045 47.76 47.593 47.39 47.283 47.248 47.15 47.003 46.918 46.725 46.555 46.565 46.29 46.28 46.248 46.37 47.44 47.25 46.62 54.418 57.378 57.485 56.125 51.133
42.675 41.029 40.99 -9999 -9999 -9999 -9999 -9999 -9999 -9999 -9999 -9999 -9999 -9999 31.821 31.834 32.201 35.197 36.889 42.22 35.194 39.535 43.894 48.769 55.572 51.195 49.774 51.635 50.058 49.816 50.305 50.35 50.49 52.068 52.45 52.405 52.328 52.298 52.143 52.598 52.335 53.268 53.688 53.253 50.838 49.608 49.398 49.095 49.023 48.42 47.745 47.533 47.43 47.335 47.245 47.193 47.758 51.205 52.663 49.308 46.378 46.343 46.298 46.358 46.845 47.57 46.643 49.803 56.818 57.878 57.183 55.71
43.406 43.788 43.323 -9999 -9999 -9999 -9999 -9999 -9999 -9999 -9999 -9999 36.53 36.985 33.202 32.007 32.32 33.378 33.541 34.038 35.511 41.621 46.128 47.675 54.948 53.175 49.119 50.107 52.952 54.855 61.293 53.585 50.813 51.668 51.768 52.358 52.32 52.278 51.988 52.58 50.983 50.653 55.815 56.63 56.443 54.673 52.535 50.268 48.863 48.245 47.885 47.693 47.653 47.525 47.418 48.14 49.993 52.66 53.933 52.133 46.918 46.398 46.37 46.373 46.553 47.478 46.935 48.205 55.84 58.725 58.598 57.505
42.752 43.222 -9999 -9999 -9999 -9999 -9999 -9999 -9999 -9999 35.757 36.466 36.771 37.287 35.683 33.953 32.694 33.726 33.834 34.768 36.553 43.463 46.186 50.509 52.634 50.509 50.116 52.666 56.588 53.588 58.44 53.763 51.18 51.38 51.083 51.443 51.945 51.855 51.285 51.1 50.625 50.51 52.483 54.373 55.675 56.603 57.71 59.603 58.888 52.388 48.033 47.85 47.823 47.648 47.835 52.055 52.823 52.03 54.288 53.69 48.37 46.433 46.42 46.408 46.49 47.098 47.68 52.555 57.13 58.39 58.938 57.863
40.62 41.524 -9999 -9999 -9999 -9999 -9999 -9999 -9999 35.608 35.752 36.161 36.1 37.404 35.945 35.597 34.719 35.385 36.044 35.123 37.87 44.262 45.113 47.724 50.782 52.078 52.501 55.894 56.083 55.081 51.453 51.31 51.3 51.225 51.098 51.008 50.945 50.91 50.803 50.665 50.58 50.458 50.315 50.155 51.565 55.653 58.583 60.05 58.815 51.815 48.148 48.02 47.918 47.845 51.195 56.158 56.805 54.34 52.205 53.348 51.105 47.038 46.468 46.448 46.463 46.733 47.62 48.495 56.558 57.84 59.038 58.395
40.871 -9999 -9999 -9999 -9999 -9999 -9999 -9999 35.34 35.225 36.126 38.605 38.786 39.708 36.889 35.871 39.597 35.486 37.958 37.552 39.616 44.678 45.15 46.707 46.76 50.08 53.718 57.572 53.38 51.737 51.518 51.518 51.635 51.678 51.323 51.135 50.988 50.91 50.793 50.615 50.555 50.395 50.25 50.35 50.103 54.138 59.425 59.738 55.458 48.458 48.25 48.133 48.058 49.015 53.505 56.705 55.885 52.398 50.53 53.635 53.733 49.355 46.52 46.498 46.5 46.598 47.29 47.835 53.713 57.328 58.565 58.84
-9999 -9999 -9999 -9999 -9999 -9999 -9999 -9999 35.534 35.324 35.188 38.573 41.359 40.573 41.605 41.425 42.254 37.888 36.593 40.022 41.135 44.581 45.096 47.304 48.711 49.286 54.366 59.271 56.93 53.955 51.553 51.625 51.785 51.898 51.903 52.4 52.488 51.613 50.805 50.63 50.563 50.463 50.403 50.07 50.238 57.735 59.97 58.865 53.015 48.588 48.435 48.328 48.26 51.67 56.278 56.575 55.265 50.353 49.718 53.608 54.44 51.853 46.593 46.568 46.55 46.583 46.8 47.97 50.47 56.743 58.015 59.055
-9999 -9999 -9999 -9999 -9999 -9999 -9999 -9999 36.772 37.571 38.957 38.647 38.513 41.874 46.831 41.988 41.281 37.856 37.887 43.492 44.872 44.96 45.436 46.19 49.081 50.042 51.142 55.647 53.653 52.56 51.873 51.725 51.75 51.805 51.863 51.925 52.168 52.628 56.368 55.293 52.23 50.6 50.425 51.405 54.858 59.348 59.738 57.493 49.71 48.725 48.583 48.49 49.41 56.823 58.518 56.253 54.595 48.46 48.593 52.723 54.98 53.8 47.935 46.603 46.58 46.615 46.708 47.113 54.488 57.26 58.08 58.913
-9999 -9999 -9999 -9999 -9999 -9999 -9999 -9999 40.165 40.308 39.487 41.323 41.654 47.366 49.281 45.212 38.787 36.84 36.811 39.989 44.834 45.611 45.796 46.17 49.048 50.366 50.568 51.886 51.638 51.753 52.488 52.833 52.485 52.1 51.945 51.988 51.81 58.473 62.72 62.553 61.17 58.205 53.59 52.223 58.67 60.01 58.93 53.228 48.99 48.823 48.73 48.695 53.61 58.968 58.828 56.76 52.09 48.938 50.648 54.635 56.135 54.673 51.3 46.643 46.663 46.678 46.733 47.083 57.098 58.693 58.373 58.373
-9999 -9999 -9999 -9999 -9999 -9999 -9999 -9999 40.629 43.841 42.84 46.773 45.165 44.865 44.626 41.03 37.065 37.364 36.813 42.499 44.879 46.442 46.226 46.876 49.243 50.319 50.901 51.954 51.58 51.683 51.748 51.815 52.083 52.028 52.143 52.315 52.063 58.485 62.043 62.79 62.998 62.813 62.533 64.953 63.533 61.11 57.378 49.603 49.083 48.975 48.878 50.675 58.543 59.14 58.36 52.74 49.638 49.143 51.78 54.485 56.203 55.418 53.698 47.898 46.655 46.72 46.718 46.82 52.855 57.448 56.195 54.948
-9999 -9999 -9999 -9999 -9999 -9999 -9999 35.878 36.632 39.195 45.272 47.332 45.011 46.421 47.568 39.939 42.01 41.633 38.49 43.457 45.086 46.296 46.134 47.491 49.703 50.462 51.333 51.738 51.593 51.645 51.673 52.308 51.913 51.883 52.055 52.078 52.555 52.578 54.15 57.6 60.42 62.375 63.088 64.293 64.225 62.643 53.078 49.388 49.228 49.125 49.063 55.053 59.095 58.68 58.285 53.788 49.888 49.11 50.678 53.88 55.698 56.225 54.485 49.835 46.758 46.765 46.748 46.798 47.245 51.278 48.835 47.98
-9999 -9999 -9999 -9999 -9999 -9999 -9999 36.44 36.204 36.209 38.752 42.378 42.29 44.556 43.335 42.731 47.727 46.673 40.405 40.887 43.793 45.901 46.537 48.804 50.249 50.851 51.675 51.895 51.675 51.733 51.74 51.8 51.835 51.873 51.938 51.978 53.153 53.933 53.46 53.335 53.54 61.55 63.263 64.518 63.44 61.678 51.733 49.473 49.398 49.308 51.178 58.815 59.14 57.905 57.618 57.945 55.485 49.118 49.31 53.238 55.145 56.548 55.19 53.268 47.03 46.81 46.825 46.828 46.938 47.243 47.16 47.863
-9999 -9999 -9999 -9999 -9999 -9999 -9999 37.812 38.418 39.702 41.923 42.313 42.091 41.215 37.821 38.875 41.224 40.161 40.009 42.382 43.795 46.76 47.76 49.868 51.173 54.124 53.238 52.335 51.735 51.77 51.798 51.858 51.893 51.908 51.955 52.405 53.623 53.615 53.915 53.813 58.118 62.355 63.925 64.413 62.833 58.438 49.72 49.58 49.485 49.455 57.115 59.35 59.048 55.608 56.135 55.118 54.598 49.165 50.21 53.355 54.945 56.293 55.94 54.305 50.078 46.85 46.843 46.88 46.91 47.13 47.378 47.763
-9999 -9999 -9999 -9999 -9999 -9999 -9999 36.779 36.591 36.391 38.843 41.486 44.432 40.667 36.657 38.451 37.436 39.574 40.953 42.643 44.826 48.529 49.089 50.911 53.838 55.835 54.518 52.788 52 51.883 51.868 51.933 51.953 51.935 51.953 52.243 56.48 55.548 53.418 53.638 60.63 63.038 64.52 63.813 62.208 54.895 49.815 49.718 49.645 50.543 59.27 60.38 60.688 59.408 55.82 51.05 50.415 50.023 51.498 53.913 54.798 55.948 57.168 55.703 53.098 46.965 46.905 46.93 46.923 47.02 47.283 47.415
-9999 -9999 -9999 -9999 -9999 -9999 -9999 35.536 35.385 35.461 35.378 34.856 38.561 37.261 40.231 40.871 43.709 44.361 43.431 45.111 47.718 50.559 51.235 51.675 52.353 55.103 53.383 53.315 53.05 52.535 52.82 52.09 52.053 51.97 52.085 60.008 62.915 62.33 61.76 57.405 62.143 63.688 64.585 63.155 60.53 50.053 49.9 49.863 49.795 53.225 59.503 60.803 60.65 59.528 53.973 50.603 51.348 52.463 52.73 53.095 54.685 55.393 57.105 56.578 54.753 49.308 46.965 46.943 46.975 47.03 47.158 47.36
-9999 -9999 -9999 -9999 -9999 -9999 -9999 -9999 34.598 34.583 33.986 35.508 39.827 48.284 49.086 47.178 43.845 44.554 45.792 47.838 52.204 52.807 53.167 54.2 53.948 53.38 52.058 52.393 52.515 53.88 54.715 54.573 54.35 52.155 51.99 60.678 63.323 63.495 63.328 62.738 62.885 64.405 64.158 62.513 57.51 50.045 50.005 49.975 49.955 56.488 59.948 60.743 60.29 59.32 52.038 50.573 52.275 53.055 53.018 54.098 55.398 54.915 56.265 57.148 55.603 53.278 47.263 46.97 47.028 47.018 47.13 47.338
-9999 -9999 -9999 -9999 -9999 -9999 -9999 -9999 33.936 34.211 34.637 37.599 43.71 49.69 55.562 50.051 41.425 43.806 47.224 50.206 52.318 53.887 54.547 53.48 52.768 52.223 52.078 52.275 53.033 56.04 55.558 56.905 59.043 58.623 55.698 58.5 60.728 62.115 62.83 63.368 62.545 62.1 62.833 61.418 51.103 50.185 50.125 50.07 50.275 59.96 61.778 60.63 58.378 57.653 51.185 50.573 52.27 53.128 53.135 53.538 52.95 54.71 54.198 56.053 54.165 50.738 47.38 47.043 47.043 47.105 47.098 47.368
-9999 -9999 -9999 -9999 -9999 -9999 -9999 -9999 36.975 37.664 36.601 42.55 47.207 50.552 52.561 52.766 50.988 48.622 49.907 51.535 51.591 52.247 53.273 54.328 53.52 53.215 52.485 53.218 55.38 57.878 57.645 58.56 59.425 59.185 55.065 54.43 55.153 56.4 58.445 60.64 60.64 58.658 58.438 54.505 50.375 50.293 50.27 50.228 51.923 60.46 61.843 60.223 58.425 57.363 54.475 50.585 53.09 52.865 52.743 50.688 48.078 49.203 47.988 48.345 47.205 49.833 51.42 47.06 47.075 47.093 47.068 47.273
-9999 -9999 -9999 -9999 -9999 -9999 -9999 -9999 40.678 39.643 37.237 38.087 42.274 45.095 47.75 49.333 54.216 53.182 51.332 52.108 51.744 52.052 52.828 53.368 53.188 53.165 53.203 53.838 55.413 57.458 58.255 58.575 59.34 57.935 54.88 54.75 52.57 53.908 54.148 54.96 57.433 58.828 57.043 51.653 50.435 50.428 50.383 50.355 53.5 61.07 61.863 60.045 59.423 59.415 55.14 52.183 52.663 51.485 51.548 50.79 50.243 48.318 47.173 47.618 52.91 56.713 55.223 49.39 47.155 47.123 47.145 47.21
