data/LIDAR-DSM-2M-NZ24se/nz2744_DSM_2M.asc
ncols 500
nrows 500
xllcorner    427000
yllcorner    544000
cellsize     2
NODATA_value -9999
[rows 64 to 95 of 500, columns 144 to 215 of 500]
96.735 96.675 96.557 96.447 96.422 96.407 96.36 96.132 96.082 96.03 96.032 95.94 95.827 96.055 96.82 95.917 96.015 95.642 95.597 95.747 96.095 95.537 95.492 95.472 95.527 96.127 95.6 96.312 95.562 95.512 95.075 94.722 94.612 97.052 98.232 98.155 97.612 94.69 94.385 94.395 94.16 94.165 94.125 94.092 94.722 94.59 94.225 94.372 98.597 100.437 101.217 100.377 97.065 94.617 94.702 94.507 94.552 94.649 95.332 97.352 96.467 95.182 95.085 95.132 95.162 95.197 95.229 95.262 95.61 97.697 97.917 101.46
96.722 96.665 96.537 96.472 96.642 97.23 96.985 96.66 96.59 96.565 96.125 96.505 96.005 95.972 95.98 96.032 95.712 95.657 96.285 95.95 96.262 95.697 95.5 95.432 95.522 95.645 95.34 95.857 95.547 97.147 95.202 94.522 94.435 98.402 99.73 100.505 99.662 95.55 95.392 94.457 94.125 94.11 94.092 94.052 94.267 94.662 94.257 94.342 96.905 100.242 99.787 99.802 97.057 94.542 94.74 95.292 95.287 96.505 96.977 97.077 97.54 95.93 95.104 95.127 95.242 95.367 95.487 95.365 96.057 97.07 97.855 101.057
96.727 96.64 96.557 96.69 97.665 98.275 97.397 98.402 97.427 96.462 96.302 97.922 97.08 95.945 95.945 96.007 95.72 95.7 96.24 96.02 95.712 95.545 96.12 96.157 97.012 97.637 98.065 98.7 97.125 97.372 96.187 94.505 94.382 97.02 100.335 100.762 100.01 97.04 94.26 94.662 94.21 94.055 94.082 94.022 94.067 94.515 94.252 94.752 96.007 97.327 96.832 95.957 96.205 95.057 96.52 96.85 97.217 97.097 96.9 96.485 97.915 96.817 95.59 95.6 96.192 95.64 95.372 95.31 95.352 96.627 97.532 99.907
96.69 96.99 96.787 97.347 97.227 96.717 97.082 96.535 96.565 96.422 96.312 96.752 96.957 95.942 95.952 96.092 95.942 96.415 96.832 97.485 96.575 98.547 100.462 100.682 101.125 101.255 101.397 100.172 97.492 96.682 95.91 94.505 94.387 95.552 100.192 100.807 100.155 97.62 94.255 94.637 94.15 94.035 94.047 94.042 94.005 94.222 94.38 94.465 94.337 95.327 96.042 95.132 96.34 94.47 95.142 95.36 94.3 94.345 94.987 96.065 98.225 97.077 96.185 95.217 95.142 95.145 95.172 95.242 95.347 95.627 95.965 100
96.862 97.125 97.302 97.977 97.122 96.652 97.445 96.52 97.022 97.055 97.252 96.752 96.66 97.637 99.092 99.755 100.237 100.99 101.23 101.187 98.78 99.877 101.662 101.81 101.965 102.002 102.09 101.555 98.162 95.407 94.587 94.522 94.492 94.695 100.072 100.795 100.61 98.625 94.62 94.745 94.317 94.275 94.102 94.015 93.95 94.295 94.425 94.65 94.792 96.302 97.585 98.125 98.237 95.412 94.242 94.61 94.392 94.39 94.71 96.215 98.405 96.36 95.045 95.057 95.055 95.142 95.19 95.212 95.237 95.46 95.952 97.117
97.355 96.775 96.905 97.622 96.845 96.667 97.33 96.527 96.945 96.862 96.857 96.947 98.465 101.687 101.805 101.95 102.087 102.207 102.25 101.415 98.06 98.635 102.037 101.95 101.872 101.712 101.58 101.227 98.142 95.495 94.597 94.63 94.39 94.382 99.362 100.727 100.46 99.147 94.937 94.337 94.187 94.765 94.087 93.977 93.915 94.36 94.747 94.002 94.05 98.49 100.327 100.965 99.962 97.81 95.85 94.71 95.017 94.587 95.627 97.585 97.612 96.335 95.354 95.152 95.082 95.147 95.405 95.807 96.027 96.327 95.587 96.265
97.517 97.727 97.005 97.227 96.925 97.252 97.43 96.652 97.682 98.425 98.995 97.797 98.39 102.48 102.492 102.542 102.51 102.377 102.34 101.405 98.665 97.965 101.34 101.19 101.045 99.577 99.675 98.295 95.865 95.387 94.792 94.262 94.237 94.637 98.415 100.552 100.582 99.527 95.35 94.56 94.157 94.522 94.272 93.962 93.91 94.23 94.255 93.945 93.945 97.82 100.117 100.99 100.16 98.562 96.242 95.18 95.075 95.152 95.53 97.187 96.667 97.117 95.987 96.4 96.43 96.507 96.354 96.197 95.81 95.662 97.987 98.327
96.88 97.662 97.442 97.445 98.002 98.62 98.492 100.49 101.115 101.875 101.005 98.755 98.262 100.897 102.055 101.92 101.815 101.667 101.507 100.997 98.645 96.597 96.187 96.54 96.342 96.145 96.135 95.107 95.15 95.035 95.392 94.322 94.212 94.24 98.347 100.43 100.705 99.94 95.652 94.587 94.14 94.082 94.23 93.947 93.88 94.047 94.442 93.89 93.91 97.29 99.96 101.092 100.345 98.802 96.377 95.005 94.677 94.634 94.597 95.212 95.67 96.13 96.55 95.792 95.867 95.2 95.272 95.482 96.152 95.857 99.33 101.607
99.455 100.305 98.942 100.327 101.892 102.267 102.497 102.747 102.675 102.785 101.657 98.94 97.627 99.367 99.852 100.405 98.782 96.957 99.5 98.905 96.692 95.5 95.46 95.482 95.812 96.505 95.482 94.987 94.867 94.932 94.637 94.22 94.212 94.225 97.695 100.31 100.78 100.065 97.38 94.68 94.497 94.097 94.357 93.915 93.845 94.147 94.922 94 94.412 96.162 99.752 100.815 100.505 99.407 97.117 95.635 94.69 94.729 94.622 94.777 95.165 96.2 96.452 95.54 95.362 95.185 95.232 95.282 95.845 96.81 100.635 102.104
102.597 102.222 99.095 100.842 102.837 102.875 102.945 102.992 102.812 102.66 102.087 98.942 96.362 96.19 96.582 97.487 97.2 95.947 96.51 95.717 95.84 95.535 95.4 95.362 95.297 96.885 95.045 94.935 94.772 94.73 94.93 94.205 94.172 94.31 96.28 100.152 100.8 100.192 97.705 94.477 94.247 93.995 93.897 93.872 93.835 93.827 95.302 94.817 94.317 95.037 99.577 100.685 100.677 99.622 96.95 95.315 94.587 94.842 94.927 94.729 94.957 95.832 95.665 95.077 95.122 95.16 95.207 95.229 95.827 98.655 100.197 101.912
103.192 102.962 99.412 100.595 102.525 102.372 102.197 101.625 100.65 99.46 100.397 98.672 97.652 96.397 95.96 95.982 96.015 95.987 95.715 95.89 95.767 95.572 95.367 95.242 95.215 96.672 95.002 94.82 94.722 95.525 95.232 94.212 94.51 94.442 94.597 97.9 98.135 94.577 94.425 94.08 94.132 93.932 93.782 93.84 93.85 93.795 94.175 94.025 94.672 94.91 98.377 98.672 97.375 96.967 95.565 94.545 94.89 95.035 94.789 95.125 95.515 95.532 95.145 95.087 95.077 95.112 95.649 96.207 96.452 96.862 98.91 101.735
102.517 102.4 100.162 99.732 100.797 100.39 99.66 98.522 96.575 96.67 96.662 96.435 97.187 96.602 95.977 95.947 95.947 95.88 95.702 96 96.295 95.792 95.322 95.227 95.175 95.952 95.972 95.267 95.107 96.007 96.082 94.755 95.517 95.617 94.39 94.91 94.557 95.115 93.9 93.892 93.91 93.865 93.76 93.812 93.807 93.772 93.872 94 94.697 94.587 95.385 95.832 95.427 95.035 94.707 94.77 94.42 94.402 94.407 95.127 95.362 95.24 95.572 95.95 96.962 97.27 96.95 96.337 96.35 95.452 97.52 101.52
98.922 98.76 98.605 98.555 97.56 98.185 97.73 97.362 96.657 96.465 96.425 96.372 97.045 97.065 96.027 95.95 95.892 95.962 95.84 95.837 97.547 96.462 95.267 95.475 95.197 96.062 96.89 97.127 97.35 97.387 96.987 94.41 93.99 94.54 94.39 95.85 96.422 96.267 94.132 93.887 93.852 94.497 93.785 93.797 93.805 93.752 94.077 94.12 93.925 94.175 94.58 95.785 96.677 96.52 95.982 94.065 94.115 94.695 94.365 94.767 94.712 94.67 96.152 96.557 94.942 94.977 95.09 95.197 95.244 95.677 96.992 101.025
96.752 97.71 98.037 97.25 96.745 96.675 96.785 97.315 97.065 97.027 96.367 96.312 97.057 97.8 96.085 96.787 97.252 97.2 95.95 96.092 97.152 96.892 95.53 95.897 95.665 96.775 96.745 95.94 95.565 95.265 94.617 94.217 93.975 93.907 94.865 94.987 96.98 96.047 97.305 95.385 93.74 94.565 93.817 93.77 93.787 93.735 93.79 93.892 93.92 93.99 94.832 98.38 100.02 100.437 98.387 94.35 94.257 94.305 94.32 94.422 94.572 94.705 95.435 96.607 95.04 94.967 95.072 95.167 95.247 95.789 95.742 98.587
96.745 96.805 98.457 96.895 96.685 96.612 96.772 96.807 98.115 97.687 97.087 97.722 99.327 98.47 99.092 98.512 98.32 97.527 95.725 95.525 95.97 97.097 95.717 95.062 95.11 95.607 95.777 94.6 94.592 94.497 95.387 94.54 93.955 93.89 93.935 95.497 99.777 100.27 99.737 96.167 93.732 94.42 93.89 93.732 93.742 93.722 93.782 94.235 93.837 93.87 95.45 99.732 100.832 100.642 99.547 94.657 94.47 94.285 94.352 94.425 94.542 94.902 95.56 96.825 95.157 95.035 95.417 95.112 95.292 95.75 97.427 98.182
96.857 97.215 99.165 96.86 97.495 97.892 99.172 100.3 100.94 99.885 99.417 98.75 99.1 96.982 97.207 95.647 95.597 95.817 95.485 95.317 95.292 95.302 95.262 94.922 94.752 94.897 96.107 95.102 94.575 94.477 96.07 95.215 93.997 94.08 93.92 95.462 99.73 100.41 99.845 97.6 93.75 94.385 94.122 93.725 93.737 93.74 93.812 94.405 93.885 93.882 95.195 99.477 100.627 100.817 99.722 96.54 95.292 94.372 94.54 94.522 94.882 95.57 96.33 96.732 94.997 94.9 94.99 95.227 95.332 95.552 98.185 98.232
98.522 99.247 101.2 99.097 99.352 100.285 99.427 99.007 96.867 96.28 96.522 95.87 95.995 95.977 96.662 95.737 95.495 95.717 95.392 95.27 95.215 95.455 95.802 94.96 94.647 94.575 95.667 95.53 94.552 94.432 94.422 95.2 94.125 93.927 95.035 96.885 99.187 100.362 100.037 98.985 94.605 94.245 94.462 93.715 93.73 93.725 93.717 94.692 93.96 93.892 94.605 99.07 100.482 101.015 99.89 97.997 96.425 94.837 94.357 94.372 94.792 94.802 94.702 95.049 94.987 95.002 95.135 95.857 97.33 95.492 96.947 96.31
97.867 97.415 97.787 100.395 98.282 96.412 96.35 96.422 96.755 96.035 96.007 95.83 95.74 95.84 96.265 95.512 95.415 95.44 95.897 95.172 95.087 95.375 95.45 95.322 94.607 94.492 95.335 95.277 94.417 94.315 94.652 95.052 94.665 95.007 95.81 95.597 98.67 100.295 100.34 99.132 94.782 93.922 94.487 93.71 93.727 93.667 93.68 93.9 93.83 95.795 94.625 98.185 100.232 100.99 100.11 97.167 94.61 94.25 94.382 94.402 94.502 94.604 94.715 94.977 94.99 95.052 95.2 96.06 97.274 95.507 95.342 95.277
96.592 96.675 96.545 97.185 96.615 96.295 96.245 96.295 96.535 95.935 95.93 95.817 95.772 95.945 95.55 95.332 95.282 95.345 95.54 95.097 94.947 94.817 94.872 94.647 94.497 95.692 96.337 98.162 98.435 99.552 97.805 95.185 95.092 94.925 94.027 94.015 96.437 100.125 100.26 99.34 94.96 94.165 94.727 93.727 93.692 93.725 93.682 93.912 94.735 94.567 93.94 96.76 100.015 100.985 100.297 98.302 94.177 94.31 94.36 94.442 94.54 94.64 94.787 95.012 95.005 95.022 95.47 95.102 95.347 95.205 95.22 95.235
96.572 96.54 96.515 97.255 96.392 96.027 95.97 95.982 96.017 96.63 96.95 97.2 98.095 98.75 95.817 95.12 95.042 94.987 95.092 95.655 96.955 97.245 96.117 95.51 98.652 99.952 100.1 100.245 100.35 100.52 99.307 96.075 95.6 94.995 93.992 94.012 98.035 99.98 100.367 99.602 96.33 93.845 94.192 93.735 93.705 93.727 93.675 93.72 93.857 94.392 94.53 96.157 99.83 100.902 100.492 97.662 94.782 95.712 94.759 94.505 95.667 94.925 95.597 95.542 94.967 95.282 95.54 95.195 95.119 95.165 95.205 95.225
96.472 96.455 96.405 97.095 96.535 97.29 98.085 98.867 99.357 100.002 100.747 100.895 101.252 101.4 97.122 96.602 98.29 99.055 100.18 100.505 100.62 99.96 96.812 96.05 98.78 100.732 100.81 101.127 100.795 100.697 99.397 96.117 96.167 95.9 94.575 94.407 95.675 98.662 96.707 96.83 94.08 93.815 94.425 93.745 93.675 93.712 93.685 93.66 93.715 94.387 94.795 94.345 95.702 97.29 96.625 95.425 95.967 95.882 95.71 95.412 98.51 98.312 96.712 95.897 94.957 95.267 95.572 95.065 95.122 95.15 95.427 95.35
98.065 96.99 99.51 98.345 98.397 99.552 101.047 101.372 101.542 101.665 101.79 101.935 101.987 102.047 98.817 98.07 100.897 101.03 101.182 101.265 101.402 101.192 97.737 96.385 98.01 100.48 100.33 100.172 100.025 99.882 98.487 96.372 96.03 96.46 95.69 95.225 94.132 96.162 94.172 93.985 93.872 93.87 94.322 94.007 93.68 93.697 93.69 93.677 94.215 94.32 95.142 94.465 94.27 95.357 96.44 96.612 96.354 94.637 94.945 94.755 98.02 96.552 95.352 95.577 95.457 94.967 95.015 95.035 95.085 95.337 97.372 96.262
101.722 101.845 102.032 98.872 97.09 98.847 101.922 102.095 102.132 102.112 101.855 101.762 101.615 101.452 99.132 97.76 101.24 101.392 101.287 101.165 100.985 100.88 98.145 96.195 97.215 99.49 98.4 97.675 96.922 95.882 94.637 94.372 94.552 94.907 94.43 94.365 94.11 93.975 93.737 93.722 93.725 93.765 94.432 93.907 93.687 93.732 93.73 93.705 94.235 94.037 94.09 94.372 95.062 95.09 96.585 97.355 95.362 94.407 94.545 94.649 94.94 94.902 94.992 95.022 95.162 94.975 95.067 95.055 95.145 95.192 96.845 97.17
102.605 102.602 102.682 99.792 97.365 98.6 101.612 101.537 101.235 101.257 100.782 100.155 100.115 99.507 97.68 97.407 100.145 100.587 100.302 100.152 99.387 98.35 96.705 95.157 94.94 94.317 94.59 94.842 94.667 94.242 94.222 94.732 94.465 95.087 94.752 94.465 93.91 93.73 93.715 93.707 94.137 94.73 94.31 93.675 93.705 93.74 93.74 93.717 94.247 94 94.097 94.222 97.63 99.51 100.802 100.075 96.244 94.415 94.49 94.587 94.72 94.854 94.95 95.065 95.802 95.012 95.015 95.112 95.252 95.232 96.43 95.645
102.337 102.185 101.98 99.765 97.332 97.925 98.982 98.177 96.415 96.115 97.142 96.87 96.19 97.715 97.495 96.562 97.4 97.292 96.117 95.062 94.992 94.947 94.967 95.242 94.587 94.385 94.32 94.545 94.502 94.255 94.232 94.62 94.507 95.042 94.625 94.415 94.87 95.232 94.852 95.025 94.777 94.085 93.71 93.675 93.715 93.785 93.75 93.76 93.812 93.97 94.327 94.382 97.91 100.295 100.895 100.242 97.462 94.457 94.505 94.597 94.755 94.912 95.302 95.312 95.887 95.037 95.137 95.107 97.495 99.195 95.437 95.345
100.397 99.35 99.212 97.262 96.722 96.422 96.187 95.98 95.855 95.702 95.662 95.627 95.575 95.43 95.387 95.51 95.23 95.377 94.83 94.787 94.782 94.7 95.245 95.49 94.635 94.307 94.335 94.35 94.89 94.262 94.262 94.322 94.165 94.09 93.972 93.93 94.092 94.3 93.762 93.755 93.72 93.682 93.682 93.705 93.742 93.765 93.737 93.777 93.812 94.05 95.055 94.917 96.802 100.105 100.855 100.36 97.652 94.497 94.515 94.652 94.785 94.972 95.369 95.295 96.52 95.134 95.457 96.81 100.922 98.71 95.232 95.302
96.465 96.307 96.252 96.31 97.03 96.367 96.477 96.325 96.377 96.225 95.6 95.537 95.49 95.317 95.235 95.495 95.65 95.575 94.87 95.07 94.737 94.65 94.68 94.747 94.797 94.425 94.82 94.62 94.695 94.097 94.025 94.01 93.875 93.847 93.762 93.76 93.73 93.7 93.667 93.665 93.662 93.632 93.67 93.692 93.747 93.772 93.815 93.827 93.852 94.192 94.1 94.195 97.605 99.965 100.792 100.505 98.782 94.6 94.577 94.71 94.922 95.185 96.527 97.53 98.637 96.007 96.572 99.882 98.979 95.482 95.207 95.275
96.312 96.107 96.035 95.935 96.15 95.94 95.937 95.937 95.677 96.55 95.542 95.485 95.455 95.267 95.182 95.052 94.922 94.985 94.875 95.205 95.66 95.125 94.46 94.405 94.322 94.227 94.115 94.057 94.007 93.892 93.902 93.822 93.8 93.767 93.72 93.715 93.682 93.677 93.652 93.867 93.85 94.015 93.87 93.715 93.752 93.777 93.817 93.822 93.872 96.235 96.327 94.517 95.765 99.84 100.647 100.657 99.86 97.285 95.119 95.285 95.012 95.16 95.367 96.472 98.287 96.547 99.445 100.667 97.217 96.025 95.305 95.647
96.092 96.07 95.995 96.042 96.49 96.127 96.33 96.33 95.74 96.102 95.845 95.75 96 95.657 95.12 95.005 94.89 94.797 94.747 94.77 94.58 94.39 94.31 94.22 94.15 94.087 94.052 93.982 93.932 94.237 94.682 93.84 93.792 94.067 94.03 93.832 94.572 94.622 95.437 95.565 95.545 94.78 94.97 94.035 94.08 93.805 93.832 93.812 94.4 98.197 98.255 94.567 94.527 99.017 100.04 99.322 99.03 96.399 95.625 94.942 95.067 94.962 95.655 96.994 95.59 96.557 99.59 96.847 97.265 97.89 95.977 95.994
96.072 96.032 95.96 96.04 96.025 95.802 96.1 96.197 95.697 95.475 96.12 96.152 95.755 95.257 94.997 94.832 94.797 94.67 94.562 94.502 94.422 94.33 94.265 94.162 94.087 94.052 94.012 93.972 93.982 94.132 94.425 94.412 94.187 95.215 96.055 94.517 95.562 95.647 94.277 93.69 93.97 93.825 93.895 94.002 94.577 93.85 93.862 93.85 93.845 96.712 97.462 94.945 94.51 95.2 94.6 95.072 96.729 96.375 94.772 96.145 95.925 96.727 99.177 100.217 95.679 95.792 95.522 95.517 99.522 97.657 96.205 95.102
96.362 96.38 95.99 95.91 95.67 95.652 95.582 95.527 95.435 95.315 95.242 95.175 95.06 94.98 94.885 94.777 94.7 94.597 94.517 94.44 94.387 94.317 94.277 94.252 94.602 94.832 94.315 94.207 94.225 94.655 94.11 94.612 94.605 93.877 94.522 93.822 93.722 93.642 93.652 93.622 93.68 93.742 93.78 93.97 94.415 93.907 93.897 93.937 93.88 97.475 97.325 96.882 94.457 95.175 94.732 94.855 94.922 95.162 97.647 103.06 99.895 102.244 100.205 100.167 95.977 95.22 95.009 95.017 95 95.66 95.017 95.047
97.94 98.01 96.56 97.02 97.392 95.625 95.562 95.492 95.427 95.337 95.235 95.13 95.04 94.935 94.87 94.807 94.69 94.645 94.637 94.79 95.095 94.617 94.427 94.31 94.742 95.24 94.972 94.662 94.475 94.085 93.95 95.072 94.17 94.03 94.08 93.927 93.74 94.477 93.792 93.605 93.637 93.602 94.135 94.302 94.387 94.115 94.68 93.9 93.925 94.79 96.535 95.122 94.71 95.34 94.835 95.615 96.104 95.192 96.767 101.702 96.792 97.509 95.952 95.267 95.035 94.997 95.017 95.012 95.017 95.03 95.035 95.047
