data/LIDAR-DSM-2M-NZ24se/nz2742_DSM_2M.asc
ncols 500
nrows 500
xllcorner    427000
yllcorner    542000
cellsize     2
NODATA_value -9999
[rows 352 to 383 of 500, columns 360 to 431 of 500]
39.698 39.09 40.338 47.11 49.765 50.373 49.583 49.448 49.383 49.208 48.995 48.375 46.395 47.878 48.478 48.67 48.39 47.713 44.043 41.555 40.173 39.73 38.66 38.7 38.743 38.778 38.838 40.888 48.763 49.83 49.768 48.77 47.08 43.763 44.463 45.008 44.97 43.305 41.258 41.42 42.605 42.678 41.5 41.085 41.193 40.595 40.588 40.768 42.82 43.085 41.86 42.31 44.813 49.353 48.615 49.985 49.518 49.55 50.925 50.795 49.345 42.23 39.943 39.838 39.813 39.788 39.825 39.745 39.68 39.718 39.668 39.618
39.97 39.218 40.113 45.833 49.368 49.49 49.203 48.64 47.308 46.94 45.055 41.703 41.43 46.345 47.498 47.778 47.183 45.25 41.67 40.715 41.54 41.605 39.258 38.925 38.97 39.013 39.043 40.06 47.445 49.308 50.918 49.285 48.283 45.71 44.405 45.603 45.45 43.18 41.123 42.248 42.39 42.393 41.778 42.693 41.76 40.593 40.573 40.658 41.89 41.745 41.96 41.73 43.425 47.758 48.96 50.133 48.175 46.615 48.25 50.53 50.825 45.475 40.093 39.965 39.978 39.888 39.87 39.818 39.77 39.768 39.81 39.735
40.028 39.53 39.745 43.923 47.49 45.838 43.378 41.173 40.53 40.048 39.753 39.893 40.26 41.54 42.103 43.75 41.87 41.15 40.09 40.763 41.815 42.238 41.01 39.205 39.205 39.248 39.22 39.215 42.21 48.83 50.253 49.75 48.773 47.588 44.34 45.473 45.55 44.045 41.143 41.4 42.548 43.148 43.253 43.915 42.15 41.348 41.495 40.85 41.733 42.428 43.82 42.68 47.618 48.263 49.87 49.46 46.29 44.4 43.248 46.898 49.698 43.053 40.21 40.125 40.133 40.073 39.965 39.835 39.768 39.76 40.46 40.278
41.153 41.153 39.938 39.81 40.295 39.415 39.463 39.463 39.428 39.44 39.443 39.455 39.595 39.735 39.655 40.228 39.92 39.865 40.15 40.558 42.27 42.493 40.72 39.498 39.438 39.465 39.453 39.405 39.86 48.395 49.803 49.24 48.315 46.465 45.003 45.393 45.595 44.138 41.735 41.933 42.555 42.025 41.583 42.57 41.69 42.793 42.468 42.43 42.168 42.82 43.065 42.44 46.045 48.75 50.243 48 42.848 42.825 43.295 43.363 42.143 40.908 40.37 40.318 40.278 40.215 40.095 39.955 39.803 39.84 40.39 40.41
43.81 44.148 41.028 39.505 39.385 39.425 39.488 39.505 39.51 39.503 39.5 39.533 40.223 40.598 39.68 39.703 39.86 40.038 40.333 40.763 41.203 40.468 40.23 39.7 39.693 39.698 39.618 39.57 39.51 44.343 48.395 47.29 45.268 44.953 45.12 45.293 45.278 44.498 42.868 43.63 43.478 41.85 42.363 43 42.545 41.798 41.838 41.933 42.013 42.4 42.513 41.978 41.998 42.84 45.818 44.903 41.87 40.258 41.89 42.78 41.13 40.64 40.553 40.535 40.463 40.425 40.35 40.665 40.83 40.045 39.853 40.328
45.113 42.013 41.493 40.473 39.558 39.52 39.563 39.59 39.598 39.595 39.633 39.668 39.65 39.735 39.82 39.89 40.515 40.793 40.543 41.41 40.38 40.06 40.835 40.308 39.928 39.91 39.805 39.725 39.625 39.878 44.775 45.145 45.313 45.048 44.588 44.16 43.053 42.635 41.935 42.193 41.955 42.303 47.688 47.873 44.293 41.79 41.805 44.048 46.605 44.413 42.17 41.97 42.008 42.035 42.338 43.593 42.723 40.528 41.545 41.208 40.855 40.808 40.763 40.733 40.683 40.643 41.178 41.823 41.193 40.798 40.178 40.193
42.548 41.733 42.255 40.573 39.885 39.63 39.673 39.725 39.753 39.775 39.798 39.843 39.868 39.948 40.05 40.088 40.135 40.665 42.458 44.035 44.593 40.645 40.358 40.315 40.108 40.055 39.965 39.853 39.738 39.658 41.025 44.368 43.378 42.93 43.97 42.01 43.043 45.28 46.898 47.353 50.885 51.878 52.213 52.338 56.118 53.19 41.755 48.223 50.035 45.73 42.435 41.973 41.998 42.098 43.238 43.768 43.698 42.988 41.535 41.105 41.04 40.998 40.958 40.893 40.88 40.903 42.375 42.37 41.783 41.288 40.89 40.555
45.108 45.908 44.078 41.42 40.885 39.723 39.773 39.848 39.91 39.93 39.945 40.013 40.068 40.155 40.233 40.255 40.31 40.688 44.335 45.175 45.018 42.97 40.375 40.38 40.28 40.205 40.42 40.823 41.04 41.528 41.735 41.995 41.815 46.4 49.475 49.383 51.405 51.91 52.215 52.44 52.728 52.975 53.25 58.52 59.555 56.66 43.078 48.293 49.608 44.105 42.825 41.983 41.933 43.96 45.1 44.72 42.485 41.448 41.288 41.275 41.225 41.19 41.148 41.105 41.1 41.08 41.418 41.745 41.823 41.47 41.118 40.93
42.3 42.32 40.75 41.948 42.568 39.92 39.968 40.043 40.11 40.13 40.13 40.15 40.265 40.355 40.433 41.163 42.235 41.303 43.993 45.64 45.6 44.938 42.63 40.57 40.503 40.96 42.573 44.198 42.72 41.713 44.133 46.443 50.835 51.96 52.223 52.485 52.753 53.043 53.325 53.598 53.84 53.875 53.848 57.09 59.115 57.935 44.968 42.84 43.005 42.243 43.28 41.945 42.613 43.95 43.965 41.965 41.603 41.493 41.46 41.445 41.363 41.328 41.355 41.343 41.27 41.25 41.728 41.583 41.583 41.503 41.35 41.205
41.01 41.083 40.54 41.335 41.883 41.038 40.908 40.925 40.338 40.25 40.283 40.325 40.38 40.453 40.578 41.76 41.32 41.198 42.93 43.84 44.963 45.368 41.165 40.718 41.348 42.153 43.513 44.803 42.128 41.728 43.693 46.618 52.823 53.065 53.37 53.628 53.838 53.9 53.853 53.658 53.398 53.123 52.86 54.69 52.91 49.903 43.575 41.978 42.035 42.28 42.53 43.145 42.663 41.825 41.773 41.718 41.663 41.633 41.613 41.54 41.525 41.543 41.75 41.668 41.425 41.39 41.73 42.248 41.693 41.675 41.57 41.445
39.26 39.713 40.243 41.808 42.473 42.933 44.955 44.815 45.133 40.663 40.41 40.438 40.478 40.638 40.98 41.238 42.723 42.378 42.608 43.395 44.01 43.718 41.05 40.898 41.188 42.185 43.508 44.868 42.128 41.803 42.415 45.295 53.238 53.87 53.893 53.665 53.375 53.088 52.82 52.55 52.285 52.063 51.298 51.223 45.368 44.495 43.518 42.148 42.09 42.4 42.103 41.893 41.873 41.838 41.828 41.803 41.745 41.74 41.725 41.7 41.64 41.673 41.853 41.828 41.635 41.575 41.58 41.885 41.648 41.693 41.705 41.675
42.808 43.443 40.805 40.868 42.265 43.205 46.785 46.495 45.548 42.378 40.658 40.84 41.01 42.123 43.15 42.3 43.7 42.89 43.055 44.25 42.765 42.135 41.28 41.148 41.39 41.858 43.03 45.163 43.29 44.913 46.928 51.603 53.32 53.115 52.8 52.543 52.28 52.028 51.455 49.985 48.19 47.87 43.86 44.003 44.443 44.46 44.008 42.663 42.178 41.958 41.948 41.958 41.913 41.915 41.953 41.898 41.845 41.815 41.82 41.815 41.825 41.8 41.79 41.783 41.783 41.72 41.738 41.715 41.68 41.69 41.813 41.885
44.98 45.368 42.073 41.003 42.02 44.415 46.593 46.585 45.145 44.098 41.618 41.848 45.89 50.728 47.81 42.16 42.58 43.415 42.663 43.143 42.655 42.085 41.478 41.348 41.558 41.753 42.233 46.605 51.61 53.385 53.978 52.828 52.313 52.028 51.798 50.725 48.02 46.913 44.778 42.533 41.835 42 42.058 42.453 44.003 43.473 42.245 42.023 42.01 42.018 42.023 42.033 41.983 41.96 41.963 41.94 41.885 41.898 41.9 41.91 41.96 41.963 41.928 41.903 41.918 41.868 41.878 41.8 41.805 41.77 41.83 41.89
45.895 46.083 43.34 41.103 41.773 43.853 45.968 45.295 44.498 44.208 43.473 49.423 50.978 51.65 49.958 41.743 42.575 42.708 42.568 42.525 42.453 42.038 41.7 41.605 41.668 41.79 42.093 45.698 52 53.098 54.153 53.048 51.933 51.12 51.088 45.49 43.02 42.225 41.783 41.813 41.818 42.1 42.45 42.703 42.763 42.09 42.088 42.083 42.1 42.083 42.08 42.083 42.035 41.988 41.95 41.975 41.973 41.938 41.928 41.945 41.97 42.53 43.048 42.318 41.978 42 41.998 41.973 41.97 41.913 41.863 41.99
45.818 45.933 44.545 41.038 42.13 43.808 46.338 45.325 43.19 41.99 42.025 49.31 51.365 51.548 50.623 43.845 42.598 42.543 42.563 42.505 42.365 42.15 41.945 41.86 41.895 42.058 42.205 42.165 51.355 52.845 53.855 53.31 52.205 47.02 45.19 41.835 41.78 41.765 41.808 41.85 41.895 42.663 43.083 42.32 42.105 42.115 42.13 42.14 42.13 42.088 42.088 42.06 42.015 41.973 41.97 41.998 41.948 42.083 42.223 42.275 42.105 42.323 42.705 42.75 42.048 42.045 42.07 42.08 42.073 42.055 42.038 41.963
44.92 44.86 43.493 40.835 42.623 44.29 45.293 41.74 41.293 41.37 41.903 47.9 50.18 51.24 51.1 45.475 42.4 42.573 42.533 42.52 42.383 42.278 42.16 42.075 42.065 42.643 42.643 42.048 48.233 52.568 53.673 53.55 52.468 47.225 41.988 41.743 41.758 41.795 41.84 41.993 42.51 43.193 42.52 42.8 42.24 42.218 42.213 42.155 42.13 42.073 42.128 42.095 42.288 42.44 42.473 42.405 42.02 42.31 42.385 42.645 42.605 42.605 42.77 42.628 42.585 42.223 42.103 42.123 42.115 42.105 42.07 42.068
43.063 42.438 42.658 42.568 43.22 42.785 42.478 41.243 41.24 44.77 50.365 51.28 51.453 52.113 51.518 47.045 42.05 42.588 42.548 42.538 42.48 42.385 42.27 42.253 42.28 43.025 42.828 42.383 46.578 52.26 53.265 53.765 52.7 49.773 41.9 41.775 41.778 41.908 41.953 42.875 42.385 42.28 43.09 42.51 42.23 42.253 42.213 42.145 42.07 42.098 45.373 49.153 42.885 42.275 42.313 42.168 42.093 42.168 42.583 42.313 42.388 42.553 42.358 42.38 42.553 42.783 42.493 42.465 42.178 42.165 42.135 42.165
41.495 40.813 40.808 42.608 42.85 41.653 42.488 41.353 41.245 47.055 51.595 51.423 50.843 50.95 52.903 53.24 46.685 42.698 43.88 45.675 45.418 42.593 42.383 42.32 42.298 42.805 42.808 42.603 44.108 52.008 52.53 52.583 52.06 51.538 42.488 42.103 41.823 42.013 42.635 43 42.273 42.263 42.338 42.253 42.255 42.215 42.135 42.135 42.613 44.095 47.09 49.205 43.995 42.143 42.163 42.103 42.083 42.165 45.018 53.798 46.275 42.328 42.34 42.303 42.318 42.338 42.425 46.748 45.463 42.373 42.205 42.178
42.298 40.78 40.833 41.895 42.458 41.335 41.445 41.185 41.225 44.613 48.183 45.438 44.208 46.503 53.99 54.068 51.5 49.113 53.283 53.388 50.548 43.918 42.483 42.448 42.388 42.358 42.558 43.225 42.148 51.788 50.58 49.403 49.25 47.088 42.363 41.975 42.268 42.86 42.873 42.358 42.34 42.328 42.345 42.333 42.245 42.185 42.433 43.855 42.535 43.448 43.15 42.745 42.328 42.223 42.19 42.173 42.235 42.753 44.025 53.878 48.415 42.378 42.355 42.36 42.37 42.385 42.468 45.333 43.375 45.423 46.34 42.253
44.695 40.793 40.85 40.93 41.073 41.1 41.098 41.143 41.21 41.3 41.423 41.393 41.445 46.183 53.86 54.105 54.143 54.13 54.145 53.83 52.033 43.21 42.553 42.508 42.433 42.515 43.045 43.215 42.398 43.708 42.653 41.638 42.463 41.783 41.833 42.06 42.58 43.218 42.438 42.298 42.358 42.365 42.313 42.278 42.235 42.67 46.78 47.82 42.815 42.268 42.213 42.635 42.208 42.23 42.22 42.22 42.275 42.3 42.338 44.763 43.228 42.41 42.378 42.383 42.43 43.63 42.758 42.423 42.448 46.468 48.683 46.443
44.043 40.77 40.805 40.9 40.955 41.008 41.075 41.17 41.228 41.285 41.36 41.39 41.443 45.538 53.58 53.968 54.448 54.263 54.278 53.775 51.98 45.5 42.653 42.558 42.495 42.553 43.088 43.5 42.688 42.208 41.753 41.738 41.795 41.843 41.863 42.083 42.62 42.528 42.373 42.38 42.418 42.39 42.44 42.25 42.733 42.715 45.445 42.728 42.43 42.253 43.125 48.968 48.15 42.535 42.198 42.253 42.253 42.228 42.35 42.378 42.418 42.443 42.393 42.378 44.818 50.273 49.188 42.44 42.465 42.625 43.283 49.73
41.875 40.76 40.81 40.9 40.953 41.028 41.098 41.168 41.2 41.265 41.345 41.398 41.453 42.035 52.318 53.818 54.343 54.403 54.363 54.123 52.473 49.14 42.763 42.578 42.54 42.455 43.328 43.508 42.665 41.9 41.848 41.833 42.013 41.923 41.975 43.488 43.025 42.46 42.44 42.465 42.44 42.628 43.393 42.568 44.325 44.188 42.333 42.25 42.263 42.278 43.528 50.685 50.56 43.098 42.273 42.335 42.338 42.315 42.398 42.423 42.45 42.443 42.41 42.36 44.165 51.278 51.493 43.45 42.488 42.508 42.563 44.733
40.983 40.82 40.9 40.97 41.068 41.19 41.195 41.268 41.238 41.293 41.305 41.378 41.44 41.683 48 53.228 54.193 54.393 54.4 54.365 53.715 48.713 42.78 42.625 42.56 42.48 42.455 42.525 42.688 42.22 41.905 41.9 42.043 41.933 42.173 43.56 42.543 42.51 42.535 42.51 42.448 42.768 42.955 43.455 49.103 45.6 42.343 42.31 42.343 42.335 42.69 48.34 48.58 42.963 42.768 43.628 42.588 42.393 42.425 42.453 42.45 42.448 42.438 42.42 42.883 44.58 46.243 43.168 42.548 42.57 42.718 42.65
40.903 40.925 40.975 41.165 41.998 41.628 41.25 41.47 41.345 41.318 41.333 41.418 42.188 42.228 45.263 52.665 54.255 54.37 54.423 54.335 53.82 52.515 46.928 42.658 42.595 42.545 42.518 42.675 43.315 42.535 41.923 41.915 41.915 41.983 42.79 42.853 42.538 42.563 42.55 42.498 42.448 42.478 45.998 47.945 43.495 42.45 42.383 42.38 42.413 42.415 42.418 42.995 43.715 42.563 44.028 44.198 44.01 42.45 42.535 42.528 42.523 42.495 42.488 42.518 42.513 42.538 42.56 42.588 42.603 43.31 49.125 45.39
41.438 40.958 40.993 41.09 41.858 41.553 42.1 42.035 41.49 41.288 41.318 41.335 41.433 41.47 43.123 52.32 54.598 54.455 54.568 54.315 54 53.448 51.288 42.738 42.63 42.59 42.56 42.973 43.578 43.188 42.018 41.965 41.985 42.115 42.65 42.653 42.595 42.608 42.595 42.578 42.555 42.865 48.313 49.52 42.973 42.45 42.483 42.788 42.633 42.478 42.498 42.483 42.47 42.748 44.998 45.148 45.485 42.868 42.598 42.628 42.585 42.56 42.563 42.553 42.613 42.613 42.613 42.67 42.69 45.113 50.57 49.175
41.498 41.008 41.003 41.088 41.685 41.745 41.24 41.25 41.278 41.325 41.315 41.345 41.423 41.5 42.41 50.683 53.67 54.595 54.705 54.358 54.168 52.933 50.073 43.018 42.623 42.593 42.643 43.368 43.698 42.838 42.088 42.045 42.058 42.225 43.253 42.653 42.65 42.67 42.595 42.533 42.683 42.878 42.693 42.978 42.618 42.58 42.578 42.54 42.52 42.528 42.538 42.558 42.565 42.535 44.14 45.295 45.223 42.57 42.66 42.693 42.643 42.598 42.62 42.623 42.67 42.68 42.71 42.745 42.783 44.31 49.775 48.835
41.435 41.075 41.03 41.095 41.768 41.828 41.32 41.255 41.275 41.308 41.345 41.37 41.565 42.233 42.158 48.435 53.443 55.26 54.425 54.418 54.163 53.008 50.255 43.935 42.65 42.615 42.553 42.595 42.838 42.858 42.263 42.433 42.373 42.345 42.78 42.698 42.683 42.685 42.645 42.595 42.91 42.775 42.698 42.703 42.698 42.7 42.685 42.585 42.573 42.588 42.598 42.655 42.6 42.62 43.025 43 43.14 42.698 42.725 42.783 42.735 42.7 42.738 42.72 42.75 42.758 42.775 42.8 42.88 42.875 42.875 44.205
41.905 41.098 41.07 41.1 41.248 41.345 41.58 41.273 41.288 41.308 41.363 41.373 41.635 42.233 42.298 44.453 52.58 54.323 54.36 54.408 54.265 53.495 51.125 44.158 42.7 42.633 42.623 42.61 43.59 43.203 42.928 42.948 42.95 43.675 42.8 42.738 42.725 42.708 42.673 42.855 43.125 42.848 42.77 42.848 45.008 42.968 42.755 42.663 42.633 42.635 42.655 42.678 42.628 43.833 43 42.77 43.313 42.783 42.768 42.815 42.793 42.78 42.81 42.838 42.868 42.865 42.903 42.928 42.948 43.253 42.968 43.005
41.995 41.375 41.088 41.12 41.34 42.028 41.703 41.34 41.368 41.393 41.353 41.4 41.51 42.063 41.75 42.015 52.225 54.075 54.31 54.42 54.308 54.005 51.678 45.353 43.118 42.93 42.618 42.62 43.24 43.7 43.053 42.96 42.863 43.635 42.83 42.813 42.82 42.888 43.123 43.743 44.27 42.898 42.815 45.918 51.44 45.875 42.775 42.708 42.695 42.695 42.733 42.73 42.703 43.645 42.99 42.905 42.903 42.88 42.823 42.89 42.88 42.89 42.928 42.953 42.99 42.98 43.035 43.078 43.1 43.97 47.275 47.273
42.058 41.563 41.155 41.108 41.165 41.233 41.265 41.313 41.355 41.36 41.365 41.403 41.433 41.455 41.505 41.583 50.458 53.87 54.583 54.308 54.34 54.16 53.413 47.305 43.038 43.288 42.648 42.64 43.15 43.585 43.428 43.103 42.875 42.943 42.88 42.89 42.855 43.343 43.385 46.773 51.138 43.585 42.873 46.065 50.105 48.535 42.818 42.778 42.755 42.785 42.838 42.808 43.108 43.423 42.975 43.025 43.043 42.938 42.903 42.985 42.995 43.005 43.068 43.095 43.158 43.153 43.233 44.143 43.313 48.343 50.475 50.06
41.115 41.2 41.158 41.145 41.173 41.858 42.115 41.603 41.303 41.348 41.37 41.388 41.413 41.45 41.648 41.748 48.28 53.878 54.35 53.988 54.78 54.648 53.303 49.993 43.28 43.17 42.663 42.655 43.265 43.67 43.503 43.27 43.478 42.923 42.895 42.925 42.878 43.148 43.433 46.113 47.74 43.22 42.935 43.083 44.138 44.298 42.893 42.865 42.885 42.898 42.938 42.805 42.975 43.048 43.13 43.145 43.13 43.073 43 43.09 43.115 43.238 43.86 43.788 43.333 45.575 46.533 45.68 43.448 44.59 48.523 47.693
41.72 41.94 41.16 41.17 41.208 41.473 42.178 41.63 41.32 41.37 41.4 41.405 41.445 41.603 42.34 42.083 46.918 54.035 54.06 52.903 53.195 52.128 50.068 46.5 45.045 45.073 42.66 42.63 42.653 42.743 42.833 42.923 43.503 43.018 42.975 42.983 42.948 42.893 44.475 48.878 47.425 43.17 43.07 43.488 43.075 43.013 43.005 43.01 43.023 43.025 42.978 42.935 43.115 43.188 43.26 43.333 43.26 43.183 43.148 43.183 43.255 43.708 44.865 46.05 44.563 43.888 45.003 44.265 43.343 43.353 43.373 43.36
