data/LIDAR-DSM-2M-NZ24se/nz2742_DSM_2M.asc
ncols 500
nrows 500
xllcorner    427000
yllcorner    542000
cellsize     2
NODATA_value -9999
[rows 384 to 415 of 500, columns 216 to 287 of 500]
63.146 62.098 61.616 59.393 61.433 60.963 60.698 64.356 69.598 71.646 71.701 71.143 68.351 60.286 59.153 59.243 64.491 69.596 69.811 67.441 65.028 62.646 66.681 63.203 56.843 56.773 56.626 56.353 56.111 55.893 55.618 55.401 55.151 54.973 54.811 54.613 54.458 54.313 54.686 61.511 65.036 66.378 65.723 64.403 56.673 50.901 51.978 53.143 51.17 50.49 51.821 53.122 52.231 52.393 52.553 48.31 43.525 41.058 42.86 45.424 45.135 48.283 45.964 46.404 38.948 35.673 36.31 -9999 -9999 -9999 -9999 -9999
66.458 65.368 65.406 68.276 65.111 63.401 62.223 65.403 70.886 71.668 71.656 71.048 66.976 59.418 59.151 59.281 64.536 68.368 70.193 70.086 69.961 69.796 66.081 64.078 56.921 56.666 56.621 56.308 56.071 55.848 55.603 55.418 55.153 54.848 54.738 54.583 54.456 54.261 54.466 61.566 65.033 66.331 65.466 64.263 56.353 50.858 50.523 50.636 50.625 50.498 50.922 52.875 56.69 53.881 54.721 48.089 43.172 37.524 38.673 44.403 43.589 45.265 46.223 44.962 40.164 38.561 38.269 -9999 -9999 -9999 -9999 -9999
70.583 70.418 70.281 70.131 69.996 69.731 68.593 69.028 70.628 71.371 71.236 67.703 63.226 59.123 59.201 60.061 66.641 69.933 69.386 68.863 69.126 69.383 69.556 63.046 56.616 56.566 56.516 56.188 55.968 55.766 55.556 55.311 55.121 54.863 54.668 54.561 54.398 54.201 58.538 62.426 64.931 66.091 65.563 64.583 58.106 51.926 51.076 50.503 50.353 49.9 49.659 53.67 57.47 56.564 51.595 50.151 42.858 38.245 38.971 43.352 42.791 42.688 43.762 43.607 39.819 39.233 38.913 -9999 -9999 -9999 -9999 -9999
71.608 71.538 71.461 71.321 71.183 71.088 70.948 70.758 70.921 71.911 72.738 70.963 63.356 59.106 59.153 60.318 67.493 70.131 68.976 65.986 65.701 65.138 64.681 60.518 56.533 56.913 56.648 56.701 56.106 55.706 55.466 55.231 55.078 54.751 54.658 54.518 54.376 54.176 59.348 63.663 65.118 66.048 65.853 64.621 58.883 52.996 52.761 53.278 52.645 49.725 49.147 48.495 48.222 48.355 46.266 51.349 40.977 39.47 39.537 35.985 37.321 36.575 41.302 41.565 38.226 36.673 36.345 -9999 -9999 -9999 -9999 -9999
70.701 70.926 71.018 71.186 71.266 71.276 71.418 71.581 71.583 72.256 73.078 71.918 64.816 59.098 59.158 60.981 68.681 70.063 68.756 65.286 64.878 60.286 59.381 57.426 56.458 58.153 58.666 58.261 57.596 55.591 55.388 55.178 54.928 54.751 54.623 54.466 54.318 54.138 56.421 60.706 62.793 65.978 66.218 64.748 58.606 52.363 53.223 53.303 52.958 49.817 48.012 47.232 48.088 47.99 46.67 46.099 43.73 40.899 41.562 40.015 36.761 41.952 46.11 47.41 41.68 35.289 35.182 -9999 -9999 -9999 -9999 -9999
68.428 69.558 69.788 69.588 69.998 70.263 70.378 70.498 70.923 72.383 72.881 71.246 60.766 59.071 59.143 62.603 69.013 70.113 68.311 65.481 63.818 59.803 59.368 57.488 56.398 58.341 58.468 56.936 57.181 55.488 55.311 55.151 55.008 54.903 54.603 54.453 54.263 56.828 62.186 65.728 64.076 66.353 67.593 66.653 58.001 51.348 51.436 51.076 51.186 48.821 47.803 47.482 47.763 46.438 42.348 50.942 45.48 44.731 41.063 38.302 41.753 42.934 45.324 47.452 40.399 36.611 36.641 -9999 -9999 -9999 -9999 -9999
65.271 67.068 67.393 67.038 68.351 68.786 68.368 68.513 70.333 71.888 71.546 71.311 61.591 59.088 59.168 62.553 69.156 70.016 67.801 65.156 64.271 59.363 59.416 57.746 56.268 56.721 56.206 56.256 55.606 55.453 55.306 55.133 55.088 55.048 54.663 54.446 54.278 56.036 65.936 66.931 66.213 66.353 66.898 66.996 56.218 50.896 51.726 53.206 50.796 49.043 48.411 48.643 47.95 46.304 42.605 44.371 43.996 41.436 39.679 37.671 41.211 42.794 45.953 46.194 40.929 39.99 39.1 -9999 -9999 -9999 -9999 -9999
64.448 65.573 65.261 65.696 68.233 68.321 67.043 67.141 67.283 68.881 70.553 67.646 60.101 59.071 59.191 64.388 67.108 69.846 67.988 66.728 65.518 62.613 62.376 57.551 56.291 55.668 55.423 55.396 55.458 55.656 55.596 55.553 55.326 55.146 54.698 54.433 54.316 56.981 66.546 67.066 66.161 66.106 66.778 66.553 57.951 50.883 51.003 52.948 51.276 49.048 49.067 53.051 47.78 46.195 46.08 41.693 44.511 45.887 44.385 36.31 35.977 42.204 45.228 45.077 41.132 38.931 38.258 -9999 -9999 -9999 -9999 -9999
60.903 60.821 60.416 64.243 67.988 68.318 68.213 68.378 68.683 68.938 70.328 67.293 60.433 59.083 59.223 65.328 69.741 70.011 69.586 69.376 69.148 68.878 63.533 55.671 55.611 55.571 55.323 55.286 55.276 55.238 55.256 55.258 55.213 55.331 54.816 54.386 54.296 57.216 66.798 67.043 66.558 67.718 66.863 67.041 56.841 50.893 50.941 51.801 50.868 49.228 48.198 48.476 47.126 47.236 44.967 44.148 45.251 41.436 42.16 38.128 38.338 41.185 42.322 39.78 37.67 36.897 37.32 -9999 -9999 -9999 -9999 -9999
60.793 60.278 59.958 65.326 68.393 67.996 69.391 69.851 69.673 69.691 70.471 65.138 59.918 59.058 59.261 67.308 69.871 69.676 69.746 69.933 69.988 68.353 63.886 55.503 55.713 56.086 55.303 55.303 55.301 55.246 55.218 55.238 55.236 55.523 54.843 54.386 54.281 58.653 66.201 67.061 66.608 68.083 66.946 67.048 57.108 50.893 50.803 52.978 50.793 49.541 47.972 46.446 45.476 47.811 47.885 51.164 46.929 43.613 40.832 41.664 37.464 34.841 32.499 33.374 35.749 36.428 -9999 -9999 -9999 -9999 -9999 -9999
61.158 61.083 60.608 62.273 64.463 65.793 67.961 68.376 69.141 69.981 70.581 66.628 59.348 59.096 59.561 63.881 65.778 66.163 66.421 67.028 68.361 68.108 60.443 55.406 57.206 56.021 55.306 55.333 55.321 55.258 55.223 55.223 55.218 55.241 54.828 54.363 54.253 57.841 66.911 67.273 67.231 68.043 66.953 66.928 54.891 50.908 50.971 52.986 51.651 49.738 48.928 47.583 45.761 48.371 49.236 50.532 49.674 48.854 46.959 49.842 44.106 41.963 32.744 31.712 32.291 -9999 -9999 -9999 -9999 -9999 -9999 -9999
61.146 63.326 64.646 67.066 68.518 65.648 63.051 65.196 67.428 70.041 70.893 66.973 59.001 59.116 59.523 61.581 61.243 60.536 60.533 60.106 57.766 59.038 56.791 55.368 57.206 55.821 55.301 55.273 55.283 55.261 55.261 55.218 55.201 55.486 54.818 54.336 54.296 58.366 66.788 67.976 67.176 66.921 68.141 67.023 59.161 50.918 50.841 52.891 51.458 49.718 49.473 48.159 50.215 47.525 50.276 49.519 49.616 48.536 50.666 53.806 50.139 40.224 31.897 31.556 31.507 31.478 -9999 -9999 -9999 -9999 -9999 -9999
62.278 64.061 64.311 71.846 71.126 70.923 70.611 70.191 70.093 70.663 70.736 65.683 58.971 59.083 59.486 61.226 61.241 61.091 61.241 61.401 61.331 61.206 55.553 55.403 57.141 55.796 55.316 55.256 55.286 55.268 55.253 55.186 55.178 55.438 54.751 54.341 54.413 55.811 64.938 67.121 66.023 66.001 66.833 67.091 59.363 50.918 50.991 52.258 51.736 49.903 50.304 51.358 51.522 49.108 50.508 48.63 48.69 51.149 54.217 49.274 50.701 48.365 35.672 31.571 31.422 31.393 -9999 -9999 -9999 -9999 -9999 -9999
60.948 61.906 61.571 69.841 70.353 70.571 70.861 70.871 70.936 71.221 70.616 65.256 58.978 59.073 60.156 61.406 61.163 61.121 61.263 61.408 61.378 60.131 58.838 56.791 57.303 55.598 55.323 55.298 55.271 55.246 55.241 55.211 55.221 55.711 54.786 54.323 54.691 55.123 65.956 67.241 67.521 66.758 66.813 67.068 57.521 51.113 50.813 52.483 52.513 49.961 50.339 51.177 51.283 51.152 50.646 46.998 47.534 52.151 52.718 52.528 51.792 50.592 37.968 31.649 31.351 31.375 -9999 -9999 -9999 -9999 -9999 -9999
61.181 62.081 62.113 64.336 62.046 65.143 68.708 69.273 69.543 71.018 70.366 63.166 58.991 59.081 60.153 61.351 61.131 61.141 61.253 61.421 61.351 61.223 61.033 59.688 57.428 55.468 55.338 55.293 55.281 55.256 55.228 55.198 55.206 55.571 54.698 54.308 54.603 55.666 65.396 67.731 68.158 66.881 66.268 66.891 62.683 53.278 50.836 52.496 52.323 49.936 49.726 49.71 49.051 50.345 48.437 46.971 48.588 50.459 51.437 52.303 50.018 46.492 41.96 31.73 31.457 31.344 -9999 -9999 -9999 -9999 -9999 -9999
61.913 61.063 60.771 60.118 59.883 60.483 62.353 62.141 68.233 71.068 70.111 61.573 58.956 59.086 60.708 61.333 61.111 61.163 61.308 61.416 61.328 61.176 61.026 58.898 57.883 55.346 55.363 55.321 55.291 55.293 55.226 55.226 55.253 55.276 54.746 54.301 54.508 56.143 64.156 65.786 67.068 67.026 66.018 65.551 64.661 54.358 50.808 51.233 50.836 50.101 49.658 48.818 49.389 49.911 49.294 48.27 47.434 48.859 50.657 51.638 51.926 48.251 38.043 31.708 31.409 31.37 31.385 -9999 -9999 -9999 -9999 -9999
63.333 61.6 62.053 62.53 61.726 61.363 60.748 60.483 67.748 71.281 68.568 60.361 58.953 59.078 60.686 61.32 61.053 61.19 61.343 61.431 61.303 61.168 61.015 58.148 57.6 55.331 55.323 55.283 55.283 55.278 55.21 55.218 55.245 55.421 54.898 54.288 54.47 55.463 63.133 65.69 67.095 67.028 65.723 64.825 63.44 54.388 50.803 50.72 50.653 51.015 50.125 48.559 48.642 49.251 49.177 48.971 46.814 45.087 46.432 48.497 48.009 42.156 33.972 32.042 31.516 31.427 -9999 -9999 -9999 -9999 -9999 -9999
61.306 60.59 61.666 62.065 62.308 60.243 61.028 61.791 68.23 70.903 68.448 60.19 58.933 59.12 60.695 60.328 61.16 61.203 61.346 61.41 61.311 61.173 61.065 57.695 57.393 55.431 55.315 55.308 55.241 55.245 55.25 55.233 55.315 55.375 54.8 54.293 54.295 54.798 62.965 65.668 67.068 67.098 65.54 63.728 57.715 51.31 50.8 50.955 51.953 52.378 55.61 48.607 47.933 46.714 47.888 47.866 45.078 43.306 44.004 44.259 46.076 37.901 36.955 32.064 31.56 31.471 31.453 -9999 -9999 -9999 -9999 -9999
62.171 60.471 60.506 61.381 61.253 59.698 59.37 62.753 68.193 70.323 67.298 58.908 58.893 59.085 61.62 61.635 61.931 61.245 61.385 61.418 61.298 61.103 60.995 57.043 57.203 55.41 55.315 55.34 55.271 55.256 55.25 55.278 55.335 55.228 54.695 54.265 54.285 55.423 62.853 65.613 67.048 67.06 65.58 63.588 60.195 53.003 50.798 50.735 50.663 55.573 57.754 52.146 46.892 46.113 48.921 45.025 44.524 42.862 43.457 45.925 41.804 36.76 33.475 32.896 31.621 31.538 35.577 40.073 -9999 -9999 -9999 -9999
65.463 65.986 65.345 67.891 66.273 61.236 59.348 63.863 68.778 70.908 66.073 59.05 58.913 59.506 63.978 63.258 61.881 61.268 61.396 61.418 61.268 61.101 60.913 56.643 56.803 55.408 55.383 55.353 55.288 55.258 55.265 55.263 55.718 55.296 54.745 54.29 54.423 54.615 63.048 65.72 67.048 67.028 65.81 65.543 65.468 52.005 50.803 50.733 50.713 51.805 51.403 50.295 52.309 50.777 49.692 47.677 44.892 42.795 39.674 41.484 40.19 40.656 36.92 36.755 32.195 33.686 39.563 40.801 40.426 -9999 -9999 -9999
66.308 65.898 66.213 68.3 65.418 60.698 59.775 64.861 69.238 70.3 64.118 58.878 58.901 59.713 60.478 61.208 61.205 61.283 61.42 61.363 61.241 61.085 59.348 56.465 56.736 55.326 55.336 55.306 55.288 55.271 55.256 55.241 55.311 55.258 54.73 54.285 54.348 54.598 63.65 66.273 67.408 67.075 65.71 65.133 66.92 55.628 50.848 50.753 50.705 50.128 49.135 49.568 55.246 51.663 47.645 46.196 42.91 40.745 38.736 38.578 37.457 38.81 38.97 40.531 42.461 39.657 41.888 40.416 40.234 39.457 -9999 -9999
67.585 67.263 66.91 68.283 66.643 64.321 62.423 64.8 69.486 68.525 65.595 59.623 58.866 59.853 59.323 60.998 61.163 61.315 61.44 61.373 61.228 61.068 58.953 56.4 56.965 55.34 55.333 55.303 55.306 55.256 55.241 55.218 55.743 55.348 54.865 54.288 54.495 55.133 63.23 65.713 67.043 67.03 65.658 64.883 65.51 55.13 50.84 50.763 50.678 50.493 49.318 48.441 53.343 52.322 48.777 48.106 46.663 44.338 40.016 38.64 37.48 38.165 39.959 39.078 42.304 45.629 45.313 45.442 38.308 39.548 -9999 -9999
68.673 68.41 68.028 68.503 69.076 68.965 68.298 68.018 69.718 69.618 62.063 58.84 58.901 59.968 59.406 61.155 61.248 61.346 61.455 61.368 61.238 61.078 58.445 56.125 55.585 55.363 55.308 55.288 55.293 55.263 55.228 55.215 55.343 55.193 54.848 54.288 54.648 55.875 64.705 65.648 67.028 67.078 65.678 65.34 64.978 52.413 50.838 50.775 50.7 50.64 49.568 49.203 50.724 50.151 49.961 47.359 45.849 44.568 43.61 42.41 37.233 38.005 39.898 41.674 46.858 47.714 43.188 39.524 39.882 41.333 41.044 -9999
68.948 69.248 69.37 69.768 70.388 69.79 69.745 69.751 70.838 69.93 61.62 58.843 59.023 61.288 60.681 59.015 59.788 60.026 59.723 59.625 59.675 59.798 57.71 56.421 55.631 55.37 55.311 55.308 55.275 55.273 55.258 55.256 55.671 55.228 54.693 54.343 54.465 55.45 63.055 65.558 67.013 67.08 65.653 63.018 59.24 52.125 50.85 50.773 50.748 50.828 49.848 48.325 48.87 46.876 46.226 47.146 45.054 43.614 43.191 42.063 38.701 37.811 40.156 41.176 45.914 46.676 45.458 43.212 40.769 41.13 -9999 -9999
64.483 65.943 67.468 67.701 67.94 68.903 68.413 68.821 70.175 69.54 60.745 58.798 60.738 65.533 67.313 63.073 61.578 58.328 57.971 57.228 56.743 55.9 55.548 56.061 55.581 55.385 55.323 55.418 55.306 55.308 55.293 55.241 55.425 55.111 54.723 54.355 56.155 59.375 62.983 65.59 67.01 67.063 65.665 63.23 57.39 52.18 50.825 50.768 50.743 51.01 50.185 48.333 47.214 45.919 44.331 43.557 45.048 43.716 43.104 40.748 36.486 37.578 38.974 39.651 40.762 39.845 40.942 41.177 37.077 39.552 37.097 37.483
60.355 60.195 60.175 60.643 62.741 63.843 65.208 68.053 70.363 69.048 59.763 58.783 62.07 68.635 68.938 67.568 66.488 63.955 59.545 58.053 58.418 58.32 58.433 57.4 56.733 55.598 55.473 55.338 55.348 55.258 55.561 55.133 55.015 54.73 54.45 54.54 59.385 65.545 65.42 65.673 67.003 67.103 65.733 65.088 64.75 54.325 51.425 50.768 50.738 50.935 52.168 50.473 47.398 48.373 48.056 46.857 46.836 43.805 43.005 41.601 36.903 37.276 38.726 39.674 45.26 46.038 45.882 44.824 44.644 41.706 36 35.402
60.931 60.431 60.033 59.783 59.631 59.495 59.353 59.995 63.135 61.665 58.806 58.718 63.788 68.415 68.57 67.368 66.438 65.438 58.878 57.568 57.733 57.385 57.633 58.55 58.01 56.885 56.791 56.603 56.588 56.245 56.366 55.838 55.486 55.188 54.878 54.835 58.488 65.233 66.368 65.21 65.333 65.985 65.803 65.863 65.733 52.715 51.52 50.855 50.805 53.88 57.268 55.98 48.033 49.348 50.888 46.087 44.757 43.728 43.117 41.989 39.386 37.051 38.243 39.036 42.385 44.549 45.308 47.154 43.84 43.454 34.461 34.271
60.993 60.745 60.706 60.153 59.59 59.418 59.26 59.166 59.068 58.875 58.705 59.128 64.826 68.846 67.885 67.215 66.305 64.666 60.668 60.503 60.205 57.733 59.128 57.901 57.276 56.98 57.32 56.901 56.826 56.745 56.638 56.518 56.293 56 55.548 55.253 56.053 57.138 60.465 60.178 60.005 63.61 61.345 63.108 62.96 53.918 50.933 50.908 50.89 54.635 56.098 55.09 49.885 53.24 51.929 46.624 42.057 45.213 46.206 47.636 40.781 38.699 38.532 39.253 42.249 42.298 44.923 46.639 47.292 41.769 39.471 37.11
61.105 60.828 60.58 60.355 60.131 60.021 59.463 59.09 59.515 58.848 58.678 58.723 59.576 59.993 61.42 62.995 62.556 63.015 61.601 61.526 61.098 62.578 64.003 60.541 57.576 57.015 57.008 56.951 56.866 56.813 56.66 56.5 56.311 56.073 55.743 55.255 55.71 55.695 55.718 55.693 55.673 56.05 55.658 55.98 56.335 55.818 52.733 50.998 50.935 51.783 52.083 49.873 47.42 47.918 46.082 44.555 42.821 41.144 42.915 41.846 43.348 42.561 38.976 39.036 38.709 39.713 43.267 44.732 43.351 42.462 41.861 -9999
61.228 60.933 60.69 60.436 60.14 59.89 59.695 59.585 59.638 58.945 58.671 58.693 59.173 58.928 58.923 59.116 59.08 59.811 62.648 61.003 63.178 67.445 69.016 65.881 60.75 58.025 59.518 58.046 57.358 57.183 56.548 56.458 56.248 56.048 55.85 55.228 55.773 55.803 55.79 55.74 55.715 55.675 56.053 55.925 55.748 55.92 52.91 51.075 50.998 50.943 51.01 49.495 48.993 46.393 45.069 44.449 43.8 42.535 42.233 43.559 43.886 44.477 44.178 44.042 38.422 38.606 43.373 43.439 42.421 44.323 42.719 40.275
61.473 61.058 60.773 60.483 60.196 59.936 59.668 59.958 59.313 58.756 58.608 58.698 59.438 59.243 58.896 58.905 58.906 59.113 58.921 59.34 63.201 68.715 69.608 63.451 61.065 58.473 58.948 59.515 60.671 59.468 57.408 56.26 56.105 55.968 55.853 55.358 55.693 55.863 55.835 55.788 55.755 55.733 55.925 55.688 55.62 55.71 52.835 51.133 51.02 50.973 50.918 51.495 52.013 47.028 45.08 44.617 43.974 42.862 42.591 41.607 43.535 45.198 46.385 44.814 39.08 38.038 38.882 35.865 35.361 39.937 41.687 39.245
61.438 61.135 60.788 60.498 60.236 59.995 59.748 59.59 59.39 58.936 58.631 58.741 65.616 66.448 62.168 59.586 59.788 59.095 58.965 59.078 61.183 64.843 66.131 62.213 59.416 58.445 58.34 58.511 58.973 59.09 56.988 56.118 56.026 55.898 55.85 55.43 55.513 55.84 55.818 55.775 55.783 55.73 55.67 55.635 55.595 55.69 52.743 51.253 51.148 51.088 51.11 50.235 48.518 46.55 45.11 44.445 43.885 43.782 42.43 41.798 43.465 44.662 45.862 44.54 38.756 37.68 36.437 32.403 38.787 41.967 38.107 37.648
