data/LIDAR-DSM-2M-NZ24se/nz2740_DSM_2M.asc
ncols 500
nrows 500
xllcorner    427000
yllcorner    540000
cellsize     2
NODATA_value -9999
[rows 0 to 31 of 500, columns 284 to 354 of 500]
101.032 101.202 101.354 101.539 101.694 101.837 101.979 102.059 102.199 102.284 102.419 102.459 102.562 102.599 102.562 102.484 102.494 102.339 102.234 102.172 102.017 101.869 101.747 101.719 101.732 101.837 101.904 102.034 102.117 102.164 102.184 102.252 102.277 102.264 102.137 102.059 102.112 102.049 101.834 101.632 101.424 101.234 101.429 101.654 102.259 102.819 102.937 102.627 102.864 102.754 102.589 102.419 102.012 101.814 101.929 101.957 102.259 103.022 103.874 104.084 104.047 104.022 103.897 103.872 104.114 103.924 103.814 104.047 103.897 103.947 103.844
101.259 101.482 101.549 101.744 101.884 102.029 102.137 102.277 102.434 102.539 102.524 102.379 102.184 101.954 101.737 101.574 101.482 101.379 101.319 101.292 101.342 101.409 101.484 101.602 101.732 101.819 101.912 102.057 102.164 102.179 102.179 102.164 102.357 102.822 102.614 102.637 102.439 102.287 101.672 101.074 101.254 101.352 101.174 101.354 101.712 102.517 102.807 102.684 102.739 103.029 102.867 102.502 101.912 101.929 102.007 102.052 102.239 102.892 103.742 104.064 104.077 104.094 103.989 103.959 104.204 104.004 103.897 103.829 103.849 103.929 103.942
101.532 101.709 101.769 101.969 102.119 102.267 102.374 102.337 102.252 102.057 101.604 101.262 100.987 100.952 100.932 100.972 100.994 101.064 101.162 101.227 101.312 101.419 101.539 101.677 101.747 101.852 101.997 102.124 102.229 102.427 102.367 102.482 102.784 103.252 103.367 103.262 102.577 102.372 101.519 101.014 101.152 101.584 101.217 101.212 101.702 102.057 102.409 102.794 102.822 102.657 102.499 102.132 101.934 101.987 102.032 102.104 102.307 103.009 103.832 104.154 104.139 104.124 104.079 103.939 104.064 103.954 103.982 103.862 103.892 104.092 104.187
101.689 101.874 101.982 102.124 102.254 102.054 101.767 101.312 100.922 100.762 100.719 100.667 100.684 100.782 100.852 100.949 101.017 101.127 101.209 101.324 101.464 101.629 101.779 101.934 102.204 102.417 102.599 102.674 102.772 103.069 102.924 103.007 103.012 103.357 103.654 103.124 102.394 102.497 101.849 101.302 101.789 101.777 101.167 101.174 101.454 101.682 102.209 102.339 102.332 102.359 102.419 102.174 102.147 102.059 102.082 102.174 102.424 103.152 103.922 104.199 104.159 104.172 104.124 104.047 104.012 104.029 104.007 104.169 103.974 104.132 104.304
101.884 101.932 101.699 101.394 101.264 100.952 100.559 100.419 100.394 100.467 100.539 100.627 100.727 100.832 100.997 101.232 101.444 101.729 101.949 102.159 102.372 102.467 102.574 102.807 103.027 103.139 102.987 102.924 102.914 103.352 103.597 103.414 103.407 103.452 103.802 102.892 102.529 102.642 101.924 101.762 102.789 102.289 101.182 101.497 101.849 101.994 102.149 102.377 102.467 102.144 102.117 102.239 102.259 102.172 102.192 102.272 102.654 103.314 104.064 104.217 104.234 104.267 104.219 104.174 104.139 104.079 104.047 104.007 104.027 104.224 104.399
101.317 101.042 100.727 100.442 100.299 100.287 100.289 100.289 100.399 100.479 100.629 100.902 101.219 101.644 102.037 102.417 102.864 103.027 103.194 103.164 103.287 103.389 103.414 103.457 103.407 103.312 103.232 103.142 103.009 103.377 103.639 103.342 103.949 103.779 103.387 102.934 102.884 102.654 102.437 102.144 102.392 102.064 101.392 101.634 102.094 102.217 101.974 102.399 102.317 102.162 101.979 102.219 102.324 102.294 102.319 102.399 102.782 103.507 104.152 104.279 104.259 104.287 104.297 104.269 104.247 104.259 104.292 104.282 104.332 104.469 104.579
100.397 100.262 100.217 100.204 100.217 100.267 100.277 100.417 100.637 101.004 101.452 102.019 102.529 103.032 103.362 103.642 103.714 103.714 103.759 103.772 103.794 103.799 103.777 103.704 103.584 103.452 103.367 103.292 103.124 103.267 103.647 103.677 103.892 103.937 103.544 103.434 103.082 102.739 102.617 102.249 102.017 101.747 101.317 101.512 102.017 102.202 102.084 102.367 102.467 102.269 102.234 102.844 102.854 102.457 102.397 102.449 102.827 103.554 104.239 104.384 104.307 104.299 104.382 104.367 104.374 104.407 104.442 104.494 104.534 104.622 104.747
100.159 100.199 100.214 100.234 100.357 100.562 100.957 101.384 101.734 102.327 102.837 103.302 103.662 103.837 103.949 104.017 104.019 104.054 104.047 104.034 103.974 103.964 103.892 103.832 103.692 103.567 103.434 103.402 103.267 103.192 103.619 103.854 103.782 104.052 104.209 103.662 103.227 102.969 102.602 102.319 102.302 102.079 101.819 101.929 102.349 102.222 102.322 102.264 102.117 102.284 102.469 102.927 103.059 102.639 102.507 102.499 102.947 103.704 104.234 104.452 104.484 104.472 104.464 104.464 104.482 104.539 104.559 104.642 104.742 104.817 104.897
100.232 100.339 100.567 100.947 101.312 101.792 102.269 102.762 103.094 103.519 103.744 103.914 104.089 104.179 104.227 104.229 104.182 104.182 104.192 104.147 104.147 104.099 104.019 103.949 103.847 103.712 103.617 103.532 103.404 103.292 103.447 103.994 103.754 103.967 104.374 103.994 103.842 103.394 103.204 102.637 102.222 102.702 102.109 101.757 102.044 102.347 102.297 102.082 101.919 102.447 102.979 103.029 103.227 102.967 102.599 102.659 103.082 103.792 104.302 104.462 104.522 104.629 104.592 104.582 104.592 104.667 104.714 104.767 104.839 104.922 104.947
100.702 101.187 101.742 102.252 102.704 103.179 103.472 103.739 103.859 104.014 104.167 104.252 104.309 104.352 104.372 104.352 104.397 104.394 104.347 104.319 104.287 104.232 104.142 104.052 103.967 103.852 103.767 103.644 103.564 103.442 103.402 103.807 104.069 104.134 104.059 103.847 103.539 103.497 103.374 102.979 102.367 102.387 102.092 102.257 102.234 102.227 102.444 102.299 102.472 102.552 102.984 103.334 103.497 103.367 102.694 102.779 103.282 103.822 104.292 104.472 104.624 104.739 104.722 104.699 104.692 104.757 104.799 104.847 104.854 104.919 104.999
101.854 102.392 103.029 103.362 103.614 103.797 103.979 104.077 104.209 104.304 104.374 104.404 104.444 104.507 104.482 104.497 104.544 104.527 104.472 104.452 104.412 104.354 104.294 104.224 104.097 103.989 103.889 103.827 103.699 103.582 103.504 103.582 103.929 104.167 103.924 103.764 103.514 103.634 103.437 102.809 102.602 102.787 102.744 102.584 102.757 102.532 102.874 102.734 102.847 102.994 103.327 103.347 103.359 103.064 102.772 102.917 103.327 103.687 104.062 104.327 104.612 104.687 104.739 104.794 104.777 104.784 104.764 104.849 104.829 104.912 105.057
102.947 103.257 103.499 103.734 103.917 104.027 104.172 104.272 104.394 104.457 104.542 104.609 104.634 104.614 104.642 104.697 104.674 104.684 104.662 104.589 104.534 104.467 104.424 104.339 104.264 104.157 104.092 103.972 103.872 103.769 103.647 103.509 103.629 103.912 104.007 103.559 103.444 103.629 103.442 103.079 102.882 102.947 102.872 102.677 102.764 102.769 102.999 102.819 103.087 103.454 103.364 103.184 103.034 102.944 103.007 103.159 103.397 103.544 103.767 103.952 104.222 104.362 104.469 104.649 104.729 104.707 104.777 104.824 104.854 104.947 105.157
103.377 103.579 103.727 103.889 104.049 104.174 104.317 104.447 104.539 104.584 104.649 104.717 104.764 104.764 104.779 104.767 104.774 104.747 104.749 104.722 104.697 104.692 104.607 104.517 104.447 104.337 104.244 104.129 104.042 103.924 103.794 103.707 103.524 103.664 103.984 103.699 103.442 103.589 103.474 103.107 103.027 102.942 103.089 102.814 102.924 102.884 103.129 103.437 103.452 103.297 103.019 102.932 103.004 103.077 103.154 103.304 103.479 103.642 103.794 103.889 103.992 104.177 104.302 104.467 104.562 104.689 104.822 105.009 105.092 105.092 105.152
103.519 103.697 103.869 104.022 104.169 104.322 104.454 104.559 104.649 104.702 104.772 104.832 104.869 104.889 104.917 104.914 104.882 104.857 104.909 104.884 104.864 104.799 104.727 104.669 104.607 104.509 104.404 104.314 104.222 104.084 103.944 103.832 103.709 103.599 103.724 103.899 103.794 103.667 103.624 103.462 103.312 103.152 103.157 103.157 103.322 103.439 103.362 103.214 103.084 102.924 102.909 102.992 103.147 103.339 103.324 103.402 103.507 103.657 103.742 103.787 104.012 104.207 104.279 104.442 104.602 104.804 104.917 105.022 105.122 105.162 105.224
103.589 103.777 103.972 104.177 104.292 104.412 104.537 104.649 104.752 104.809 104.889 104.944 104.952 104.987 105.012 105.057 105.069 105.077 105.077 105.034 104.982 104.952 104.882 104.807 104.702 104.612 104.527 104.459 104.369 104.229 104.094 103.982 103.857 103.734 103.647 103.669 103.692 103.697 103.682 103.547 103.417 103.422 103.399 103.342 103.239 103.094 102.924 102.904 102.887 102.942 103.012 103.089 103.237 103.387 103.464 103.544 103.694 103.877 103.879 104.107 104.209 104.362 104.457 104.629 104.744 104.867 104.972 105.067 105.189 105.262 105.299
103.649 103.867 104.049 104.229 104.357 104.512 104.639 104.744 104.817 104.934 104.994 105.057 105.102 105.117 105.147 105.182 105.199 105.207 105.199 105.179 105.127 105.099 105.029 104.957 104.882 104.774 104.659 104.557 104.497 104.357 104.262 104.142 104.072 103.907 103.782 103.672 103.577 103.509 103.422 103.359 103.257 103.194 103.157 103.104 103.039 102.979 102.964 102.959 103.014 103.084 103.157 103.232 103.322 103.407 103.502 103.624 103.817 103.884 104.004 104.144 104.294 104.384 104.534 104.649 104.764 104.897 104.984 105.072 105.177 105.232 105.307
103.722 103.907 104.077 104.247 104.442 104.562 104.699 104.819 104.944 105.039 105.102 105.172 105.229 105.254 105.284 105.279 105.329 105.309 105.309 105.307 105.262 105.227 105.162 105.084 105.012 104.914 104.797 104.707 104.627 104.509 104.424 104.324 104.217 104.077 103.977 103.852 103.737 103.634 103.582 103.467 103.369 103.292 103.252 103.202 103.114 103.102 103.134 103.134 103.142 103.202 103.259 103.339 103.407 103.492 103.627 103.679 103.782 103.942 104.102 104.184 104.282 104.387 104.542 104.654 104.732 104.829 104.954 105.054 105.137 105.187 105.232
103.697 103.909 104.089 104.254 104.454 104.632 104.742 104.872 105.012 105.062 105.167 105.259 105.304 105.357 105.394 105.417 105.444 105.452 105.427 105.432 105.402 105.319 105.259 105.207 105.099 105.034 104.884 104.849 104.764 104.682 104.579 104.509 104.369 104.269 104.159 104.042 103.934 103.849 103.717 103.649 103.542 103.459 103.374 103.322 103.249 103.234 103.239 103.257 103.254 103.304 103.369 103.432 103.534 103.634 103.752 103.867 103.979 104.027 104.147 104.247 104.364 104.434 104.557 104.697 104.804 104.899 104.989 105.069 105.134 105.222 105.234
103.752 103.959 104.142 104.294 104.499 104.642 104.827 104.957 105.084 105.169 105.219 105.347 105.417 105.462 105.477 105.509 105.547 105.557 105.539 105.542 105.487 105.449 105.377 105.329 105.242 105.134 105.024 104.949 104.874 104.824 104.749 104.639 104.542 104.424 104.332 104.219 104.112 103.972 103.882 103.787 103.669 103.602 103.507 103.424 103.414 103.384 103.367 103.372 103.364 103.429 103.487 103.574 103.657 103.752 103.862 103.957 104.037 104.097 104.189 104.292 104.389 104.464 104.582 104.699 104.799 104.884 104.927 105.027 105.107 105.157 105.212
103.794 103.952 104.172 104.372 104.547 104.672 104.847 105.004 105.132 105.224 105.289 105.582 105.599 105.629 105.587 105.604 105.609 105.609 105.622 105.647 105.612 105.549 105.494 105.442 105.339 105.264 105.147 105.107 105.012 104.939 104.879 104.789 104.699 104.554 104.459 104.364 104.247 104.112 104.019 103.922 103.834 103.739 103.637 103.574 103.554 103.522 103.487 103.507 103.522 103.559 103.607 103.694 103.767 103.847 103.914 104.029 104.107 104.142 104.224 104.347 104.434 104.492 104.589 104.707 104.774 104.854 104.932 105.002 105.057 105.114 105.159
103.802 103.992 104.172 104.354 104.552 104.704 104.882 105.017 105.112 105.237 105.327 105.472 105.542 105.619 105.644 105.654 105.694 105.687 105.714 105.704 105.692 105.657 105.589 105.544 105.459 105.414 105.297 105.214 105.152 105.044 104.994 104.927 104.829 104.727 104.617 104.484 104.397 104.274 104.169 104.059 103.959 103.889 103.784 103.742 103.679 103.649 103.622 103.647 103.652 103.662 103.722 103.784 103.872 103.914 103.992 104.084 104.154 104.204 104.294 104.357 104.437 104.514 104.629 104.652 104.754 104.807 104.894 104.952 105.039 105.089 105.122
103.792 103.999 104.192 104.394 104.582 104.754 104.922 105.037 105.174 105.312 105.392 105.519 105.569 105.632 105.667 105.724 105.742 105.764 105.787 105.784 105.789 105.729 105.672 105.642 105.582 105.494 105.394 105.304 105.289 105.222 105.122 104.999 104.934 104.854 104.739 104.637 104.522 104.422 104.307 104.234 104.117 104.007 103.924 103.869 103.827 103.804 103.749 103.757 103.769 103.779 103.839 103.862 103.919 103.979 104.034 104.112 104.184 104.234 104.314 104.374 104.409 104.519 104.557 104.642 104.737 104.799 104.884 104.957 105.009 105.047 105.069
103.802 104.014 104.222 104.444 104.587 104.797 104.984 105.114 105.314 105.349 105.447 105.534 105.597 105.689 105.704 105.802 105.822 105.852 105.882 105.907 105.849 105.824 105.767 105.727 105.669 105.579 105.497 105.394 105.359 105.297 105.242 105.127 105.072 104.964 104.862 104.769 104.667 104.562 104.439 104.354 104.262 104.149 104.059 104.019 103.924 103.894 103.864 103.864 103.867 103.852 103.867 103.924 103.989 104.007 104.059 104.129 104.209 104.264 104.312 104.377 104.437 104.512 104.572 104.622 104.674 104.787 104.832 104.879 104.919 104.982 105.004
103.849 104.047 104.247 104.432 104.622 104.794 104.979 105.152 105.282 105.384 105.474 105.574 105.652 105.747 105.777 105.829 105.912 105.929 105.919 105.942 105.932 105.922 105.832 105.787 105.744 105.667 105.577 105.557 105.442 105.404 105.342 105.264 105.137 105.102 105.004 104.882 104.797 104.694 104.602 104.499 104.367 104.279 104.187 104.107 104.027 103.984 103.957 103.947 103.947 103.932 103.937 103.984 104.032 104.057 104.097 104.144 104.199 104.279 104.329 104.367 104.447 104.512 104.564 104.614 104.634 104.729 104.784 104.822 104.867 104.914 104.952
103.857 104.059 104.274 104.472 104.634 104.829 104.987 105.132 105.267 105.412 105.519 105.602 105.704 105.779 105.839 105.902 105.989 105.992 105.987 105.999 105.959 105.932 105.924 105.877 105.822 105.732 105.654 105.639 105.507 105.489 105.432 105.372 105.244 105.219 105.127 105.012 104.917 104.819 104.719 104.604 104.514 104.404 104.262 104.194 104.127 104.054 104.037 104.014 103.987 103.977 103.989 104.039 104.064 104.054 104.129 104.184 104.192 104.247 104.307 104.412 104.427 104.444 104.519 104.557 104.619 104.689 104.734 104.812 104.809 104.847 104.922
103.857 104.074 104.267 104.477 104.649 104.854 104.979 105.177 105.299 105.422 105.557 105.659 105.759 105.804 105.879 105.954 105.987 106.019 106.039 106.077 106.019 105.987 105.979 105.952 105.909 105.807 105.759 105.722 105.609 105.557 105.524 105.489 105.372 105.294 105.232 105.122 105.024 104.922 104.797 104.679 104.614 104.479 104.369 104.279 104.172 104.134 104.099 104.062 104.044 104.042 104.032 104.054 104.057 104.084 104.147 104.179 104.232 104.279 104.304 104.352 104.422 104.444 104.487 104.517 104.584 104.647 104.687 104.744 104.799 104.844 104.869
103.834 104.049 104.252 104.477 104.639 104.842 104.969 105.187 105.342 105.474 105.572 105.652 105.782 105.857 105.942 105.989 106.042 106.069 106.064 106.059 106.049 106.017 106.027 106.022 105.949 105.912 105.844 105.797 105.662 105.634 105.604 105.562 105.484 105.397 105.267 105.179 105.107 104.989 104.892 104.784 104.667 104.529 104.417 104.327 104.237 104.177 104.169 104.109 104.069 104.027 104.074 104.097 104.107 104.152 104.179 104.219 104.229 104.269 104.317 104.354 104.397 104.432 104.467 104.507 104.602 104.614 104.647 104.739 104.762 104.799 104.824
103.849 104.077 104.294 104.502 104.659 104.884 105.022 105.214 105.317 105.489 105.584 105.694 105.804 105.874 105.937 106.014 106.077 106.067 106.077 106.114 106.092 106.077 106.057 106.044 106.022 105.979 105.922 105.902 105.779 105.722 105.679 105.607 105.549 105.429 105.327 105.254 105.149 105.029 104.942 104.827 104.674 104.597 104.492 104.389 104.327 104.234 104.177 104.137 104.124 104.129 104.117 104.142 104.142 104.147 104.174 104.274 104.254 104.294 104.294 104.392 104.407 104.422 104.467 104.497 104.534 104.562 104.592 104.677 104.689 104.699 104.704
103.882 104.124 104.342 104.517 104.732 104.932 105.079 105.262 105.369 105.509 105.632 105.739 105.849 105.904 105.967 106.019 106.082 106.089 106.127 106.139 106.134 106.137 106.104 106.094 106.084 106.054 105.984 105.932 105.829 105.804 105.724 105.627 105.584 105.494 105.412 105.289 105.164 105.077 104.967 104.857 104.777 104.714 104.569 104.447 104.354 104.292 104.254 104.187 104.192 104.132 104.182 104.167 104.157 104.172 104.169 104.232 104.269 104.302 104.322 104.384 104.394 104.432 104.484 104.489 104.482 104.504 104.492 104.549 104.577 104.647 104.724
103.879 104.127 104.359 104.592 104.764 104.934 105.094 105.257 105.422 105.532 105.642 105.744 105.829 105.934 106.032 106.072 106.129 106.154 106.177 106.162 106.187 106.199 106.174 106.137 106.094 106.062 106.044 105.999 105.877 105.824 105.824 105.694 105.599 105.527 105.427 105.304 105.202 105.122 105.009 104.939 104.827 104.704 104.599 104.507 104.417 104.342 104.307 104.252 104.194 104.182 104.194 104.152 104.174 104.184 104.207 104.212 104.267 104.294 104.319 104.367 104.414 104.362 104.352 104.369 104.404 104.484 104.549 104.634 104.749 104.724 104.709
103.944 104.169 104.392 104.602 104.804 104.974 105.117 105.292 105.419 105.532 105.654 105.759 105.864 105.967 106.027 106.092 106.147 106.184 106.252 106.222 106.212 106.199 106.174 106.147 106.092 106.067 106.044 105.967 105.867 105.829 105.839 105.724 105.642 105.524 105.407 105.314 105.247 105.149 105.052 104.954 104.869 104.769 104.657 104.529 104.467 104.429 104.342 104.277 104.269 104.217 104.189 104.164 104.189 104.219 104.204 104.229 104.244 104.289 104.382 104.267 104.262 104.307 104.372 104.439 104.462 104.519 104.544 104.587 104.627 104.662 104.689
103.989 104.204 104.422 104.632 104.822 104.994 105.117 105.259 105.392 105.527 105.654 105.767 105.884 105.999 106.052 106.114 106.162 106.209 106.237 106.204 106.204 106.197 106.194 106.157 106.132 106.052 106.054 105.957 105.872 105.769 105.764 105.724 105.619 105.522 105.442 105.342 105.242 105.167 105.074 105.012 104.937 104.837 104.687 104.599 104.509 104.444 104.382 104.344 104.292 104.237 104.187 104.187 104.192 104.217 104.187 104.199 104.197 104.177 104.179 104.232 104.317 104.404 104.409 104.444 104.482 104.499 104.549 104.597 104.647 104.757 104.799
