data/LIDAR-DSM-2M-NZ24se/nz2744_DSM_2M.asc
ncols 500
nrows 500
xllcorner    427000
yllcorner    544000
cellsize     2
NODATA_value -9999
[rows 416 to 447 of 500, columns 288 to 359 of 500]
84.104 84.151 84.141 84.114 84.096 84.019 83.934 83.781 83.636 83.479 83.324 83.109 82.821 82.484 82.104 81.696 81.274 80.846 80.401 79.956 79.511 79.036 78.604 78.136 77.686 77.209 76.814 76.396 75.996 75.594 77.049 74.964 74.314 74.446 73.861 74.061 74.274 73.489 72.344 71.519 73.604 74.274 71.239 71.009 70.819 70.579 70.351 70.124 69.614 69.484 70.039 69.444 69.081 68.991 68.861 68.721 68.519 68.286 68.009 67.696 67.969 68.484 67.196 66.231 66.473 66.651 65.488 64.756 64.741 64.841 64.936 64.921
84.131 84.149 84.151 84.144 84.106 84.041 83.954 83.849 83.709 83.534 83.346 83.149 82.916 82.636 82.304 81.944 81.556 81.114 80.706 80.291 79.859 79.439 78.994 78.489 77.971 77.504 77.084 76.701 76.266 76.624 77.124 75.411 75.569 74.779 73.749 73.599 72.444 72.039 73.136 76.719 78.194 77.279 72.854 71.156 70.901 70.701 72.081 72.679 70.956 70.564 70.591 69.279 69.091 68.966 68.829 68.651 68.464 68.231 67.861 67.481 67.501 67.511 67.193 66.323 66.681 66.033 64.871 64.761 64.801 64.966 64.913 64.936
84.144 84.179 84.181 84.164 84.129 84.066 83.961 83.869 83.754 83.609 83.426 83.229 82.951 82.669 82.366 82.054 81.736 81.354 80.974 80.576 80.181 79.774 79.319 78.819 78.304 77.781 77.354 76.954 76.511 78.291 76.596 75.674 75.231 74.426 73.809 73.369 72.274 72.586 76.679 78.049 78.641 77.761 75.646 72.214 71.091 71.369 73.456 73.396 73.119 71.959 70.676 69.261 69.061 68.954 68.774 68.581 68.391 68.131 67.844 67.436 67.544 67.344 66.631 66.568 66.386 65.231 64.801 64.778 64.978 64.931 64.913 64.858
84.134 84.151 84.151 84.144 84.139 84.076 84.014 83.911 83.796 83.656 83.481 83.271 83.051 82.766 82.446 82.131 81.796 81.464 81.119 80.769 80.389 79.996 79.564 79.084 78.581 78.061 77.614 77.189 76.779 77.146 76.619 75.461 75.139 74.219 73.926 73.394 72.254 72.964 73.116 77.554 78.574 78.254 77.039 74.331 71.604 71.366 72.211 73.131 72.429 70.966 69.689 69.236 69.064 69.159 68.771 68.546 68.279 67.961 67.589 67.204 67.119 66.664 66.518 66.701 65.676 64.933 64.808 64.868 65.031 64.913 64.886 64.823
84.161 84.136 84.126 84.116 84.106 84.069 83.999 83.931 83.804 83.681 83.499 83.301 83.091 82.826 82.526 82.226 81.904 81.561 81.204 80.836 80.444 80.064 79.676 79.239 78.766 78.306 77.841 77.409 76.981 78.954 78.491 75.461 75.159 74.416 73.926 73.146 71.821 72.191 72.056 75.074 78.091 76.596 74.359 72.499 71.271 70.849 70.744 71.896 71.139 70.241 69.541 69.204 69.036 68.891 68.729 68.459 68.211 67.879 67.551 67.329 66.789 66.629 66.776 66.288 65.173 64.866 64.823 64.971 64.948 64.943 64.833 64.886
84.201 84.191 84.194 84.154 84.121 84.076 83.991 83.911 83.804 83.671 83.511 83.329 83.104 82.861 82.589 82.301 81.989 81.644 81.311 80.944 80.569 80.151 79.764 79.314 78.874 78.449 78.009 77.591 77.266 77.391 76.861 75.721 75.214 74.946 74.041 73.494 72.529 71.451 71.444 73.159 75.849 72.744 71.416 71.346 71.121 70.891 70.776 71.539 70.064 69.881 69.371 69.164 69.024 68.836 68.669 68.384 68.116 67.726 67.366 67.131 67.171 67.161 66.753 65.501 64.891 64.833 64.928 64.991 64.941 64.921 64.853 64.756
84.246 84.239 84.241 84.201 84.131 84.089 84.026 83.921 83.814 83.656 83.474 83.296 83.079 82.849 82.636 82.396 82.101 81.751 81.409 81.051 80.669 80.279 79.856 79.434 78.989 78.551 78.076 77.626 77.461 78.214 77.864 77.296 75.981 75.806 74.789 74.044 73.241 72.211 71.461 71.806 74.344 72.581 71.411 71.259 71.089 70.971 70.999 71.144 70.106 69.629 69.354 69.164 68.986 68.776 68.566 68.306 68.074 67.651 67.461 67.184 68.211 68.394 66.751 65.268 64.833 64.841 65.056 64.976 65.003 64.843 64.858 64.731
84.271 84.256 84.236 84.196 84.151 84.099 84.049 83.926 83.791 83.631 83.431 83.276 83.064 82.841 82.656 82.459 82.219 81.854 81.496 81.156 80.761 80.371 79.954 79.539 79.091 78.679 78.156 77.651 77.166 76.756 76.274 76.256 76.304 76.794 77.039 75.381 74.424 73.439 71.826 71.599 71.639 71.456 71.404 71.229 71.126 70.999 72.161 70.954 69.966 69.594 69.326 69.144 68.969 68.746 68.484 68.261 67.996 67.776 67.464 67.241 67.166 67.121 65.958 64.958 64.858 64.988 65.028 64.978 64.956 64.893 64.868 64.733
84.326 84.314 84.279 84.244 84.194 84.149 84.064 83.971 83.839 83.689 83.486 83.289 83.081 82.874 82.704 82.504 82.274 81.969 81.579 81.191 80.831 80.429 79.996 79.579 79.111 78.664 78.216 77.741 77.241 76.741 76.246 75.814 75.391 74.969 74.489 74.241 75.111 75.394 73.924 72.021 72.841 71.516 71.391 71.256 71.159 71.234 72.611 70.611 69.766 69.546 69.314 69.151 68.974 68.686 68.404 68.214 67.991 67.744 67.531 67.356 67.271 66.426 65.476 64.883 64.918 65.068 64.971 64.941 64.878 64.886 64.861 65.038
84.371 84.376 84.364 84.316 84.259 84.196 84.129 84.036 83.916 83.731 83.526 83.294 83.079 82.896 82.714 82.494 82.269 81.969 81.601 81.234 80.834 80.426 80.006 79.569 79.096 78.636 78.189 77.746 77.281 76.809 76.326 75.871 75.406 74.981 74.514 74.069 73.634 73.156 72.871 72.359 72.866 73.241 72.709 72.261 71.564 72.096 71.341 70.184 69.746 69.541 69.329 69.144 68.914 68.669 68.401 68.236 68.066 68.316 67.604 67.324 67.149 65.731 65.181 64.898 65.018 65.016 64.966 64.903 64.898 64.833 64.703 64.631
84.391 84.386 84.391 84.336 84.299 84.261 84.164 84.046 83.921 83.749 83.554 83.356 83.139 82.921 82.706 82.464 82.194 81.916 81.621 81.284 80.901 80.481 80.039 79.571 79.131 78.666 78.204 77.731 77.284 76.831 76.351 75.864 75.441 74.974 74.529 74.091 73.669 73.224 72.764 72.339 71.984 71.959 72.046 72.269 72.439 72.421 70.749 70.034 69.729 69.539 69.344 69.121 68.921 68.656 68.404 68.269 68.179 68.201 67.651 67.759 67.321 65.181 64.888 64.966 65.026 64.976 65.013 64.928 64.943 64.756 64.708 64.603
84.354 84.356 84.361 84.316 84.296 84.251 84.194 84.086 83.939 83.749 83.561 83.384 83.189 82.941 82.701 82.449 82.164 81.894 81.586 81.264 80.906 80.519 80.126 79.656 79.219 78.756 78.266 77.764 77.291 76.841 76.354 75.864 75.381 74.919 74.444 74.016 73.599 73.166 72.744 72.316 71.936 71.611 71.306 71.021 70.956 70.781 70.201 69.924 69.706 69.514 69.351 69.139 68.901 68.666 68.419 68.421 68.651 69.226 68.496 67.401 66.261 64.906 64.896 65.036 64.998 65.008 64.941 64.933 64.891 64.758 64.856 64.818
84.301 84.311 84.299 84.294 84.269 84.234 84.179 84.086 83.949 83.761 83.581 83.351 83.199 82.976 82.689 82.406 82.164 81.879 81.566 81.241 80.906 80.509 80.131 79.706 79.256 78.769 78.314 77.831 77.324 76.849 76.354 75.854 75.376 74.911 74.439 73.989 73.551 73.126 72.701 72.291 71.894 71.566 71.216 70.871 70.599 70.359 70.104 69.861 69.666 69.501 69.326 69.099 68.894 68.609 68.379 68.374 68.869 69.061 67.939 66.489 65.181 64.886 64.886 65.028 64.936 65.018 64.916 64.941 64.853 64.833 64.943 64.698
84.274 84.254 84.236 84.254 84.246 84.231 84.154 84.066 83.926 83.784 83.626 83.416 83.209 82.976 82.684 82.409 82.166 81.889 81.571 81.211 80.876 80.554 80.209 79.784 79.294 78.804 78.316 77.836 77.316 76.846 76.381 75.881 75.391 74.916 74.446 73.994 73.541 73.109 72.669 72.261 71.861 71.526 71.219 70.866 70.586 70.301 70.069 69.834 69.654 69.471 69.271 69.049 68.821 68.594 68.386 68.266 68.394 68.306 67.006 66.491 64.954 64.864 64.936 65.016 64.981 64.923 64.906 64.851 64.846 65.043 65.106 64.633
84.456 84.246 84.216 84.219 84.236 84.221 84.164 84.061 83.894 83.746 83.609 83.456 83.249 83.026 82.724 82.464 82.226 81.924 81.584 81.231 80.899 80.586 80.231 79.784 79.311 78.861 78.371 77.849 77.364 76.879 76.396 75.874 75.384 74.899 74.421 73.966 73.524 73.089 72.684 72.284 71.894 71.576 71.304 70.909 70.581 70.286 70.054 69.821 69.624 69.424 69.231 69.004 68.791 68.576 68.371 68.169 68.274 67.769 66.886 65.271 64.889 64.891 65.011 64.966 64.956 64.888 64.868 64.813 64.926 65.326 65.836 64.591
84.524 84.399 84.306 84.214 84.196 84.146 84.126 84.064 83.919 83.774 83.631 83.459 83.261 83.054 82.769 82.506 82.254 81.951 81.626 81.264 80.924 80.604 80.224 79.764 79.309 78.854 78.409 77.911 77.399 76.929 76.429 75.919 75.381 74.876 74.396 73.929 73.516 73.114 72.734 72.394 72.016 71.659 71.364 71.046 70.721 70.401 70.094 69.824 69.624 69.424 69.241 69.016 68.789 68.526 68.321 68.134 67.989 67.251 66.781 65.004 64.869 64.941 64.986 64.988 64.906 64.891 64.876 64.878 65.166 65.636 65.301 64.598
84.186 84.309 84.479 84.289 84.271 84.149 84.071 84.009 83.921 83.801 83.656 83.476 83.289 83.074 82.811 82.541 82.284 81.981 81.664 81.329 80.981 80.634 80.274 79.834 79.366 78.909 78.411 77.909 77.396 76.916 76.429 75.901 75.404 74.886 74.396 73.909 73.506 73.144 72.769 72.441 72.086 71.744 71.419 71.104 70.819 70.531 70.236 69.959 69.686 69.504 69.291 69.071 68.824 68.499 68.274 68.161 67.564 66.636 65.426 64.914 64.886 64.979 64.953 64.993 64.916 64.888 64.851 65.033 65.603 65.723 64.978 64.763
84.171 84.446 84.454 84.596 84.941 84.481 84.136 84.039 83.919 83.829 83.694 83.574 83.326 83.099 82.829 82.594 82.336 82.036 81.721 81.399 81.054 80.691 80.309 79.876 79.419 78.921 78.424 77.901 77.409 76.921 76.419 75.906 75.411 74.911 74.426 73.964 73.554 73.159 72.776 72.424 72.086 71.764 71.454 71.159 70.856 70.566 70.316 70.101 69.881 69.696 69.469 69.166 68.876 68.556 68.266 68.329 66.916 65.746 65.029 64.879 64.956 64.991 64.968 64.888 64.953 64.776 64.801 65.456 66.043 65.866 65.008 64.938
84.266 85.786 85.179 84.356 84.464 85.041 84.639 84.206 84.054 83.894 83.754 83.611 83.369 83.079 82.841 82.586 82.354 82.071 81.731 81.414 81.091 80.721 80.294 79.911 79.441 78.959 78.474 77.944 77.439 76.921 76.421 75.926 75.446 74.971 74.501 74.024 73.589 73.179 72.804 72.439 72.101 71.756 71.441 71.154 70.871 70.661 70.431 70.214 70.009 69.826 69.601 69.306 68.981 69.704 69.041 68.479 68.556 68.204 65.709 64.951 65.054 64.984 65.008 64.938 64.913 64.721 64.941 66.048 66.558 65.553 65.133 65.101
85.159 84.631 86.534 84.656 84.376 84.411 84.936 84.406 84.194 83.971 83.829 83.656 83.406 83.099 82.814 82.536 82.281 81.999 81.689 81.381 81.059 80.714 80.316 79.929 79.494 79.009 78.531 78.024 77.494 76.984 76.491 75.989 75.494 75.011 74.531 74.061 73.604 73.204 72.831 72.461 72.134 71.814 71.484 71.194 70.956 70.746 70.561 70.321 70.144 69.936 69.626 69.271 69.316 72.356 70.766 67.741 66.819 66.874 69.801 67.651 66.404 65.316 64.938 64.941 64.783 64.776 65.593 66.531 66.488 65.388 65.313 65.178
86.201 85.091 84.459 84.216 84.279 84.569 85.626 85.524 84.446 83.999 83.874 83.726 83.459 83.189 82.889 82.551 82.219 81.864 81.596 81.329 81.014 80.666 80.306 79.926 79.526 79.034 78.539 78.036 77.519 77.009 76.501 76.041 75.536 75.059 74.584 74.129 73.689 73.244 72.876 72.509 72.206 71.869 71.566 71.306 71.074 70.899 70.691 70.444 70.236 69.996 69.606 69.314 69.364 69.176 68.924 66.919 65.536 64.939 66.636 67.819 69.154 68.564 65.696 64.858 64.723 65.231 66.348 66.751 66.238 65.448 65.443 65.288
87.274 86.459 84.226 84.204 84.211 84.346 86.866 85.426 85.304 84.114 83.901 83.761 83.561 83.284 82.981 82.614 82.231 81.856 81.516 81.236 80.941 80.626 80.259 79.884 79.499 79.044 78.554 78.056 77.551 77.064 76.579 76.089 75.606 75.129 74.651 74.184 73.729 73.329 72.951 72.579 72.279 71.956 71.644 71.421 71.214 71.034 70.789 70.544 70.289 69.959 69.576 69.569 69.136 68.029 66.916 65.631 65.044 64.921 65.051 64.984 65.066 67.609 69.093 68.066 65.026 66.218 66.796 67.073 65.831 65.551 65.468 65.373
85.691 84.426 84.159 84.186 84.176 85.186 84.751 84.654 84.991 84.809 84.024 83.836 83.639 83.414 83.096 82.744 82.309 81.896 81.536 81.191 80.881 80.574 80.211 79.851 79.476 79.061 78.586 78.121 77.626 77.141 76.679 76.174 75.664 75.179 74.706 74.264 73.861 73.439 73.056 72.709 72.384 72.081 71.784 71.551 71.341 71.109 70.849 70.601 70.296 69.916 69.706 70.106 70.214 67.589 66.126 65.159 64.929 64.956 65.024 64.974 64.996 64.899 65.371 67.748 69.718 67.251 66.913 66.531 65.696 65.586 65.503 65.471
84.694 84.189 84.109 84.146 84.506 85.084 84.244 84.206 84.204 85.246 84.791 83.899 83.724 83.496 83.221 82.846 82.436 82.016 81.626 81.266 80.884 80.546 80.201 79.811 79.441 79.034 78.589 78.146 77.674 77.231 76.759 76.296 75.806 75.309 74.881 74.429 73.981 73.559 73.174 72.849 72.529 72.206 71.904 71.671 71.429 71.179 70.914 70.621 70.224 69.926 69.701 69.929 69.421 66.746 65.406 64.959 64.909 65.061 65.011 64.989 64.924 64.916 64.733 64.773 68.033 67.868 67.398 66.051 65.816 65.683 65.606 65.578
86.714 86.036 84.519 85.151 85.301 84.249 84.249 84.236 84.196 84.164 85.724 84.219 83.774 83.556 83.329 82.971 82.529 82.131 81.744 81.349 80.981 80.579 80.191 79.811 79.454 79.024 78.621 78.201 77.764 77.314 76.846 76.384 75.936 75.466 75.014 74.581 74.179 73.741 73.334 72.984 72.651 72.311 71.986 71.731 71.521 71.249 70.959 70.579 70.189 70.226 69.634 68.691 67.291 65.946 65.036 64.904 64.986 65.076 65.071 64.986 64.954 64.794 64.688 65.031 66.196 67.001 66.508 66.076 65.973 65.806 65.781 65.678
88.336 87.081 85.396 84.661 84.124 84.246 84.236 84.241 84.194 84.204 84.921 84.791 83.864 83.629 83.376 83.084 82.654 82.239 81.841 81.449 81.029 80.634 80.219 79.816 79.436 79.046 78.646 78.246 77.846 77.421 76.976 76.499 76.096 75.636 75.156 74.716 74.296 73.869 73.474 73.104 72.729 72.379 72.071 71.844 71.601 71.316 70.991 70.541 70.494 70.161 69.134 68.069 66.831 65.261 64.886 64.904 65.084 64.991 65.109 64.989 65.001 64.754 64.836 65.763 66.798 66.376 66.101 66.033 65.991 65.848 65.903 65.811
89.731 87.106 84.111 84.011 83.956 84.146 84.204 84.201 84.179 84.274 85.366 85.176 84.084 83.719 83.486 83.181 82.791 82.379 81.944 81.526 81.121 80.696 80.276 79.869 79.464 79.084 78.711 78.329 77.936 77.519 77.081 76.621 76.196 75.754 75.299 74.861 74.454 74.041 73.601 73.196 72.816 72.489 72.201 71.926 71.646 71.356 70.981 70.926 70.619 69.936 68.889 67.671 66.331 64.926 64.836 64.929 65.064 64.989 65.031 64.949 64.866 64.749 64.933 66.388 66.976 66.308 66.093 65.996 65.946 65.983 65.931 65.813
89.966 85.074 88.146 86.899 84.269 86.141 84.786 84.261 84.521 84.876 85.239 84.391 85.039 84.556 83.614 83.361 82.961 82.556 82.124 81.664 81.219 80.779 80.331 79.896 79.519 79.156 78.799 78.411 78.006 77.599 77.161 76.704 76.296 75.874 75.436 74.986 74.579 74.141 73.694 73.271 72.951 72.631 72.319 72.019 71.704 71.389 71.256 71.046 70.369 69.166 68.031 66.784 65.641 64.871 64.829 65.004 65.041 65.039 64.959 64.989 64.764 64.831 65.461 66.898 66.916 66.296 66.146 66.013 65.931 65.878 65.806 65.633
85.081 89.009 90.479 89.984 88.684 87.654 86.946 84.864 85.181 84.734 84.264 84.011 83.969 83.829 84.221 83.481 83.149 82.721 82.296 81.854 81.386 80.904 80.414 79.956 79.554 79.209 78.836 78.456 78.051 77.631 77.184 76.771 76.404 75.989 75.549 75.101 74.636 74.181 73.744 73.386 73.091 72.731 72.394 72.031 71.741 71.426 71.376 71.131 69.941 68.714 67.474 65.939 64.976 64.884 64.961 65.031 65.049 65.024 65.004 64.841 64.734 65.084 66.346 67.116 66.828 66.281 66.161 66.016 65.923 65.833 65.721 65.598
86.451 90.609 90.936 90.651 90.106 89.499 88.126 86.606 84.581 84.091 84.046 83.989 83.956 83.784 84.519 83.886 83.311 82.871 82.426 81.984 81.559 81.084 80.586 80.126 79.671 79.264 78.854 78.461 78.074 77.654 77.234 76.829 76.446 76.031 75.606 75.154 74.709 74.249 73.834 73.509 73.144 72.754 72.396 72.096 71.854 71.606 71.649 71.199 70.091 68.354 66.684 65.376 64.929 64.901 65.006 65.024 65.041 65.016 65.021 64.759 64.931 65.861 66.946 67.136 66.571 66.303 66.158 66.058 65.943 65.878 65.753 65.651
88.581 90.054 90.426 90.836 90.751 90.274 88.554 84.679 84.214 84.136 84.001 83.941 83.951 83.811 83.649 84.406 84.356 83.334 82.629 82.179 81.714 81.211 80.726 80.251 79.764 79.306 78.869 78.459 78.061 77.671 77.284 76.886 76.494 76.059 75.616 75.201 74.754 74.309 73.949 73.579 73.171 72.804 72.459 72.199 72.026 71.659 71.021 69.889 68.606 67.379 65.666 64.956 64.936 65.029 65.064 65.061 65.014 65.066 64.889 64.754 65.079 66.779 67.223 67.136 66.446 66.356 66.246 66.138 66.018 65.938 65.823 65.701
84.444 87.511 89.756 90.276 90.749 90.319 85.959 86.424 85.739 84.386 84.016 84.006 83.994 83.799 83.919 84.434 83.781 84.914 83.229 82.404 81.891 81.376 80.851 80.319 79.826 79.366 78.896 78.461 78.049 77.664 77.304 76.921 76.501 76.059 75.621 75.229 74.764 74.359 74.004 73.606 73.244 72.891 72.594 72.521 71.931 72.091 70.421 70.056 68.084 66.556 65.124 64.929 64.976 65.104 65.079 65.114 65.011 65.071 64.789 65.006 66.456 67.446 67.288 66.803 66.488 66.436 66.371 66.256 66.148 66.001 65.871 65.766
