data/LIDAR-DSM-2M-NZ24se/nz2743_DSM_2M.asc
ncols 500
nrows 500
xllcorner    427000
yllcorner    543000
cellsize     2
NODATA_value -9999
[rows 352 to 383 of 500, columns 216 to 287 of 500]
51.794 51.601 51.419 51.234 51.029 50.839 50.591 50.366 50.106 49.861 49.581 49.316 49.021 48.741 48.409 48.104 47.809 47.529 47.206 46.906 46.659 46.384 46.086 45.814 45.601 45.411 45.199 45.004 44.834 44.674 44.569 44.419 44.261 44.121 43.944 43.801 43.686 43.641 43.624 43.439 43.361 43.191 43.036 42.919 42.831 42.731 42.614 42.446 42.301 42.124 41.949 41.816 41.674 41.566 41.479 41.311 41.164 41.051 40.901 40.771 40.671 40.519 40.339 40.251 40.111 39.934 39.741 39.629 39.456 39.366 39.244 39.189
51.636 51.464 51.294 51.081 50.864 50.629 50.424 50.209 49.979 49.724 49.451 49.204 48.914 48.621 48.326 48.054 47.731 47.421 47.109 46.821 46.574 46.321 46.046 45.764 45.536 45.366 45.211 45.054 44.909 44.746 44.584 44.381 44.226 44.106 43.959 43.799 43.686 43.571 43.454 43.341 43.246 43.164 43.034 42.916 42.751 42.599 42.461 42.376 42.199 42.074 41.911 41.751 41.626 41.546 41.446 41.279 41.134 41.026 40.854 40.744 40.621 40.484 40.294 40.156 40.001 39.831 39.666 39.516 39.356 39.249 39.174 39.064
51.526 51.339 51.129 50.916 50.726 50.494 50.264 50.061 49.824 49.559 49.301 49.061 48.776 48.516 48.249 47.954 47.664 47.361 47.041 46.764 46.486 46.231 45.971 45.754 45.526 45.391 45.216 45.064 44.926 44.766 44.626 44.424 44.229 44.059 43.889 43.784 43.679 43.581 43.461 43.304 43.174 43.066 42.966 42.856 42.736 42.586 42.444 42.329 42.129 42.006 41.874 41.714 41.609 41.516 41.389 41.234 41.104 40.946 40.846 40.721 40.614 40.424 40.266 40.111 39.924 39.721 39.591 39.439 39.239 39.131 39.059 38.934
51.416 51.216 51.019 50.801 50.561 50.336 50.121 49.926 49.674 49.414 49.129 48.896 48.639 48.386 48.139 47.871 47.569 47.236 46.949 46.711 46.426 46.151 45.916 45.706 45.539 45.386 45.234 45.071 44.919 44.764 44.596 44.419 44.266 44.066 43.884 43.746 43.626 43.516 43.424 43.301 43.166 43.029 42.909 42.789 42.706 42.511 42.431 42.261 42.089 41.941 41.811 41.689 41.564 41.496 41.351 41.206 41.071 40.909 40.821 40.709 40.566 40.391 40.219 40.069 39.874 39.659 39.509 39.331 39.166 39.069 38.941 38.774
51.244 51.084 50.901 50.716 50.486 50.224 49.991 49.791 49.509 49.286 49.029 48.759 48.504 48.244 48.019 47.784 47.484 47.194 46.906 46.631 46.366 46.124 45.909 45.681 45.514 45.371 45.219 45.064 44.936 44.746 44.564 44.391 44.221 44.051 43.906 43.769 43.649 43.456 43.319 43.196 43.101 43.024 42.914 42.796 42.676 42.496 42.394 42.236 42.071 41.946 41.824 41.694 41.594 41.439 41.291 41.176 41.054 40.916 40.794 40.649 40.521 40.316 40.159 39.994 39.784 39.631 39.424 39.234 39.099 38.991 38.816 38.659
51.126 50.949 50.769 50.569 50.384 50.131 49.926 49.664 49.414 49.156 48.896 48.669 48.434 48.149 47.881 47.586 47.349 47.099 46.834 46.571 46.314 46.069 45.851 45.679 45.516 45.356 45.206 45.036 44.884 44.704 44.564 44.381 44.171 44.026 43.889 43.746 43.604 43.489 43.336 43.194 43.064 42.939 42.834 42.759 42.619 42.499 42.366 42.199 42.019 41.904 41.784 41.676 41.591 41.404 41.271 41.139 40.941 40.854 40.754 40.634 40.456 40.291 40.104 39.904 39.704 39.549 39.371 39.211 39.069 38.924 38.721 38.566
51.006 50.826 50.661 50.449 50.244 50.036 49.826 49.586 49.326 49.076 48.809 48.556 48.309 48.044 47.791 47.529 47.224 46.961 46.716 46.506 46.256 46.024 45.824 45.629 45.494 45.339 45.196 45.024 44.841 44.649 44.484 44.339 44.141 43.989 43.831 43.696 43.559 43.436 43.306 43.196 43.064 42.931 42.796 42.651 42.551 42.484 42.289 42.154 42.024 41.861 41.744 41.669 41.531 41.361 41.244 41.091 40.941 40.831 40.671 40.516 40.386 40.194 40.016 39.826 39.646 39.481 39.281 39.126 38.984 38.814 38.634 38.499
50.879 50.699 50.506 50.334 50.129 49.944 49.714 49.476 49.244 48.999 48.746 48.496 48.234 47.961 47.681 47.411 47.156 46.901 46.646 46.386 46.124 45.919 45.791 45.636 45.464 45.304 45.151 44.996 44.811 44.621 44.436 44.246 44.066 43.949 43.796 43.661 43.506 43.404 43.269 43.149 43.029 42.924 42.794 42.611 42.534 42.391 42.239 42.099 41.991 41.836 41.716 41.609 41.461 41.294 41.186 41.036 40.941 40.821 40.681 40.494 40.326 40.121 39.899 39.711 39.574 39.371 39.176 39.031 38.926 38.706 38.541 38.426
50.829 50.624 50.394 50.209 49.999 49.806 49.589 49.351 49.124 48.896 48.646 48.426 48.151 47.896 47.606 47.324 47.046 46.801 46.574 46.341 46.079 45.881 45.701 45.566 45.444 45.296 45.131 44.939 44.749 44.566 44.379 44.191 44.011 43.844 43.689 43.549 43.449 43.356 43.209 43.101 42.984 42.874 42.764 42.601 42.509 42.341 42.154 42.021 41.899 41.796 41.716 41.569 41.434 41.266 41.124 40.979 40.916 40.784 40.659 40.444 40.296 40.106 39.859 39.651 39.481 39.284 39.104 38.969 38.824 38.594 38.449 38.349
50.659 50.519 50.316 50.144 49.946 49.719 49.474 49.216 48.976 48.764 48.564 48.321 48.051 47.816 47.554 47.256 46.974 46.724 46.471 46.224 46.016 45.841 45.644 45.494 45.331 45.184 45.059 44.889 44.694 44.494 44.266 44.084 43.934 43.774 43.626 43.476 43.341 43.231 43.149 43.046 42.956 42.834 42.646 42.554 42.456 42.289 42.116 42.001 41.834 41.754 41.661 41.499 41.371 41.234 41.076 40.974 40.824 40.694 40.574 40.414 40.239 40.029 39.796 39.616 39.421 39.201 39.024 38.896 38.696 38.516 38.351 38.246
50.574 50.401 50.201 50.036 49.861 49.634 49.394 49.129 48.869 48.651 48.431 48.214 47.949 47.699 47.396 47.194 46.926 46.649 46.429 46.176 45.964 45.789 45.589 45.441 45.306 45.144 44.954 44.746 44.576 44.366 44.171 43.959 43.811 43.649 43.534 43.419 43.286 43.144 43.061 42.961 42.869 42.766 42.606 42.524 42.376 42.204 42.051 41.951 41.839 41.761 41.604 41.434 41.301 41.181 41.041 40.936 40.814 40.684 40.539 40.366 40.171 39.984 39.764 39.614 39.426 39.171 39.001 38.816 38.611 38.399 38.279 38.146
50.456 50.306 50.126 49.956 49.736 49.499 49.279 49.059 48.824 48.576 48.311 48.079 47.811 47.559 47.301 47.086 46.834 46.604 46.381 46.159 45.954 45.754 45.549 45.369 45.194 45.076 44.856 44.649 44.436 44.211 44.021 43.879 43.726 43.594 43.454 43.324 43.191 43.101 43.029 42.924 42.804 42.666 42.556 42.446 42.284 42.121 42.004 41.884 41.806 41.721 41.564 41.399 41.241 41.124 41.009 40.904 40.789 40.684 40.486 40.319 40.114 39.916 39.739 39.549 39.344 39.156 39.011 38.769 38.529 38.351 38.204 38.064
50.351 50.211 50.019 49.861 49.631 49.391 49.164 48.929 48.694 48.476 48.229 47.966 47.664 47.389 47.161 46.951 46.729 46.504 46.284 46.114 45.931 45.726 45.536 45.329 45.136 44.964 44.759 44.566 44.346 44.159 43.926 43.774 43.616 43.496 43.386 43.234 43.121 43.021 42.976 42.866 42.731 42.564 42.486 42.349 42.179 42.054 41.919 41.766 41.729 41.631 41.471 41.324 41.199 41.079 40.966 40.861 40.766 40.614 40.434 40.256 40.051 39.859 39.676 39.501 39.294 39.114 38.951 38.689 38.491 38.304 38.156 37.991
50.266 50.084 49.911 49.746 49.531 49.316 49.064 48.829 48.596 48.351 48.124 47.844 47.586 47.284 47.026 46.804 46.601 46.394 46.189 46.024 45.836 45.651 45.466 45.304 45.114 44.894 44.671 44.456 44.239 44.061 43.901 43.746 43.579 43.424 43.279 43.156 43.056 42.976 42.891 42.799 42.639 42.501 42.401 42.271 42.084 41.976 41.849 41.731 41.649 41.521 41.389 41.271 41.139 41.024 40.924 40.814 40.719 40.549 40.381 40.201 39.999 39.796 39.604 39.416 39.219 39.069 38.886 38.629 38.456 38.286 38.106 37.956
50.149 49.994 49.821 49.621 49.406 49.229 48.974 48.721 48.504 48.211 47.984 47.681 47.424 47.141 46.924 46.716 46.519 46.291 46.089 45.921 45.749 45.596 45.414 45.241 45.054 44.866 44.624 44.426 44.194 44.016 43.841 43.709 43.539 43.399 43.239 43.079 42.969 42.881 42.786 42.684 42.516 42.441 42.294 42.136 42.014 41.884 41.761 41.654 41.564 41.421 41.289 41.151 41.054 40.964 40.846 40.751 40.651 40.459 40.286 40.119 39.911 39.731 39.546 39.346 39.144 38.999 38.766 38.561 38.394 38.239 38.066 37.919
50.036 49.881 49.684 49.509 49.299 49.091 48.856 48.589 48.356 48.104 47.841 47.571 47.261 47.016 46.824 46.641 46.444 46.239 46.076 45.881 45.686 45.519 45.341 45.174 44.994 44.789 44.581 44.386 44.184 43.991 43.846 43.674 43.476 43.349 43.204 43.076 42.949 42.836 42.724 42.551 42.426 42.344 42.179 42.011 41.896 41.771 41.684 41.604 41.464 41.329 41.194 41.069 40.954 40.881 40.784 40.691 40.556 40.379 40.201 40.024 39.824 39.664 39.486 39.266 39.106 38.914 38.676 38.479 38.329 38.174 38.019 37.869
49.889 49.701 49.536 49.384 49.201 48.979 48.734 48.474 48.259 48.006 47.731 47.444 47.141 46.929 46.691 46.521 46.331 46.156 45.996 45.844 45.674 45.456 45.259 45.084 44.911 44.729 44.539 44.339 44.164 44.014 43.846 43.684 43.499 43.346 43.189 43.041 42.909 42.791 42.646 42.464 42.354 42.241 42.069 41.941 41.814 41.696 41.606 41.494 41.376 41.224 41.119 40.999 40.911 40.806 40.694 40.619 40.441 40.296 40.121 39.921 39.736 39.559 39.341 39.176 39.039 38.829 38.611 38.451 38.256 38.111 37.954 37.816
49.926 49.664 49.451 49.196 49.014 48.816 48.611 48.371 48.136 47.891 47.619 47.334 47.039 46.811 46.604 46.416 46.246 46.094 45.929 45.774 45.614 45.426 45.276 45.049 44.861 44.676 44.486 44.316 44.121 44.011 43.844 43.676 43.511 43.326 43.171 42.999 42.859 42.724 42.551 42.379 42.304 42.126 41.976 41.859 41.754 41.624 41.529 41.396 41.261 41.119 41.009 40.919 40.836 40.744 40.644 40.499 40.324 40.179 40.016 39.774 39.604 39.494 39.294 39.099 38.936 38.706 38.539 38.349 38.169 38.014 37.871 37.759
49.651 49.719 49.959 49.296 48.874 48.616 48.421 48.199 48.009 47.791 47.534 47.229 46.919 46.706 46.486 46.291 46.179 46.021 45.876 45.721 45.536 45.361 45.209 45.011 44.836 44.634 44.449 44.264 44.086 43.946 43.801 43.636 43.484 43.291 43.139 42.971 42.841 42.636 42.429 42.349 42.209 42.024 41.879 41.761 41.661 41.539 41.399 41.269 41.134 41.016 40.899 40.834 40.736 40.631 40.556 40.399 40.239 40.054 39.876 39.681 39.546 39.411 39.201 39.016 38.834 38.616 38.429 38.256 38.079 37.931 37.781 37.741
49.404 49.254 49.274 49.149 49.394 48.716 48.291 48.046 47.799 47.599 47.384 47.154 46.874 46.614 46.404 46.206 46.059 45.946 45.819 45.639 45.486 45.316 45.124 44.939 44.756 44.586 44.406 44.206 44.049 43.876 43.726 43.571 43.406 43.259 43.081 42.919 42.776 42.589 42.381 42.284 42.104 41.946 41.794 41.684 41.561 41.466 41.309 41.156 41.026 40.901 40.791 40.744 40.601 40.546 40.426 40.294 40.149 39.979 39.771 39.589 39.414 39.231 39.059 38.916 38.694 38.504 38.339 38.176 38.001 37.829 37.721 37.656
49.301 49.116 48.914 48.719 48.859 48.541 48.989 48.114 47.746 47.456 47.199 46.956 46.759 46.544 46.371 46.154 46.016 45.889 45.749 45.586 45.414 45.269 45.081 44.859 44.674 44.516 44.361 44.179 44.016 43.866 43.669 43.479 43.309 43.144 42.984 42.811 42.696 42.476 42.364 42.199 41.996 41.869 41.731 41.594 41.444 41.319 41.219 41.076 40.914 40.781 40.686 40.594 40.514 40.441 40.291 40.154 40.024 39.831 39.644 39.484 39.286 39.109 38.934 38.764 38.569 38.394 38.241 38.079 37.904 37.756 37.661 37.564
49.156 48.961 48.781 48.604 48.356 48.141 48.439 47.911 47.809 48.171 47.174 46.806 47.281 46.399 46.264 46.161 46.021 45.836 45.684 45.504 45.339 45.166 45.006 44.824 44.629 44.439 44.256 44.114 43.956 43.784 43.629 43.464 43.261 43.089 42.919 42.771 42.579 42.419 42.296 42.084 41.919 41.766 41.644 41.526 41.394 41.239 41.111 40.956 40.811 40.701 40.599 40.484 40.391 40.309 40.164 40.016 39.869 39.646 39.521 39.356 39.169 38.994 38.801 38.631 38.446 38.314 38.141 37.971 37.811 37.686 37.614 37.484
49.061 48.836 48.641 48.441 48.229 48.026 47.781 47.534 47.296 47.106 47.231 49.814 51.751 46.249 46.019 45.951 45.864 45.771 45.604 45.389 45.251 45.074 44.874 44.699 44.549 44.381 44.204 44.059 43.889 43.736 43.554 43.416 43.206 43.039 42.869 42.679 42.469 42.414 42.259 42.016 41.839 41.701 41.571 41.441 41.329 41.171 41.016 40.856 40.726 40.596 40.506 40.399 40.324 40.184 40.019 39.846 39.684 39.496 39.384 39.254 39.044 38.856 38.704 38.521 38.356 38.184 38.031 37.884 37.709 37.586 37.499 37.376
49.006 48.761 48.486 48.274 48.081 47.871 47.661 47.421 47.196 46.906 46.629 50.381 51.949 46.126 45.971 45.789 45.599 45.456 45.421 45.336 45.166 44.969 44.776 44.591 44.429 44.246 44.121 43.984 43.829 43.681 43.516 43.351 43.166 43.014 42.831 42.599 42.441 42.359 42.171 41.949 41.789 41.641 41.519 41.386 41.251 41.076 40.911 40.769 40.626 40.529 40.391 40.291 40.179 40.036 39.901 39.696 39.519 39.361 39.219 39.061 38.906 38.696 38.556 38.386 38.241 38.081 37.916 37.761 37.626 37.524 37.411 37.304
48.879 48.671 48.421 48.169 47.971 47.739 47.519 47.284 47.101 46.931 46.656 46.516 46.164 45.996 46.104 46.004 45.324 45.119 45.079 45.059 44.986 44.861 44.691 44.506 44.311 44.126 43.991 43.864 43.734 43.579 43.466 43.291 43.101 42.939 42.769 42.544 42.436 42.304 42.074 41.871 41.719 41.566 41.474 41.339 41.139 40.994 40.809 40.659 40.516 40.419 40.304 40.219 40.061 39.906 39.736 39.564 39.354 39.226 39.081 38.929 38.741 38.586 38.419 38.266 38.116 37.976 37.799 37.656 37.536 37.411 37.326 37.229
48.799 48.561 48.309 48.069 47.841 47.624 47.436 47.216 47.001 46.794 46.631 46.401 46.164 45.959 45.826 45.566 45.324 45.241 44.924 44.769 44.689 44.641 44.551 44.396 44.194 44.006 43.881 43.744 43.634 43.476 43.376 43.221 43.066 42.921 42.704 42.539 42.421 42.236 41.979 41.846 41.664 41.501 41.401 41.251 41.069 40.901 40.696 40.584 40.421 40.301 40.214 40.111 39.951 39.764 39.601 39.424 39.236 39.104 38.961 38.804 38.629 38.464 38.284 38.134 37.964 37.834 37.674 37.499 37.434 37.326 37.249 37.094
48.816 48.549 48.261 48.021 47.766 47.559 47.399 47.189 46.974 46.706 46.531 46.314 46.106 45.851 45.646 45.499 45.706 45.919 45.319 44.966 44.666 44.406 44.334 44.164 44.054 43.921 43.794 43.669 43.561 43.449 43.304 43.161 43.014 42.866 42.624 42.536 42.371 42.164 41.969 41.829 41.634 41.471 41.341 41.161 40.986 40.816 40.629 40.491 40.356 40.206 40.131 39.956 39.791 39.629 39.454 39.264 39.116 38.979 38.846 38.664 38.481 38.329 38.169 38.036 37.881 37.721 37.524 37.434 37.344 37.256 37.106 37.004
48.751 48.514 48.274 47.991 47.769 47.526 47.341 47.141 46.924 46.684 46.454 46.236 45.984 45.724 45.559 45.559 45.864 46.024 46.119 45.861 45.264 44.594 44.226 43.959 43.834 43.734 43.656 43.564 43.491 43.389 43.254 43.126 42.939 42.791 42.596 42.501 42.281 42.049 41.914 41.751 41.586 41.439 41.274 41.066 40.894 40.739 40.559 40.424 40.286 40.134 40.009 39.826 39.649 39.471 39.269 39.081 38.959 38.844 38.681 38.526 38.381 38.199 38.034 37.884 37.731 37.544 37.394 37.321 37.219 37.076 36.939 36.731
48.664 48.481 48.254 48.019 47.741 47.511 47.284 47.044 46.839 46.619 46.321 46.094 45.894 45.704 45.564 45.666 45.906 46.066 46.136 45.901 45.656 45.721 44.874 43.846 43.616 43.524 43.504 43.439 43.374 43.324 43.226 43.094 42.911 42.709 42.596 42.436 42.206 42.006 41.866 41.701 41.519 41.411 41.221 41.001 40.821 40.646 40.486 40.356 40.206 40.086 39.904 39.694 39.521 39.321 39.104 38.969 38.811 38.669 38.501 38.356 38.241 38.056 37.901 37.769 37.611 37.399 37.291 37.196 37.069 36.931 36.701 36.196
48.701 48.454 48.206 48.016 47.744 47.516 47.256 47.006 46.806 46.529 46.271 46.074 45.866 45.709 45.621 45.744 45.831 45.964 45.801 45.701 45.646 45.524 45.266 44.519 43.814 43.391 43.271 43.221 43.236 43.219 43.154 43.039 42.861 42.681 42.576 42.371 42.151 41.979 41.824 41.671 41.476 41.356 41.144 40.939 40.779 40.596 40.436 40.274 40.151 40.024 39.819 39.601 39.401 39.184 38.989 38.839 38.646 38.494 38.354 38.221 38.059 37.914 37.794 37.664 37.449 37.301 37.189 37.049 36.871 36.954 36.166 36.076
48.724 48.506 48.276 48.069 47.814 47.614 47.356 47.101 46.869 46.611 46.314 46.049 45.854 45.696 45.691 45.774 45.949 45.874 45.809 45.719 45.606 45.459 45.154 44.854 44.519 43.871 43.334 43.079 43.021 42.999 42.989 42.934 42.786 42.641 42.504 42.301 42.101 41.949 41.786 41.624 41.441 41.284 41.081 40.909 40.741 40.549 40.391 40.236 40.066 39.926 39.741 39.531 39.319 39.066 38.884 38.716 38.521 38.336 38.194 38.106 37.946 37.789 37.684 37.526 37.329 37.219 37.104 36.939 36.656 36.356 36.504 36.431
48.699 48.474 48.236 48.019 47.799 47.614 47.401 47.176 46.909 46.689 46.369 46.099 45.861 45.739 45.754 45.816 46.556 45.871 45.766 45.676 45.426 44.991 44.589 44.491 44.469 44.324 44.041 43.389 43.021 43.641 42.809 42.761 42.649 42.509 42.369 42.194 42.039 41.891 41.764 41.599 41.411 41.211 41.041 40.849 40.674 40.489 40.366 40.176 40.034 39.856 39.634 39.411 39.211 38.959 38.809 38.629 38.446 38.211 38.076 37.966 37.836 37.704 37.584 37.436 37.266 37.164 37.029 36.846 36.356 36.019 36.976 35.929
