data/LIDAR-DSM-2M-NZ24se/nz2741_DSM_2M.asc
ncols 500
nrows 500
xllcorner    427000
yllcorner    541000
cellsize     2
NODATA_value -9999
[rows 448 to 479 of 500, columns 292 to 364 of 500]
100.127 99.505 105.57 107.795 108.572 109.332 109.872 109.78 109.425 109.017 108.64 108.217 107.81 107.412 106.707 104.16 99.89 97.405 97.027 96.937 96.917 96.85 96.72 96.607 96.512 96.437 96.5 96.525 96.417 96.81 96.775 97.4 97.375 97.067 96.937 96.857 97.505 98.31 98.58 97.54 96.815 96.415 96.437 96.915 96.502 96.94 96.762 96.18 96.107 95.975 95.892 95.797 95.712 95.707 95.707 97.167 101.57 103.997 104.832 105.67 106.06 101.272 99.535 96.457 95.685 95.39 95.38 95.377 94.585 94.422 94.382 94.315 94.26
99.645 98.877 99.507 106.762 108.17 108.932 109.41 109.025 108.62 108.255 107.815 107.435 106.882 104.472 100.49 97.72 96.92 96.797 96.782 96.735 96.637 96.48 96.45 96.327 96.2 96.167 96.167 96.255 96.13 96.207 96.23 96.335 96.445 96.635 96.817 96.797 96.687 98.152 99.52 99.11 97.952 96.6 96.48 96.49 96.52 96.442 96.305 96.205 96.15 96.065 95.947 95.825 95.797 96.75 96.295 97.05 100.277 103.585 104.427 100.96 101.037 96.062 96.297 95.682 95.515 95.527 95.092 94.635 94.595 94.56 94.485 94.435 94.48
99.627 98.602 97.727 103.925 107.775 108.55 108.702 108.29 107.877 107.482 106.91 104.745 100.725 97.887 96.952 96.83 96.712 96.577 96.48 96.355 96.292 96.2 96.45 96.225 96.167 96.195 96.12 96.107 96.1 96.135 96.145 96.295 96.232 96.36 96.527 96.807 96.727 96.682 97.525 97.205 97.165 97.295 96.682 96.465 96.505 96.922 96.37 96.222 96.185 96.082 95.995 95.865 95.752 95.862 96.152 96.445 98.572 100.927 98.675 96.207 95.82 95.787 95.482 96.082 95.37 94.892 94.817 94.775 94.732 94.687 94.667 94.657 94.672
99.607 98.622 97.602 98.712 107.367 108.085 107.892 107.54 107.1 105.195 101.357 97.97 97.022 96.917 96.79 96.635 96.457 96.282 96.247 96.207 96.182 96.17 96.19 96.187 96.085 96.092 96.075 96.027 96.05 96.055 96.1 96.162 96.24 96.197 96.275 96.425 96.7 96.667 96.53 96.55 96.582 96.737 97.08 96.43 96.482 96.482 96.487 96.297 96.2 96.12 96.04 95.93 95.837 95.9 95.985 96.12 96.467 96.337 95.882 95.887 95.865 95.662 95.297 95.112 95.02 94.975 94.937 94.9 94.875 94.877 94.895 94.952 94.992
99.572 99.017 98.122 97.177 104.07 107.47 107.137 105.177 101.757 98.352 97.095 97.062 97.045 96.86 96.59 96.4 96.252 96.212 96.202 96.187 96.205 96.17 96.042 96.192 96.165 96.06 96.11 96.167 96.16 96.11 96.052 96.082 96.24 96.215 96.265 96.207 96.357 96.54 96.617 96.497 96.5 96.755 96.86 96.715 96.457 96.455 96.517 96.402 96.245 96.172 96.06 95.987 95.915 95.92 95.985 95.925 96.34 96.377 95.877 95.84 95.605 95.377 95.27 95.215 95.162 95.122 95.085 95.085 95.075 95.1 95.197 95.28 95.335
99.41 99.032 98.437 97.615 98.29 104.472 101.132 99.057 97.465 97.255 97.197 97.132 96.97 96.625 96.402 96.217 96.17 96.19 96.18 96.14 96.07 96.097 96.11 96.285 96.205 96.08 95.95 96.11 96.247 96.14 96.107 96.14 96.1 96.102 96.145 96.292 96.17 96.33 96.49 96.52 96.505 96.475 96.69 97.122 97.2 97.042 96.745 96.467 96.305 96.367 96.497 96.092 95.995 95.955 95.945 95.9 95.897 95.91 95.727 95.622 95.48 95.442 95.385 95.352 95.302 95.287 95.307 95.35 95.392 95.432 95.555 95.635 95.695
99.265 98.935 98.562 97.897 97.212 97.267 97.545 97.455 97.342 97.365 97.18 96.857 96.57 96.237 96.17 96.207 96.14 96.082 96.022 96.052 96.09 96.025 96.11 96.147 96.142 96.082 96.082 96.057 96.112 96.025 96.057 96.125 96.13 96.145 96.15 96.137 96.167 96.285 96.352 96.41 96.482 96.482 96.51 96.612 96.532 96.577 96.867 96.96 97.177 99.305 98.115 96.525 96.042 95.99 95.925 95.862 95.782 95.727 95.677 95.645 95.607 95.562 95.527 95.475 95.455 95.492 95.562 95.567 95.602 95.705 95.845 96.002 96.057
99.18 98.855 98.462 97.98 97.612 97.455 97.407 97.432 97.455 97.257 96.915 96.38 96.142 96.125 96.157 96.112 96.115 96.085 96.022 96.03 96.01 96.07 96.022 96.012 96.025 96.04 96 96 96.147 96.007 96.04 96.137 96.135 96.05 96.127 96.132 96.14 96.265 96.137 96.207 96.34 96.49 96.507 96.517 97.492 96.47 96.552 96.482 98.432 99.847 98.995 97.145 96.072 96.035 95.962 95.875 95.802 95.802 95.792 95.782 95.747 95.7 95.66 95.642 95.655 95.715 95.755 95.772 95.81 95.96 96.34 96.897 97.117
99.14 98.655 98.29 97.982 97.73 97.567 97.475 97.495 97.52 97.197 96.347 96.115 96.12 96.12 96.105 96.15 96.092 96.01 96.07 96.052 96.022 96.007 96.04 96.045 95.997 96.027 96.012 95.975 96.037 96.067 96.032 96.05 96.12 96.142 96.137 96.205 96.06 96.182 96.235 96.185 96.175 96.325 96.477 96.512 96.537 96.675 96.6 96.527 97.32 99.217 98.23 96.905 96.11 96.06 96.017 95.962 95.95 95.927 95.897 95.9 95.877 95.827 95.82 95.805 95.842 95.942 95.965 96.007 96.062 96.155 96.535 99.027 101.875
98.545 98.332 98.102 97.87 97.662 97.547 97.49 97.472 97.49 97.015 96.232 96.157 96.11 96.142 96.165 96.16 96.175 96.077 96.1 96.132 96.07 96.035 96.06 96.082 96.165 96.112 96.095 96.05 96.022 96.055 96.05 96.052 96.14 96.117 96.147 96.162 96.187 96.115 96.145 96.19 96.197 96.17 96.345 96.502 96.527 96.62 97.112 96.97 96.865 97 96.512 96.352 96.177 96.127 96.097 96.112 96.105 96.092 96.057 96.037 95.992 95.947 95.95 95.94 95.982 96.1 96.145 96.182 96.262 96.377 96.775 101.402 103.822
98.115 98.025 97.89 97.752 97.592 97.512 97.472 97.43 97.472 97.16 96.8 96.692 96.595 96.445 96.417 96.375 96.292 96.265 96.197 96.165 96.107 96.107 96.08 96.115 96.1 96.067 96.175 95.987 96.005 96.095 96.07 96.062 95.987 96.005 96.047 96.077 96.167 96.05 96.21 96.162 96.157 96.197 96.175 96.46 96.587 96.572 96.62 97.857 97.367 97.622 96.675 96.302 96.262 96.267 96.26 96.262 96.257 96.282 96.255 96.18 96.12 96.032 96.057 96.092 96.09 96.235 96.282 96.345 96.405 96.507 97.025 100.975 103.945
97.877 97.815 97.722 97.672 97.61 97.55 97.472 97.39 97.365 97.22 97.107 97.087 97.062 97.062 97.055 97.007 96.925 96.757 96.587 96.432 96.372 96.317 96.32 96.272 96.207 96.175 96.08 96.115 96.032 96.092 96.05 96.032 96.017 96.04 96.2 96.08 96.04 96.055 96.127 96.107 96.212 96.162 96.235 96.402 96.647 96.627 96.645 96.857 97.467 97.562 96.615 96.405 96.427 96.43 96.395 96.415 96.477 96.505 96.467 96.345 96.252 96.207 96.192 96.205 96.187 96.325 96.365 96.432 96.465 96.71 97.46 102.605 104.04
97.642 97.565 97.542 97.565 97.577 97.572 97.565 97.425 97.39 97.325 97.25 97.205 97.165 97.115 97.117 97.117 97.087 97.035 96.907 96.772 96.707 96.63 96.627 96.577 96.48 96.412 96.36 96.205 96.097 96.1 96.035 96.017 96.062 96.05 96.132 96.225 96.21 96.15 96.122 96.14 96.135 96.167 96.22 96.407 96.782 96.74 96.717 96.682 96.76 96.825 96.752 96.55 96.58 96.567 96.495 96.432 96.71 96.722 96.645 96.505 96.402 96.36 96.312 96.332 96.337 96.4 96.47 96.477 96.507 96.61 97.082 102.082 104.107
97.577 97.527 97.525 97.527 97.522 97.547 97.57 97.5 97.52 97.53 97.502 97.405 97.347 97.3 97.27 97.245 97.202 97.17 97.085 96.967 96.87 96.81 96.76 96.712 96.66 96.59 96.55 96.487 96.4 96.31 96.137 96.047 96.06 96.077 96.037 96.145 96.152 96.192 96.235 96.155 96.117 96.167 96.327 96.54 96.912 96.87 96.792 96.807 96.817 96.775 96.765 96.695 96.812 96.955 96.635 96.642 96.92 96.947 96.82 96.62 96.617 96.532 96.477 96.47 96.457 96.475 96.557 96.557 96.542 96.627 97.255 102.86 104.212
97.405 97.4 97.412 97.43 97.472 97.55 97.532 97.53 97.587 97.647 97.65 97.665 97.555 97.472 97.445 97.43 97.38 97.377 97.265 97.17 97.05 96.927 96.87 96.812 96.76 96.705 96.672 96.64 96.597 96.502 96.445 96.39 96.317 96.262 96.23 96.207 96.235 96.227 96.325 96.227 96.327 96.437 96.707 96.82 96.952 96.87 96.867 96.902 96.907 96.95 96.895 96.712 97.1 97.097 96.98 96.927 97.062 97.11 97.027 96.855 96.857 96.732 96.635 96.65 96.617 96.642 96.692 96.672 96.652 96.64 97.875 101.31 104.02
97.24 97.242 97.24 97.27 97.355 97.435 97.517 97.557 97.66 97.747 97.7 97.715 97.685 97.6 97.605 97.61 97.547 97.502 97.427 97.357 97.317 97.23 97.13 97.112 97.025 96.892 96.805 96.747 96.697 96.612 96.587 96.51 96.452 96.45 96.457 96.407 96.43 96.417 96.447 96.512 96.575 96.68 96.797 96.88 96.932 96.942 96.987 97.05 97.075 97.077 97.012 96.812 97.08 97.04 97.095 97.17 97.177 97.232 97.237 97.152 97.08 96.992 96.842 96.837 96.775 96.807 96.867 96.775 96.692 96.62 97.27 100.437 102.665
96.855 96.947 97.06 97.14 97.277 97.402 97.487 97.57 97.685 97.787 97.74 97.76 97.745 97.807 97.8 97.74 97.68 97.652 97.607 97.545 97.67 97.467 97.33 97.297 97.3 97.12 97.097 97.077 96.91 96.83 96.76 96.695 96.635 96.607 96.602 96.612 96.597 96.627 96.63 96.68 96.732 96.792 96.86 96.92 96.97 97.047 97.087 97.137 97.232 97.297 97.14 97.01 96.91 96.985 97.035 97.402 97.392 97.397 97.402 97.405 97.325 97.205 97.025 97.005 96.955 97.037 97.075 96.977 96.82 96.81 96.752 96.71 96.71
96.517 96.652 96.83 97.072 97.27 97.355 97.517 97.552 97.677 97.755 97.74 97.775 97.812 97.84 97.865 97.827 97.787 97.745 97.677 97.637 97.587 97.54 97.452 97.397 97.38 97.287 97.212 97.222 97.132 97.095 97.02 96.922 96.887 96.855 96.777 96.767 96.812 96.812 96.82 96.837 96.887 96.955 96.987 97.012 97.045 97.125 97.215 97.317 97.425 97.53 97.285 97.05 97.067 97.037 97.147 97.572 97.595 97.612 97.612 97.612 97.562 97.332 97.207 97.195 97.155 97.275 97.38 97.375 97.33 97.33 97.355 97.617 97.562
96.692 96.76 96.72 96.862 97.2 97.397 97.53 97.6 97.657 97.692 97.775 97.807 97.872 97.91 97.922 97.885 97.85 97.82 97.76 97.72 97.667 97.607 97.537 97.49 97.465 97.437 97.387 97.347 97.267 97.197 97.187 97.102 97.037 97.012 96.977 97.017 97.015 97 97.022 97.01 97.02 97.065 97.112 97.142 97.23 97.265 97.327 97.49 97.64 97.73 97.142 97.177 97.367 97.325 97.482 97.8 97.8 97.817 97.795 97.762 97.68 97.517 97.44 97.4 97.335 97.552 97.747 97.897 98.395 98.432 98.702 99.067 98.845
96.745 96.822 96.787 96.677 97.235 97.527 97.502 97.595 97.64 97.76 97.817 97.905 97.985 98.072 98.087 98.082 97.992 97.97 97.917 97.885 97.82 97.805 97.712 97.655 97.542 97.502 97.45 97.435 97.392 97.33 97.275 97.227 97.2 97.177 97.175 97.197 97.192 97.152 97.18 97.16 97.137 97.175 97.242 97.282 97.372 97.472 97.517 97.707 97.837 97.887 97.502 97.42 97.78 97.947 98.005 97.93 98.065 98.047 98.025 97.982 97.862 97.675 97.652 97.612 97.585 97.832 98.092 99.167 99.992 99.895 99.745 99.352 99.302
96.777 96.71 96.882 96.682 97.367 97.597 97.542 97.59 97.705 98.01 97.98 98.047 98.097 98.165 98.272 98.18 98.145 98.157 98.117 98.072 98.022 98.007 97.952 97.827 97.782 97.732 97.67 97.655 97.607 97.53 97.445 97.402 97.375 97.347 97.342 97.352 97.36 97.292 97.3 97.315 97.307 97.357 97.445 97.49 97.545 97.66 97.755 97.907 97.992 98.07 98.137 98.26 98.4 98.195 98.115 98.217 98.292 98.337 98.272 98.192 98.022 97.887 97.89 97.83 97.812 98.045 98.395 99.687 99.722 99.37 99.39 99.347 99.332
96.71 96.855 96.7 96.772 97.13 97.36 97.512 97.655 97.802 97.955 98.147 98.185 98.202 98.26 98.292 98.267 98.255 98.272 98.265 98.217 98.195 98.192 98.23 98.035 98.012 97.952 97.902 97.85 97.802 97.77 97.687 97.632 97.595 97.58 97.555 97.57 97.575 97.51 97.515 97.532 97.535 97.612 97.627 97.667 97.742 97.82 97.885 98.042 98.15 98.225 98.31 98.535 98.717 98.392 98.33 98.337 98.425 98.452 98.417 98.265 98.142 98.087 98.117 98.1 98.047 98.232 98.615 99.88 99.762 99.377 99.385 99.39 99.412
96.852 96.725 96.727 96.932 97.207 97.397 97.537 97.725 97.887 97.982 98.125 98.245 98.302 98.297 98.37 98.422 98.41 98.437 98.402 98.365 98.405 98.425 98.455 98.307 98.202 98.12 98.08 98.005 97.962 97.93 97.845 97.84 97.815 97.795 97.785 97.782 97.777 97.74 97.707 97.74 97.775 97.852 97.805 97.89 97.962 98.005 98.067 98.167 98.295 98.362 98.58 98.557 98.507 98.522 98.54 98.507 98.652 98.692 98.565 98.447 98.287 98.355 98.377 98.355 98.372 98.447 98.757 99.202 99.782 99.432 99.422 99.447 99.472
96.565 96.612 96.945 97.167 97.277 97.472 97.602 97.772 97.98 98.162 98.172 98.332 98.405 98.41 98.462 98.465 98.507 98.537 98.527 98.507 98.545 98.517 98.457 98.427 98.367 98.3 98.27 98.227 98.115 98.075 98.017 98.04 98.017 98.032 97.99 97.95 97.935 97.955 97.95 97.967 98.022 98.062 98.037 98.087 98.135 98.21 98.267 98.347 98.455 98.605 98.645 98.627 98.677 98.725 98.792 98.815 98.92 98.995 98.892 98.772 98.49 98.57 98.602 98.62 98.64 98.737 98.897 99.185 99.442 99.452 99.502 99.5 99.53
96.7 96.977 97.197 97.265 97.34 97.49 97.645 97.79 97.97 98.152 98.22 98.347 98.417 98.47 98.512 98.517 98.622 98.645 98.667 98.67 98.65 98.63 98.625 98.582 98.542 98.487 98.427 98.395 98.307 98.272 98.285 98.29 98.232 98.2 98.185 98.135 98.115 98.147 98.127 98.172 98.215 98.247 98.265 98.242 98.37 98.445 98.497 98.607 98.65 98.892 98.755 98.805 98.937 99.012 99.06 99.112 99.252 99.312 99.39 99.132 98.69 98.765 98.81 98.845 98.89 98.982 99.1 99.31 99.477 99.525 99.535 99.552 99.565
96.917 97.14 97.22 97.292 97.362 97.452 97.632 97.82 97.947 98.1 98.252 98.402 98.51 98.537 98.617 98.672 98.727 98.77 98.795 98.81 98.805 98.78 98.777 98.747 98.735 98.675 98.632 98.567 98.522 98.495 98.477 98.43 98.42 98.397 98.355 98.362 98.367 98.367 98.382 98.455 98.502 98.485 98.465 98.535 98.637 98.662 98.722 98.797 98.82 98.977 98.93 99.03 99.162 99.24 99.32 99.507 99.977 99.502 99.492 99.087 98.937 98.957 99.092 99.087 99.055 99.11 99.235 99.372 99.507 99.572 99.595 99.605 99.637
97.01 97.122 97.207 97.282 97.38 97.49 97.642 97.845 98.03 98.185 98.305 98.462 98.58 98.662 98.69 98.752 98.795 98.862 98.907 98.935 98.92 98.957 98.95 98.887 98.862 98.857 98.79 98.75 98.702 98.687 98.63 98.622 98.582 98.62 98.702 98.71 98.697 98.71 98.72 98.742 98.74 98.69 98.832 98.87 98.93 98.92 98.992 98.987 99.045 99.137 99.19 99.28 99.415 99.497 99.545 99.677 99.792 99.71 99.677 99.21 99.16 99.202 99.282 99.262 99.352 99.285 99.31 99.41 99.51 99.585 99.632 99.657 99.675
97.06 97.102 97.185 97.267 97.42 97.655 97.76 97.89 98.082 98.267 98.405 98.525 98.672 98.775 98.84 98.897 98.945 98.97 99.037 99.06 99.105 99.095 99.087 99.055 98.975 98.987 98.937 98.902 98.862 98.825 98.81 98.892 98.9 99.045 99.037 98.99 98.977 98.997 99 99.017 99.047 99.027 99.092 99.145 99.177 99.18 99.205 99.195 99.282 99.39 99.447 99.535 99.63 99.795 99.737 99.75 99.795 99.905 99.822 99.392 99.402 99.447 99.527 99.537 99.91 99.885 99.842 99.712 99.652 99.692 99.667 99.7 99.717
97.11 97.162 97.267 97.377 97.515 97.697 97.85 97.98 98.145 98.342 98.462 98.612 98.74 98.847 98.95 99.012 99.062 99.12 99.162 99.2 99.237 99.202 99.185 99.202 99.2 99.177 99.07 99.055 99.042 99.077 99.145 99.212 99.227 99.255 99.23 99.237 99.242 99.19 99.245 99.297 99.282 99.29 99.317 99.315 99.357 99.395 99.402 99.43 99.512 99.592 99.57 99.697 99.917 100.11 100.13 100.192 100.045 100.065 99.9 99.565 99.665 99.685 99.737 99.817 100.172 100.2 100.17 100.137 100.025 99.822 99.767 99.815 99.812
97.177 97.22 97.34 97.525 97.637 97.76 97.917 98.087 98.29 98.415 98.56 98.685 98.847 98.97 99.065 99.145 99.2 99.222 99.272 99.332 99.342 99.335 99.347 99.355 99.315 99.292 99.21 99.255 99.305 99.367 99.417 99.442 99.422 99.4 99.397 99.435 99.46 99.457 99.497 99.542 99.59 99.575 99.56 99.537 99.577 99.572 99.577 99.675 99.745 99.835 99.832 99.907 100.047 100.517 100.335 100.775 100.145 99.925 99.762 99.855 99.91 99.92 99.955 100.16 100.487 100.43 100.442 100.31 100.265 100.165 100.157 100.155 100.177
97.24 97.322 97.445 97.577 97.767 97.942 98.035 98.195 98.392 98.562 98.647 98.782 98.94 99.085 99.16 99.215 99.267 99.342 99.362 99.457 99.47 99.465 99.477 99.46 99.457 99.487 99.522 99.582 99.645 99.685 99.617 99.625 99.617 99.595 99.632 99.637 99.71 99.715 99.742 99.76 99.98 99.84 99.767 99.742 99.782 99.787 99.835 99.912 99.992 100.055 100.155 100.165 100.202 100.257 100.245 100.387 99.995 99.97 99.865 100.127 100.14 100.167 100.182 100.46 100.7 100.712 100.665 100.602 100.6 100.587 101.69 102.855 101.36
97.335 97.467 97.632 97.712 97.867 97.982 98.115 98.27 98.472 98.612 98.747 98.87 99.045 99.177 99.26 99.315 99.385 99.422 99.487 99.527 99.565 99.59 99.64 99.62 99.687 99.735 99.777 99.787 99.777 99.787 100.212 99.892 99.792 99.787 99.852 99.822 99.892 99.907 99.897 99.925 99.952 99.927 99.94 99.972 99.962 99.987 100.037 100.105 100.187 100.257 100.362 100.41 100.392 100.497 100.56 100.392 100.115 100.07 100.027 100.34 100.372 100.392 100.43 100.602 100.945 100.982 101.005 101.01 100.987 100.942 102.215 103.927 102.72
