data/LIDAR-DSM-2M-NZ24se/nz2740_DSM_2M.asc
ncols 500
nrows 500
xllcorner    427000
yllcorner    540000
cellsize     2
NODATA_value -9999
[rows 384 to 415 of 500, columns 142 to 212 of 500]
87.618 74.799 79.678 73.688 72.489 72.314 72.428 78.263 75.281 80.123 86.543 76.663 75.174 74.778 72.894 72.792 72.7 73.02 74.208 72.278 72.143 71.893 71.713 71.709 74.218 77.653 78.678 78.881 78.348 77.548 80.495 74.275 70.055 67.455 66.968 65.805 65.848 65.848 65.86 65.843 65.859 65.855 65.83 65.8 64.46 63.629 63.143 62.361 61.991 62.123 62.24 62.238 62.165 61.805 62.255 62.498 62.13 62.11 62.181 62.139 62.205 62.854 69.036 73.344 80.733 78.213 74.004 82.768 82.727 80.083 72.605
86.062 84.376 82.091 75.587 78.896 73.495 83.023 72.988 73.589 74.183 78.355 75.562 73.479 73.539 72.79 72.705 72.634 72.368 72.75 74.06 72.035 71.795 71.593 72.01 73.198 75.208 81.98 83.08 79.888 78.788 79.165 71.665 69.81 67.353 66.863 65.83 65.83 65.843 65.853 65.875 65.838 65.865 65.843 65.825 64.679 63.159 62.764 62.233 62.019 62.107 62.235 62.239 62.111 62.213 62.223 62.585 62.175 62.15 62.243 62.327 62.783 62.238 62.658 69.36 76.461 79.66 76.585 81.998 77.621 74.23 70.005
80.918 82.842 81.053 81.109 72.36 72.796 79.305 80.192 86.52 84.205 78.409 75.2 73.259 73.885 78.038 75.19 74.695 72.305 73.143 73.82 71.968 71.705 71.465 74.41 77.725 78.638 78.433 78.444 80.915 76.845 73.726 68.889 67.537 67.203 66.968 65.884 65.845 65.825 65.845 65.845 65.833 65.865 65.838 65.813 63.96 63.059 62.369 62.05 62.068 62.22 62.232 62.948 62.666 62.149 62.16 62.153 62.118 62.13 62.258 62.525 62.355 62.38 62.448 63.396 66.539 68.51 68.402 66.952 77.515 68.998 68.817
78.193 77.193 75.89 74.707 72.534 74.515 84.65 77.955 83.06 85.192 80.173 79.475 80.913 77.682 73.574 75.29 79.981 72.9 72.078 73.374 72.873 71.6 71.495 74.546 74.708 82.153 78.498 79.718 76.829 78.633 75.226 70.186 67.891 67.119 66.777 66.173 65.868 65.833 65.843 65.845 65.883 65.838 65.763 65.508 63.483 62.635 62.238 62.048 62.043 62.26 62.448 65.383 66.423 65.121 64.066 63.005 62.14 62.175 62.573 62.553 62.468 62.5 62.605 62.725 63.11 64.012 66.428 67.635 68.423 66.876 67.383
75.905 75.13 73.305 74.661 72.403 79.028 82.693 80.122 74.319 85.666 87.809 80.862 84.755 86.637 81.112 73.25 76.599 72.088 73.225 72.882 72.71 71.418 72.265 75.275 76.859 75.523 77.3 79.535 80.08 78.878 71.495 67.942 67.239 67.069 66.741 66.268 65.835 65.785 65.807 65.818 65.81 65.81 65.573 64.213 63.46 62.655 62.218 62.063 62.09 62.233 62.677 65.602 66.54 66.875 65.955 63.215 62.185 62.233 62.575 62.536 62.505 63.775 62.728 62.833 63.005 63.526 65.026 67.295 67.667 67.605 65.787
74.633 75.415 74.809 74.518 76.421 78.655 82.473 81.093 73.462 73.782 78.478 74.335 82.106 87.877 84.83 74.193 72.245 78.008 77.44 73.172 74.453 71.98 71.213 74.998 78.063 79.003 76.731 77.215 78.41 77.857 73.215 67.624 67.178 66.885 66.629 66.447 66.169 65.878 65.798 65.853 65.86 65.447 64.993 64.165 63.295 62.62 62.148 62.075 62.155 62.302 63.73 65.901 66.74 66.89 65.81 63.226 61.62 62.3 62.573 62.504 63.635 66.462 70.618 68.793 65.267 63.343 65.567 69.755 71.142 69.533 66
74.752 74.03 75.785 78.138 79.476 75.234 73.86 78.197 77.125 75.7 72.625 73.826 72.859 81.693 84.273 75.723 78.475 80.48 82.653 79.01 78.753 73.285 71.418 75.754 77.776 79.819 80.34 79.34 76.328 75.81 70.438 68.76 67.093 66.803 66.22 65.994 65.82 65.849 65.673 65.459 64.932 64.6 64.369 63.837 62.885 62.363 62.055 62.088 62.153 62.213 64.598 66.093 67.025 66.514 64.77 62.507 62.221 62.818 63.13 65.14 67.075 71.392 72.831 72.84 70.108 64.81 66.757 68.363 70.495 70.442 69.015
73.711 73.698 76.718 77.757 79.238 78.115 72.533 76.369 79.383 82.792 72.525 76.961 77.284 82.506 83.67 85.195 76.245 76.823 76.08 76.573 71.514 71.204 73.41 74.915 77.837 80.067 80.195 77.791 76.439 73.973 68.02 67.153 67.03 66.395 65.83 65.858 65.791 65.806 65.82 65.573 65.187 64.615 64.312 63.514 62.646 62.242 62.038 62.083 62.16 62.258 64.773 66.318 67.035 66.29 64 62.364 62.341 62.6 62.738 64.869 67.704 67.738 73.684 73.369 73.677 74.537 71.725 69.961 71.052 70.685 72.245
73.01 72.994 73.249 77.456 74.84 75.167 72.678 76.707 79.822 78.524 81.662 82.625 76.211 74.991 75.009 77.514 82.89 79.655 74.495 74.857 74.838 70.929 73.45 76.705 81.703 79.313 77.88 77.129 77.508 77.223 72.87 69.734 66.54 65.803 65.84 65.863 65.837 65.855 65.798 65.809 65.097 64.432 64.031 63.258 62.559 62.145 62 62.055 62.2 63.048 65.755 66.753 66.898 66.028 63.121 62.219 62.293 63.017 63.91 63.534 67.955 68.923 69.976 71.974 71.535 72.695 68.475 67.205 70.55 73.52 76.005
72.953 72.947 73.287 74.455 73.433 74.95 75.271 80.404 76.895 75.085 76.793 84.313 85.237 78.428 73.852 79.147 83.528 83.56 78.03 74.823 78.128 78.388 75.598 80.829 79.485 77.753 78.933 80.091 78.443 72.813 70.195 68.008 65.825 65.845 65.848 65.848 65.823 65.853 65.868 65.793 65.88 64.47 63.901 63.115 62.5 62.071 62.013 62.145 62.182 62.624 64.093 66.439 66.733 64.958 62.95 62.258 62.462 62.778 62.317 67.238 67.243 64.829 69.512 69.418 73.33 72.528 70.345 67.597 66.022 69.182 76.61
73.36 73.147 73.613 73.781 73.288 75.415 76.336 78.683 80.13 80.498 82.477 86.086 84.607 80.641 76.04 77.443 79.705 83.8 81.057 79.63 82.26 80.856 80.372 82.16 82.98 79.854 78.947 80.039 76.33 71.73 67.415 66.55 65.82 65.84 65.849 65.83 65.88 65.88 65.853 65.828 65.81 64.224 63.675 62.969 62.362 62.037 62.053 62.242 62.225 62.164 62.184 62.173 62.695 63.778 62.985 62.283 62.343 62.248 62.298 64.683 67.883 68.068 77.095 74.78 71.573 73.663 66.145 67.608 65.414 70.643 72.104
73.608 73.886 73.57 73.606 73.837 73.851 75.879 76.104 77.653 77.377 77.885 80.758 83.444 83.263 74.936 76.843 76.461 74.213 77.098 80.033 79.87 82.73 76.787 81.55 76.445 79.538 71.931 78.583 75.067 70.809 67.673 66.624 65.809 65.835 65.865 65.825 66.208 65.815 65.84 65.803 65.8 64.405 63.5 62.659 62.277 62.05 62.174 62.233 62.24 62.174 62.222 62.243 62.231 62.174 62.187 62.295 62.315 62.235 62.648 63.953 72.153 74.23 74.133 74.35 75.021 77.025 73.452 72.163 72.568 75.81 78.582
75.674 77.025 76.431 75.476 74.035 74.219 73.713 73.79 74.754 73.524 76.341 78.737 80.16 77.346 72.766 75.715 79.818 84.055 81.935 82.115 77.17 81.117 79.74 76.364 77.278 78.985 76.175 71.965 74.994 71.649 69.668 66.665 65.95 65.817 65.825 65.832 65.83 65.83 65.825 65.825 65.865 64.69 63.098 62.387 62.133 62.07 62.164 62.223 62.205 62.26 62.259 62.295 62.247 62.185 64.013 62.802 62.395 62.28 63.363 65.78 72.215 74.795 77.957 74.015 75.388 76.528 73.368 80.595 82.369 82.57 81.404
78.3 78.833 78.006 76.8 77.425 74.744 72.701 72.646 73.915 72.861 72.97 74.257 73.55 72.518 72.68 74.74 80.96 82.788 84.288 78.658 76.96 80.375 81.063 80.937 79.81 79.997 77.143 76.368 75.716 71.646 68.513 66.805 66.226 65.814 65.824 65.821 65.865 65.827 65.835 65.815 65.505 63.662 62.748 62.318 62.078 62.094 62.223 62.235 62.223 62.289 62.31 62.272 62.268 62.228 62.334 62.988 62.273 62.43 64.212 70.088 72.324 66.545 69.313 74.592 72.31 77.24 74.604 75.97 84.153 83.693 84.509
77.701 77.888 77.757 75.349 76.154 73.515 72.328 75.948 77.212 74.055 72.448 72.539 72.202 72.127 73.122 75.833 73.982 77.204 80.77 73.028 79.04 78.217 79.363 83.68 84.145 82.978 80.7 75.622 74.014 70.448 67.482 66.913 66.403 66.155 65.834 65.79 65.823 65.808 65.827 65.179 64.048 63.41 62.723 62.268 62.04 62.07 62.243 62.28 62.294 62.293 62.279 62.267 62.259 62.179 62.29 62.504 62.357 62.999 63.771 71.593 77.638 70.728 72.353 71.808 76.388 76.101 77.035 75.495 84.368 76.623 81.393
76.666 75.976 74.593 73.254 73.775 72.66 72.294 75.617 76.82 73.615 72.451 72.582 72.578 74.593 71.81 71.735 72.825 76.204 77.348 75.733 76.146 79.137 80.9 82.525 84.14 79.985 78.468 73.785 72.475 71.219 67.987 67.012 66.493 66.261 66.119 65.84 65.635 65.696 65.195 64.344 63.925 63.199 62.658 62.458 62.145 62.15 62.24 62.23 62.265 62.288 62.265 62.32 62.248 62.134 62.301 62.928 62.303 64.88 66.122 71.916 77.673 78.753 74.745 76.873 77.873 74.403 75.5 73.277 74.416 81.373 81.573
74.546 74.811 72.649 72.46 72.459 72.241 72.333 72.529 72.89 72.345 75.586 79.41 77.259 76.605 73.001 75.733 73.945 70.92 70.845 74.038 75.094 80.38 80.333 83.54 82.653 81.29 78.069 75.13 74.835 73.285 68.913 67.132 66.682 66.263 65.99 65.737 65.382 65.101 64.794 64.306 63.834 63.228 62.847 62.582 62.343 62.213 62.24 62.225 62.258 62.295 62.283 62.238 62.193 62.207 62.205 62.803 62.373 68.441 73.544 70.118 68.83 74.963 75.133 78.508 73.468 76.905 70.038 72.87 74.61 76.938 81.3
73.013 72.559 72.881 74.83 74.932 72.74 73.908 76.107 72.705 76.048 77.085 79.725 80.939 78.29 75.024 79.46 73.669 77.228 70.508 77.41 77.503 79.86 81.303 81.505 80.323 79.338 76.538 75.56 75.708 73.664 68.992 67.284 66.783 66.441 66.15 65.724 65.414 65.085 64.652 64.361 63.854 63.425 63.036 62.556 62.358 62.31 62.304 62.278 62.293 62.325 62.283 62.29 62.183 61.68 62.559 62.289 62.55 67.81 70.51 71.769 64.347 72.411 77.864 78.583 77.33 73.455 77.338 68.928 79.268 74.237 86.268
73.704 73.486 73.947 72.967 74.554 73.242 74.978 76.542 74.024 79.045 79.121 77.28 79.672 79.441 75.369 75.018 74.893 72.493 73.403 71.336 77.06 80.663 82.692 81.343 79.388 78.493 74.67 71.279 72.215 70.703 67.903 67.56 67.028 66.705 66.35 65.965 65.512 65.054 64.725 64.286 63.893 63.545 63.058 62.671 62.458 62.405 62.33 62.33 62.315 62.315 62.318 62.225 62.19 62.11 62.715 62.185 65.057 70.968 74.385 74.423 78 68.565 78.085 77.192 75.678 76.225 73.51 73.318 75.924 74.215 87.38
72.846 72.752 73.412 75.457 73.915 72.898 73.12 80.37 80.295 74.973 75.315 76.77 76.82 75.773 78.582 73.05 81.952 72.958 78.505 75.404 76.122 79.958 79.59 80.87 77.492 75.743 74.84 71.463 77.095 76.015 67.973 67.618 67.282 66.818 66.42 66.063 65.6 65.175 64.823 64.368 63.973 63.486 63.022 62.699 62.515 62.405 62.4 62.37 62.298 62.315 62.298 62.225 62.11 62.125 63.058 62.189 65.688 71.603 76.67 79.45 80.82 80.51 77.263 78.955 75.555 72.423 76.153 71.451 78.273 78.478 82.108
72.62 72.77 73.385 72.358 72.198 72.189 78.048 77.013 75.385 73.539 73.791 73.982 77.801 71.88 71.145 76.635 72.825 74.398 76.715 75.998 76.75 75.619 78.958 82.47 75.82 79.632 75.154 73.918 71.337 73.015 68.054 67.658 67.34 66.923 66.488 66.073 65.688 65.329 64.825 64.428 63.973 63.506 63.095 62.727 62.513 62.439 62.38 62.354 62.332 62.287 62.292 62.188 62.037 62.568 62.163 62.332 66.598 72.93 77.818 80.548 81.105 80.84 82.055 79.073 79.38 72.857 72.744 81.18 82.598 76.902 73.737
75.873 73.245 71.807 72.123 72.092 76.968 75.7 77.507 73.514 75.964 78.565 83.393 72.39 72.733 74.089 76.7 72.939 80.475 79.227 78.491 77.434 74.885 74.528 75.329 73.9 77.888 77.785 72.374 74.834 75.468 68.788 67.63 67.328 66.918 66.46 66.058 65.678 65.317 64.88 64.442 63.993 63.612 63.14 62.75 62.554 62.502 62.45 62.38 62.284 62.273 62.253 62.131 63.644 64.048 62.175 65.298 67.302 73.263 69.589 70.988 71.758 69.998 68.103 74.013 78.728 69.449 74.233 77.298 78.205 76.547 71.314
79.817 71.793 71.905 72.175 72.268 76.295 79.276 75.668 81.159 73.33 71.068 72.488 72.254 73.788 73.888 72.137 73.797 76.343 81.14 80.899 79.785 77.029 76.038 73.73 74.045 72.216 75.279 78.015 76.841 73.998 67.73 67.478 67.173 66.858 66.4 66.083 65.575 65.325 64.878 64.415 64.091 63.673 63.183 62.857 62.625 62.568 62.499 62.412 62.318 62.253 62.172 62.106 63.642 63.097 63.07 65.177 68.27 67.284 68.665 70.79 68.482 64.717 73.16 70.215 77.211 81.42 85.658 81.908 78.025 78.343 76.83
77.88 71.638 71.766 73.504 74.055 78.73 78.835 75.793 77.924 77.615 70.933 78.92 75.22 71.172 83.318 82.505 81.668 81.02 82.369 78.944 81.078 77.599 80.543 77.484 75.855 72.805 74.105 77.086 76.334 70.035 67.593 67.387 67.073 66.713 66.343 65.943 65.588 65.18 64.769 64.463 64.158 63.668 63.318 62.975 62.731 62.618 62.484 62.419 62.302 62.188 62.123 62.096 62.45 65.46 69.962 70.228 70.915 72.072 75.315 75.75 72.358 69.895 75.937 73.913 71.424 80.32 79.424 78.139 81.953 77.495 70.962
73.45 71.661 71.708 72.288 73.655 79.663 75.937 72.94 75.926 76.925 80.04 74.195 82.728 74.258 71.135 74.907 80.139 80.81 82.977 83.073 84.174 83.519 82.802 77.357 76.164 72.962 74.677 71.274 69.527 67.979 67.414 67.25 67.003 66.55 66.273 65.97 65.56 65.175 64.793 64.345 63.99 63.678 63.303 62.98 62.747 62.57 62.523 62.471 62.332 62.237 62.136 62.157 62.728 68.979 74.083 75.502 72.438 75.15 79.653 75.803 72.283 73.593 66.182 66.607 78.55 78.49 84.813 77.81 84.08 76.283 78.118
72.203 71.578 71.624 72.755 74.575 74.308 75.795 74.917 80.671 74.96 74.065 75.055 78.306 71.828 75.82 69.701 74.459 80.318 80.12 76.623 81.665 79.238 82.583 79.536 75.028 72.379 70.788 68.367 67.834 67.545 67.342 67.02 66.755 66.489 66.08 65.763 65.403 65.07 64.73 64.27 63.878 63.533 63.188 62.863 62.738 62.632 62.52 62.435 62.382 62.315 62.24 62.288 63.284 65.867 71.075 76.108 77.139 75.818 74.673 77.431 75.563 76.383 68.883 71.929 82.453 78.198 85.135 84.9 84.838 86.383 80.872
77.14 71.747 71.805 72.08 77.101 78.48 73.457 75.753 75.5 77.045 78.396 80.673 80.592 70.79 77.95 71.286 70.308 70.538 78.443 78.743 75.917 74.095 81.511 75.93 69.137 68.37 68.452 67.951 67.773 67.409 67.134 66.884 66.595 66.273 66.06 65.663 65.255 64.886 64.625 64.182 63.755 63.385 63.113 62.878 62.718 62.575 62.46 62.44 62.403 62.308 62.238 62.25 62.409 65.092 71.488 76.537 70.585 72.118 72.059 77.919 76.085 72.29 77.183 66.054 65.899 71.339 70.67 70.983 82.849 81.013 81.345
79.171 71.81 77.06 78.673 79.994 78.39 76.685 74.41 77.523 84.142 80.918 80.335 83.548 81.74 83.755 72.396 72.02 71.143 70.519 74.835 72.923 69.041 71.708 72.334 68.384 68.3 68.078 67.899 67.597 67.303 67.003 66.711 66.442 66.12 65.821 65.455 65.223 64.76 64.435 64.088 63.73 63.365 63.093 62.828 62.64 62.573 62.47 62.405 62.39 62.32 62.19 62.33 62.312 64.48 66.697 75.67 73.738 76.348 73.048 72.408 75.915 71.539 72.523 79.491 69.318 70.982 71.954 74.222 74.695 81.135 74.658
78.49 81.848 71.98 72.15 74.204 71.758 73.526 74.678 73.496 74.188 77.155 82.786 79.555 78.56 79.338 70.943 74.848 71.765 71.555 74.004 72.2 76.68 73.692 71.258 68.278 68.124 67.963 67.749 67.406 67.091 66.838 66.552 66.291 66.023 65.727 65.35 64.978 64.683 64.335 64.05 63.583 63.33 63.008 62.83 62.648 62.503 62.395 62.34 62.33 62.283 62.248 62.238 62.752 63.695 63.973 63.108 74.616 74.273 75.593 69.385 67.848 71.903 72.278 68.005 70.019 73.332 69.346 79.053 68.68 73.42 62.506
73.664 73.189 73.036 71.628 74.614 78.218 74.591 73.88 74.28 74.194 75.519 78.013 83.937 85.41 78.21 79.243 76.165 71.898 71.18 70.62 75.67 77.467 76.68 69.775 68.173 67.918 67.773 67.585 67.264 67.033 66.721 66.34 66.127 65.734 65.451 65.166 64.824 64.627 64.253 63.925 63.57 63.141 62.92 62.685 62.563 62.42 62.353 62.278 62.223 62.208 62.318 63.243 64.533 68.105 64.953 63.833 69.205 79.193 75.735 78.285 74.711 75.28 71.635 73.284 72.035 78.038 74.244 72.345 77.65 71.61 62.809
74.201 72.143 77.891 71.319 73.965 80.573 76.03 77.069 73.173 71.604 73.585 73.954 80.764 85.119 82.99 78.088 77.89 79.838 78.08 72.1 71.835 78.468 71.783 69.763 67.953 67.773 67.58 67.295 67.085 66.8 66.433 66.17 65.868 65.564 65.289 65.02 64.734 64.395 64.116 63.76 63.37 63.073 62.83 62.533 62.409 62.215 62.105 62.111 62.04 62.008 62.924 65.15 67.674 70.278 74.263 73.708 73.618 77.245 74.4 72.5 71.953 74.123 79.082 74.985 74.82 77.213 75.103 65.891 75.813 63.513 62.184
71.696 71.524 71.157 70.835 73.958 75.981 81.618 80.374 71.417 76.964 72.103 74.988 78.36 78.905 80.949 76.27 75.105 76.933 76.395 77.723 78.668 78.82 73.025 68.308 67.79 67.58 67.295 67.043 66.83 66.534 66.175 65.863 65.58 65.329 65.04 64.715 64.476 64.157 63.922 63.54 63.188 62.835 62.47 62.274 62.043 61.902 61.675 61.673 61.748 63.81 64.399 69.054 72.665 71.33 75.161 72.293 74.2 73.343 67.27 68.232 69.22 69.093 74.167 82.1 81.55 79.73 75.387 72.632 73.322 78.9 83.355
