data/LIDAR-DSM-2M-NZ24se/nz2743_DSM_2M.asc
ncols 500
nrows 500
xllcorner    427000
yllcorner    543000
cellsize     2
NODATA_value -9999
[rows 288 to 319 of 500, columns 72 to 143 of 500]
87.507 87.557 87.587 87.594 87.517 87.367 87.207 87.017 86.769 86.504 86.207 85.867 85.477 85.109 84.802 84.544 84.364 84.132 83.862 83.554 83.247 83.032 82.889 82.779 82.359 82.094 81.819 81.652 81.454 81.334 81.239 81.237 81.194 81.197 81.162 81.142 81.262 81.269 81.062 81.009 81.162 80.884 80.142 79.934 79.677 79.467 79.304 79.194 79.092 78.792 78.664 78.189 77.372 77.002 76.794 76.609 76.457 76.249 75.662 75.177 75.537 75.997 76.032 76.117 75.764 75.897 75.479 75.389 75.282 75.287 75.219 75.142
87.667 87.644 87.629 87.667 87.707 87.702 87.492 87.177 86.884 86.562 86.254 85.867 85.467 85.102 84.772 84.502 84.319 84.019 83.704 83.397 83.117 82.909 82.662 82.407 82.099 81.844 81.582 81.387 81.367 81.157 81.124 81.239 81.077 81.084 81.097 81.174 81.374 81.112 81.052 81.497 81.372 81.432 80.494 79.754 79.609 79.509 79.314 79.254 79.179 78.627 78.447 77.949 77.199 76.779 76.577 76.467 76.194 76.074 75.604 75.389 74.804 75.399 75.709 76.024 75.542 75.587 75.257 75.184 75.169 75.199 74.944 75.277
87.594 87.574 87.547 87.574 87.582 87.594 87.537 87.217 86.887 86.574 86.234 85.812 85.389 85.027 84.714 84.442 84.164 83.857 83.542 83.262 82.967 82.737 82.417 82.132 81.849 81.579 81.352 81.139 81.094 81.034 81.192 80.999 80.974 80.997 81.062 81.347 81.314 81.342 81.347 81.002 80.497 80.119 79.759 79.684 79.684 79.549 79.282 79.624 79.817 79.492 77.782 77.464 76.937 76.619 76.377 76.194 76.189 78.282 75.339 74.744 74.404 74.742 75.534 75.452 75.177 75.107 74.927 74.884 75.044 76.369 75.167 75.437
87.572 87.554 87.534 87.509 87.507 87.502 87.487 87.134 86.812 86.524 86.169 85.729 85.317 84.939 84.624 84.322 83.997 83.669 83.344 83.119 82.762 82.459 82.129 81.812 81.589 81.327 81.172 80.982 80.864 81.017 81.539 80.949 80.864 80.927 81.179 81.404 81.169 81.669 82.324 82.364 80.547 81.337 79.692 79.607 79.619 80.112 79.149 78.972 79.297 78.852 77.277 76.999 76.759 76.527 76.207 75.982 75.742 75.687 75.152 75.244 74.154 74.429 74.977 74.984 74.854 74.719 74.577 75.612 78.344 77.349 74.924 74.337
87.564 87.552 87.514 87.497 87.484 87.499 87.404 87.044 86.739 86.449 86.012 85.589 85.199 84.819 84.489 84.174 83.849 83.487 83.152 82.917 82.522 82.209 81.912 81.552 81.292 81.084 80.934 80.932 80.769 81.249 81.469 80.862 80.807 80.879 81.307 81.259 81.127 81.549 81.499 81.089 80.987 82.467 79.732 79.607 79.532 79.387 78.837 78.504 78.819 80.017 76.992 76.759 76.607 76.379 76.062 75.752 75.724 75.134 74.852 75.877 74.112 73.927 75.014 74.649 74.549 74.397 74.404 74.497 74.444 74.502 75.327 74.594
87.554 87.519 87.507 87.479 87.494 87.487 87.247 86.887 86.599 86.252 85.824 85.384 85.014 84.672 84.327 83.959 83.582 83.207 82.884 82.589 82.239 81.919 81.707 81.337 81.034 80.852 80.657 80.657 80.784 80.844 81.087 80.774 80.972 81.027 81.352 81.234 81.169 81.684 81.644 81.477 80.469 80.064 79.797 79.642 79.354 79.217 78.847 77.664 78.727 77.774 76.759 76.584 76.387 76.229 75.929 75.432 75.502 74.929 74.567 75.312 75.199 74.204 73.974 74.457 74.152 74.384 75.589 75.149 73.929 73.869 73.732 73.712
87.519 87.497 87.499 87.492 87.507 87.362 87.049 86.732 86.457 86.039 85.799 85.162 84.789 84.429 84.067 83.644 83.287 82.922 82.592 82.289 81.974 81.629 81.329 81.042 80.784 80.654 80.564 80.504 80.592 80.622 80.877 80.829 81.147 81.342 81.409 81.207 81.362 81.577 80.727 80.847 80.227 80.042 80.782 80.929 79.092 78.359 77.994 77.714 77.564 77.639 76.569 76.392 76.237 75.962 75.632 75.169 74.744 74.572 74.212 74.084 73.479 73.192 73.562 73.734 74.217 76.324 74.849 75.652 73.737 73.617 73.477 73.492
87.507 87.504 87.502 87.469 87.377 87.144 86.882 86.582 86.182 85.792 85.324 84.929 84.582 84.169 84.224 83.369 82.989 82.652 82.317 82.022 81.699 81.404 81.254 80.857 80.552 80.387 80.549 80.412 80.349 80.367 80.514 80.562 80.932 81.477 81.377 81.252 81.782 80.962 80.602 80.452 80.324 80.302 81.482 80.474 79.464 78.199 78.182 77.274 76.872 76.502 76.372 76.212 76.057 75.692 75.254 75.247 74.459 73.999 74.639 74.897 73.307 73.084 74.804 74.334 73.684 73.872 74.579 75.469 73.279 73.134 73.174 73.264
87.544 87.507 87.474 87.352 87.177 86.972 86.684 86.319 85.877 85.429 85.024 84.689 84.327 83.867 83.469 83.069 82.824 82.407 82.117 82.472 81.652 81.137 80.869 80.504 80.322 80.342 82.577 80.292 80.164 80.204 80.274 80.559 81.082 81.534 81.384 81.814 82.312 80.909 80.734 80.517 80.592 81.159 81.282 80.199 78.119 78.017 78.312 77.057 76.637 76.247 76.059 75.864 75.667 75.439 74.967 75.472 74.332 73.839 73.914 75.779 73.089 72.784 73.147 73.462 73.204 74.497 76.512 75.007 73.009 72.997 73.124 73.049
87.604 87.484 87.364 87.192 87.022 86.759 86.432 86.022 85.562 85.132 84.772 84.392 83.969 83.542 83.162 82.789 82.454 82.077 81.964 83.487 82.939 81.294 81.059 80.267 80.169 80.117 80.509 80.059 80.069 80.094 80.309 80.884 81.474 81.524 81.467 81.679 81.627 80.997 80.842 80.449 80.312 81.829 80.124 80.012 78.197 78.067 77.712 76.869 76.447 75.962 75.772 75.484 75.092 75.152 74.542 74.459 74.112 73.744 73.872 73.254 73.022 72.957 73.954 74.499 73.944 73.949 75.932 74.874 72.827 72.874 73.209 72.612
87.467 87.342 87.214 87.074 86.854 86.512 86.154 85.742 85.262 84.842 84.482 84.082 83.647 83.214 82.824 82.512 82.187 81.819 81.422 81.074 81.037 80.484 84.432 86.212 80.092 79.952 79.897 79.907 80.147 80.317 80.482 81.197 81.659 81.562 81.669 82.027 81.559 82.149 80.677 80.584 79.779 81.269 79.074 78.432 77.814 78.079 78.239 76.607 76.154 75.697 75.367 75.132 74.749 74.982 75.107 74.047 73.822 73.874 73.852 73.149 72.972 72.782 73.699 75.057 73.949 74.112 75.657 73.249 72.207 72.287 74.162 73.799
87.314 87.212 87.064 86.862 86.602 86.239 85.867 85.407 84.922 84.579 84.224 83.757 83.369 82.934 82.562 82.229 82.132 81.577 81.099 80.869 80.422 80.204 80.502 80.692 79.947 79.972 79.759 79.787 80.582 81.967 80.872 81.984 81.679 81.612 82.054 82.187 82.037 82.049 80.167 79.872 79.612 79.607 78.432 77.902 77.392 77.062 77.179 76.717 75.797 75.439 75.019 74.802 74.444 74.059 73.799 73.684 73.677 74.302 73.484 72.852 72.634 72.969 72.732 72.804 72.534 72.237 72.302 72.279 72.022 74.049 74.164 73.954
87.239 87.097 86.917 86.634 86.319 85.932 85.512 85.089 84.677 84.307 83.882 83.464 83.049 82.652 82.294 82.399 81.484 81.084 80.714 80.407 80.162 80.002 80.387 80.777 79.702 79.637 79.622 79.732 79.959 80.697 81.234 81.749 81.674 81.774 82.189 82.054 82.102 82.544 82.622 80.549 81.364 78.917 78.192 77.699 77.394 78.717 77.037 77.519 75.569 75.132 74.702 74.497 74.207 73.794 73.604 73.437 73.247 73.687 73.117 72.377 72.124 72.944 71.862 71.954 71.869 71.779 71.677 72.144 71.694 71.702 74.497 75.209
87.164 86.959 86.702 86.397 86.037 85.632 85.212 84.827 84.399 83.982 83.527 83.122 82.732 82.314 81.904 81.702 81.089 80.734 80.404 80.159 79.914 79.747 79.904 80.392 79.534 79.472 79.552 79.952 80.189 80.644 81.717 81.742 81.699 82.104 82.192 82.437 81.074 81.647 81.319 80.129 79.577 78.559 78.159 77.662 77.152 77.487 76.544 78.262 76.327 74.964 74.399 74.167 74.129 73.904 73.564 73.129 72.784 72.694 72.662 72.154 71.817 71.554 71.547 71.724 71.644 71.507 71.369 71.247 71.129 71.157 71.889 73.154
86.972 86.764 86.482 86.132 85.714 85.372 84.904 84.504 84.077 83.639 83.207 82.862 82.384 81.944 81.862 82.117 80.767 80.459 81.012 81.462 79.769 79.587 79.449 79.402 79.437 79.367 79.599 79.922 80.279 81.009 83.747 83.539 81.929 82.222 82.077 81.577 80.637 80.034 79.634 79.267 78.804 78.394 78.054 77.589 77.064 76.719 76.419 76.582 76.254 74.647 74.129 73.877 73.742 74.187 73.314 72.789 72.449 72.597 72.479 72.004 71.639 71.449 71.359 71.427 71.342 71.917 71.937 71.812 71.282 70.762 70.677 70.559
86.762 86.899 86.212 85.942 85.592 85.209 84.599 84.187 83.769 83.287 82.857 82.944 82.024 81.617 81.287 80.929 80.464 80.194 87.489 89.337 80.177 79.379 79.372 79.252 79.304 80.609 79.804 80.812 80.802 81.237 82.482 81.699 82.034 82.102 81.689 80.959 80.397 79.984 79.654 79.224 78.739 78.327 77.917 77.499 77.042 76.449 75.864 75.314 74.839 74.414 73.999 73.714 73.607 73.264 72.867 72.524 72.247 72.142 72.102 71.949 71.497 71.229 71.092 71.099 71.074 71.147 71.729 72.667 70.884 70.402 70.262 70.177
86.632 86.822 86.367 85.649 85.947 84.992 84.249 83.829 83.694 83.139 82.559 82.067 81.652 81.259 80.932 80.502 80.132 79.839 82.542 87.179 82.417 79.197 79.149 79.224 79.449 84.069 79.852 81.162 81.317 83.474 85.962 81.762 82.142 81.914 81.177 80.769 80.329 79.999 79.722 79.244 78.787 78.292 77.792 77.439 76.944 76.377 75.789 75.264 74.734 74.332 73.952 73.649 73.442 73.244 72.722 72.472 72.137 71.944 71.869 72.104 72.354 71.237 70.902 70.864 70.879 70.792 71.572 70.589 70.239 70.092 69.987 69.867
86.514 86.104 85.664 85.577 84.684 84.297 83.914 83.417 83.022 82.564 82.162 81.687 81.304 80.909 80.574 80.164 79.814 79.594 80.117 80.879 80.649 78.987 78.992 79.077 79.339 85.234 79.674 80.262 81.242 81.524 81.579 82.202 82.427 81.517 81.034 80.729 80.407 79.992 79.602 79.307 78.842 78.347 77.757 77.309 76.837 76.382 75.852 75.252 74.709 74.254 73.862 73.624 73.282 73.294 72.554 72.337 72.039 71.784 71.644 71.574 71.234 70.949 70.669 70.562 70.602 70.577 70.489 70.292 70.087 69.942 69.764 69.592
85.927 85.917 85.509 84.752 84.332 83.894 83.517 83.087 82.687 82.232 81.752 81.357 81.309 80.559 80.194 79.824 79.547 79.332 79.287 79.162 79.057 78.892 78.852 78.917 79.029 79.344 80.104 80.724 81.429 81.449 81.922 82.467 82.454 81.527 81.122 80.734 80.362 80.014 79.637 79.142 78.732 78.322 77.759 77.237 76.769 76.387 75.887 75.312 74.719 74.209 73.827 73.594 73.077 72.629 72.454 72.209 71.992 71.694 71.489 71.409 71.357 70.984 70.562 70.402 70.322 70.369 70.219 70.124 71.487 70.972 69.462 69.327
85.582 85.174 84.804 84.394 83.987 84.102 83.292 82.724 82.302 81.837 81.382 80.972 80.654 80.189 79.829 79.499 79.292 79.099 78.992 78.832 78.842 78.874 78.842 78.979 78.994 79.427 81.392 81.954 81.287 81.514 82.677 82.379 81.879 81.379 81.077 80.677 80.354 79.984 79.637 79.057 78.574 78.189 77.617 77.264 76.722 76.299 75.927 75.457 74.797 74.232 73.787 73.549 73.122 72.489 72.297 72.147 71.892 71.629 71.387 71.192 71.289 70.914 70.484 70.282 70.039 69.949 69.937 69.932 71.119 69.739 70.427 70.439
85.212 84.792 84.432 84.039 83.604 83.174 82.752 82.319 81.857 81.494 81.054 80.632 80.202 79.804 79.442 79.192 78.992 78.862 78.769 78.909 78.907 78.994 78.992 79.212 79.142 79.862 80.747 81.019 81.112 81.677 82.529 81.952 81.637 81.327 81.084 80.754 81.342 79.824 80.037 79.117 78.542 78.057 77.529 77.187 76.787 76.362 76.054 75.907 74.912 74.339 73.832 73.552 73.199 72.504 72.127 72.029 71.802 71.624 71.312 71.052 70.997 70.932 70.522 70.129 69.869 69.707 69.697 69.652 69.587 69.347 71.412 71.594
84.812 84.419 84.032 83.662 83.237 82.814 82.382 81.979 81.564 81.174 80.779 80.297 79.832 79.442 79.117 79.017 78.744 78.567 78.624 78.904 78.897 79.282 78.442 78.749 79.434 80.352 80.677 80.794 81.357 82.134 82.554 81.917 81.624 81.664 80.979 81.362 82.622 81.237 81.349 80.422 78.747 78.009 77.462 77.162 76.759 77.414 80.019 79.217 76.102 74.519 73.957 73.564 73.284 72.507 72.037 71.784 71.632 71.529 71.337 71.037 70.867 70.804 70.639 70.034 69.757 69.542 69.449 69.397 69.312 69.134 70.119 69.662
84.437 84.099 83.684 83.269 83.519 82.454 82.027 81.682 81.217 80.802 80.427 79.902 79.482 79.107 78.799 79.414 78.447 78.334 78.487 78.239 77.902 78.014 78.044 78.792 79.667 80.294 80.429 80.579 81.569 81.792 81.952 83.359 82.259 81.662 81.437 80.532 80.004 79.669 80.079 79.777 79.094 78.752 77.587 77.759 76.722 76.344 76.219 76.949 75.717 74.554 74.044 73.552 73.344 72.627 72.049 71.714 71.492 71.459 71.314 71.044 70.724 70.577 70.574 70.102 70.179 71.184 69.272 69.137 69.134 69.002 68.832 68.562
84.147 83.769 83.419 83.017 82.554 82.122 81.659 81.317 80.909 80.432 79.984 79.527 79.137 78.849 78.534 78.304 78.189 78.239 78.439 78.117 78.139 77.807 78.612 78.657 79.599 80.074 80.174 80.402 81.282 81.737 81.454 83.117 81.022 80.654 81.027 80.504 79.837 79.517 80.419 79.732 79.482 78.169 77.579 77.304 77.219 76.187 75.909 75.469 75.014 74.462 74.042 73.624 73.377 72.712 72.074 71.737 71.412 71.279 71.202 71.012 70.692 70.462 70.337 70.212 69.804 69.507 69.067 68.897 68.902 68.834 68.669 68.454
83.909 83.594 83.217 82.869 82.367 81.827 81.352 80.917 80.427 80.012 79.587 79.159 78.782 78.489 78.219 78.097 78.097 78.152 78.042 77.979 78.062 77.789 79.777 79.242 79.642 79.787 79.952 80.274 80.849 81.357 82.432 81.677 80.222 81.289 81.512 80.567 80.199 80.854 80.302 80.937 80.759 79.314 77.414 77.104 77.234 76.749 75.767 75.352 74.942 74.442 74.037 73.612 73.394 72.909 72.187 71.734 71.364 71.214 71.059 70.852 70.642 70.429 70.169 70.117 69.869 69.252 69.007 68.992 68.719 68.802 68.587 68.369
83.699 83.444 83.179 82.769 82.229 81.637 81.094 80.589 80.099 79.584 79.194 78.769 78.432 78.204 77.972 78.104 78.139 78.594 77.924 77.857 77.594 78.017 79.497 79.522 79.407 79.537 79.689 79.934 79.902 80.442 79.029 79.107 79.807 80.782 79.142 80.494 79.812 82.039 81.122 79.484 79.539 78.272 77.424 76.889 76.894 77.019 75.677 75.219 74.964 74.532 73.957 73.529 73.419 73.149 72.309 71.762 71.392 71.114 70.827 70.737 70.564 70.339 70.037 69.884 69.969 69.594 69.009 69.024 68.542 68.899 68.724 68.337
83.582 83.547 83.229 82.597 81.944 81.262 80.712 80.229 79.827 79.247 78.832 78.364 78.067 77.862 77.754 79.497 78.752 78.609 77.912 77.682 77.507 78.124 79.712 79.019 79.124 79.284 79.487 79.602 79.174 78.564 78.567 78.617 79.159 78.707 78.254 78.864 78.822 79.239 79.652 78.317 78.012 77.702 77.262 76.692 76.552 75.884 75.519 75.062 74.742 74.447 73.937 73.902 73.637 73.192 72.642 71.789 71.429 71.004 70.594 70.632 70.459 70.272 70.012 69.834 70.357 71.732 69.582 68.809 68.419 68.792 68.472 68.264
83.289 83.224 83.897 82.269 81.542 80.872 80.332 79.844 79.334 78.924 78.522 78.037 77.767 77.642 77.622 77.644 77.724 77.539 77.692 77.552 77.664 78.427 78.729 78.749 78.877 79.127 79.179 78.834 78.364 78.099 77.919 79.302 80.137 80.627 78.442 78.387 82.384 79.492 78.919 78.564 77.727 77.394 77.099 76.627 76.052 75.779 75.617 75.509 74.592 74.149 73.787 73.582 74.637 75.129 73.402 71.942 71.542 70.959 70.934 72.117 70.592 70.122 69.969 69.827 70.092 70.847 69.592 68.942 68.459 68.822 68.729 68.454
82.792 82.362 82.029 81.452 81.022 80.502 79.967 79.412 78.914 78.507 78.079 77.732 77.494 77.484 77.729 77.687 77.397 77.347 77.259 77.389 78.009 78.432 78.452 78.532 78.632 78.789 78.532 78.024 77.764 77.619 77.562 77.802 79.809 79.899 79.377 78.667 79.342 80.474 78.802 80.859 77.814 77.059 76.654 76.347 75.942 75.489 75.209 75.082 74.402 73.982 74.827 75.167 73.964 73.907 74.259 73.032 71.747 71.127 71.362 72.112 70.059 69.974 69.987 69.749 69.507 69.567 69.707 69.879 69.292 69.179 68.254 68.152
81.729 81.454 81.262 80.989 80.652 80.164 79.599 79.027 78.549 78.107 77.744 77.574 77.392 77.322 77.482 77.952 77.127 77.107 77.057 77.617 78.129 78.192 78.204 78.309 78.417 78.267 77.769 77.572 77.464 77.369 77.782 78.449 77.817 77.127 78.279 77.124 77.059 77.729 77.292 76.887 77.209 77.242 76.519 77.177 76.124 75.362 74.977 74.739 74.272 74.644 75.699 75.154 73.422 73.632 74.094 72.422 71.764 71.249 70.729 70.342 69.879 70.252 71.557 70.477 69.434 69.884 69.452 68.999 68.744 68.134 67.912 67.649
81.199 80.977 81.384 80.647 80.204 79.689 79.159 78.737 78.192 77.784 77.512 77.309 77.222 77.442 77.222 76.987 76.929 76.869 77.129 77.749 77.879 77.909 77.962 78.117 78.147 77.762 77.762 77.989 77.924 78.302 76.829 77.764 77.129 77.707 76.702 77.517 77.087 76.504 76.282 76.359 76.352 76.269 76.089 76.229 75.529 75.154 74.944 74.359 74.162 76.542 74.789 73.357 73.124 72.669 72.574 71.994 71.672 71.369 70.899 70.337 69.887 70.067 72.027 70.489 69.589 69.067 68.847 68.937 68.619 69.704 67.649 67.522
80.932 80.634 80.567 80.294 79.774 79.269 78.724 78.242 77.782 77.454 77.199 76.979 77.044 77.219 76.872 76.842 77.049 77.002 77.264 77.607 77.639 77.679 77.814 77.997 77.954 78.104 77.547 78.377 79.094 80.257 77.064 76.887 77.399 76.532 76.322 76.282 76.409 76.369 75.849 75.852 75.882 75.844 75.622 75.669 75.322 74.827 74.682 74.292 73.932 74.199 74.092 73.442 72.914 72.502 72.247 71.944 71.567 71.282 70.977 70.622 70.164 71.274 70.067 70.364 69.137 69.127 69.242 70.557 68.242 67.917 67.602 67.614
