data/LIDAR-DSM-2M-NZ24se/nz2740_DSM_2M.asc
ncols 500
nrows 500
xllcorner    427000
yllcorner    540000
cellsize     2
NODATA_value -9999
[rows 256 to 287 of 500, columns 284 to 354 of 500]
68.283 62.173 61.35 70.988 70.31 68.863 66.611 65.764 64.709 61.451 55.416 49.931 47.538 49.243 50.693 44.683 45.101 42.991 42.913 42.788 42.673 42.551 42.458 42.421 42.315 42.286 42.256 42.236 42.182 42.113 42.073 42.009 41.946 41.888 41.813 41.784 41.748 41.708 41.656 41.596 41.553 41.513 41.438 41.407 41.396 41.353 41.351 41.293 41.223 41.173 41.113 41.087 41.008 40.998 40.968 40.923 40.885 40.755 40.691 40.683 40.588 40.596 40.574 40.556 40.488 40.513 40.463 40.466 40.463 40.478 40.466
69.511 65.881 55.216 62.158 69.925 63.831 58.833 55.989 66.103 64.016 57.603 56.906 53.803 53.018 52.128 52.793 50.806 47.008 42.838 42.746 42.654 42.494 42.421 42.323 42.215 42.176 42.126 42.121 42.091 42.063 41.976 41.918 41.883 41.814 41.786 41.716 41.68 41.618 41.588 41.578 41.513 41.469 41.401 41.396 41.364 41.356 41.308 41.244 41.166 41.133 41.073 41.012 40.966 40.97 40.921 40.886 40.853 40.781 40.678 40.585 40.574 40.543 40.541 40.491 40.481 40.466 40.469 40.416 40.445 40.451 40.426
70.942 62.903 67.256 70.06 68.492 56.968 52.125 52.482 53.698 54.461 51.739 57.175 61.836 53.923 53.228 57.011 52.823 50.966 46.69 42.683 42.601 42.468 42.356 42.301 42.146 42.099 42.031 42.018 42.013 41.978 41.921 41.871 41.833 41.783 41.728 41.701 41.651 41.613 41.558 41.531 41.478 41.415 41.401 41.351 41.328 41.273 41.251 41.219 41.121 41.088 41.043 40.978 40.943 40.931 40.898 40.849 40.798 40.723 40.678 40.603 40.569 40.527 40.533 40.481 40.463 40.427 40.423 40.435 40.405 40.409 40.397
69.048 67.789 66.306 67.52 70.372 55.976 58.991 49.376 52.022 50.334 44.684 62.503 65.843 64.133 59.287 58.274 55.348 50.487 51.801 49.536 42.558 43.591 42.342 42.238 42.123 42.001 41.943 41.946 41.923 41.881 41.846 41.838 41.803 41.736 41.68 41.651 41.626 41.561 41.543 41.511 41.473 41.383 41.359 41.313 41.233 41.214 41.166 41.151 41.099 41.047 40.978 40.943 40.929 40.868 40.829 40.805 40.734 40.684 40.626 40.585 40.549 40.509 40.496 40.458 40.424 40.416 40.398 40.393 40.404 40.393 40.409
69.593 69.023 67.844 69.271 70.693 68.941 67.591 53.228 48.988 43.338 43.201 60.444 66.288 63.648 60.131 61.711 60.213 55.737 57.746 51.951 45.641 43.819 42.333 42.198 42.081 41.943 41.916 41.921 41.868 41.848 41.818 41.793 41.741 41.678 41.657 41.638 41.583 41.536 41.49 41.441 41.398 41.366 41.311 41.271 41.218 41.173 41.13 41.103 41.044 40.993 40.939 40.951 40.884 40.82 40.823 40.751 40.691 40.653 40.592 40.52 40.519 40.483 40.474 40.459 40.431 40.4 40.383 40.364 40.384 40.361 40.395
69.813 61.608 65.027 68.284 69.801 68.851 66.668 52.561 43.323 43.251 48.383 65.057 66.083 63.101 59.658 56.806 61.345 60.381 58.963 54.518 48.997 42.326 42.226 42.191 42.039 41.901 41.838 41.848 41.808 41.828 41.763 41.719 41.691 41.656 41.611 41.561 41.526 41.481 41.436 41.403 41.373 41.296 41.245 41.216 41.164 41.148 41.083 41.043 41.018 40.961 40.906 40.883 40.838 40.744 40.743 40.728 40.682 40.626 40.58 40.526 40.498 40.413 40.433 40.426 40.425 40.356 40.361 40.357 40.343 40.348 40.339
70.321 69.536 68.554 70.377 70.741 69.905 67.743 58.123 48.791 48.793 49.756 49.005 55.854 63.763 59.091 64.876 63.498 61.033 58.248 52.835 45.575 47.731 44.239 42.108 42.003 41.891 41.836 41.798 41.783 41.736 41.718 41.676 41.629 41.608 41.553 41.513 41.486 41.423 41.398 41.364 41.311 41.238 41.181 41.143 41.102 41.083 41.033 41.006 40.973 40.908 40.881 40.826 40.785 40.738 40.717 40.653 40.613 40.576 40.531 40.493 40.424 40.419 40.437 40.379 40.371 40.341 40.326 40.32 40.341 40.33 40.323
70.421 70.279 70.416 70.523 70.608 70.041 67.998 60.251 47.066 49.741 53.581 42.693 51.836 52.883 62.35 58.923 62.328 60.689 56.121 52.678 47.401 49.344 45.776 42.016 41.959 41.896 41.796 41.757 41.746 41.676 41.656 41.611 41.566 41.533 41.528 41.458 41.407 41.346 41.333 41.266 41.214 41.193 41.131 41.098 41.046 41.013 40.971 40.936 40.894 40.878 40.866 40.816 40.737 40.726 40.633 40.611 40.561 40.526 40.488 40.457 40.445 40.412 40.398 40.381 40.351 40.305 40.311 40.333 40.293 40.315 40.321
70.218 61.663 59.46 70.055 70.456 69.312 67.473 59.198 42.851 42.843 46.951 49.048 59.472 58.764 62.175 61.793 59.579 59.923 55.281 51.279 49.708 49.083 46.411 42.376 42.178 42.278 41.784 41.946 42.19 41.623 41.55 41.516 41.519 41.478 41.454 41.403 41.356 41.289 41.248 41.191 41.173 41.083 41.034 41.009 40.981 40.91 40.905 40.866 40.833 40.814 40.746 40.738 40.693 40.643 40.606 40.582 40.493 40.458 40.45 40.375 40.369 40.345 40.363 40.341 40.303 40.274 40.277 40.248 40.275 40.284 40.303
69.829 69.876 69.915 68.217 69.138 67.268 64.661 55.978 51.285 52.846 52.57 48.082 53.032 57.433 53.227 53.563 57.476 57.713 50.603 49.805 49.532 48.348 45.921 44.883 44.436 42.823 42.286 43.027 41.746 43.715 41.553 41.456 41.471 41.412 41.363 41.331 41.251 41.213 41.194 41.131 41.063 41.011 40.981 40.953 40.919 40.868 40.844 40.783 40.803 40.738 40.691 40.643 40.606 40.551 40.529 40.506 40.473 40.408 40.368 40.315 40.299 40.299 40.253 40.258 40.241 40.25 40.236 40.221 40.238 40.248 40.269
68.736 66.291 62.153 67.678 67.678 63.031 58.671 46.266 42.658 44.101 47.381 43.548 53.967 51.199 55.063 47.858 56.653 53.993 50.05 49.245 48.191 44.455 44.511 45.73 43.249 42.553 44.2 48.073 45.711 43.421 46.881 43.165 41.481 43.316 42.441 41.358 41.153 41.147 41.108 41.041 41.001 40.959 40.874 40.854 40.823 40.783 40.781 40.731 40.713 40.673 40.602 40.566 40.556 40.513 40.436 40.411 40.409 40.348 40.273 40.274 40.268 40.226 40.201 40.169 40.204 40.183 40.178 40.188 40.187 40.178 40.238
67.498 67.466 62.598 65.468 60.551 56.205 57.791 45.13 45.791 53.161 53.392 60.481 57.071 53.776 54.65 54.966 50.531 46.651 46.936 46.643 45.831 42.149 42.225 44.186 43.131 41.819 44.463 48.573 46.801 41.869 44.956 44.983 42.996 43.799 44.141 43.263 41.613 41.121 41.108 40.953 40.955 40.853 40.803 40.773 40.756 40.691 40.653 40.628 40.618 40.542 40.509 40.478 40.456 40.433 40.372 40.344 40.333 40.261 40.211 40.216 40.183 40.167 40.129 40.137 40.136 40.097 40.129 40.14 40.132 40.166 40.219
62.342 61.942 59.299 61.612 53.196 61.084 62.173 57.81 58.181 58.723 57.379 57.444 52.305 49.373 47.254 49.188 50.727 48.212 43.089 42.146 41.856 42.058 42.033 42.032 41.751 42.046 42.211 43.415 42.063 41.426 42.607 44.611 42.673 44.016 44.693 42.054 42.036 42.036 41.978 42.346 40.974 41.221 42.883 40.785 42.361 40.603 40.587 40.513 40.469 40.481 40.391 40.403 40.368 40.328 40.306 40.263 40.221 40.206 40.163 40.129 40.088 40.091 40.071 40.045 40.055 40.029 40.052 40.071 40.081 40.14 40.133
48.151 47.58 47.353 51.242 50.611 56.011 60.862 60.646 55.601 57.783 56.458 52.561 50.141 44.888 44.001 42.703 44.623 42.956 41.913 41.891 41.878 41.926 41.998 42.03 41.793 41.461 43.534 41.873 42.198 43.536 42.491 43.068 42.321 42.648 46.083 42.876 43.248 43.198 41.928 42.361 41.993 41.973 43.87 44.844 45.151 42.481 40.628 40.881 40.649 41.893 40.321 40.505 40.296 40.248 40.383 40.16 40.134 40.136 40.107 40.053 40.01 39.991 39.988 39.987 39.973 40.018 39.968 39.999 40.041 40.072 40.088
47.771 52.219 62.281 57.021 58.228 50.28 59.131 59.355 56.333 54.916 54.903 54.146 50.393 46.498 41.978 41.953 41.871 41.813 41.801 41.765 41.643 41.706 42.026 42.843 42.641 42.661 42.318 41.601 42.263 42.828 41.711 42.043 43.231 42.472 45.008 43.521 43.51 43.338 42.398 43.151 43.058 42.039 41.816 43.556 45.506 43.526 42.966 42.589 41.858 42.141 41.453 43.318 42.919 42.373 43.218 40.836 41.903 40.029 39.996 39.956 39.911 39.903 39.901 39.883 39.886 39.906 39.935 39.97 39.995 39.987 40.013
46.426 63.619 59.566 59.416 52.993 44.089 51.32 55.596 50.366 49.934 50.193 49.514 45.47 44.651 41.876 41.893 41.833 41.801 41.758 41.956 41.673 42.158 43.428 42.837 42.461 42.243 42.146 42.276 42.673 43.398 42.301 41.973 42.188 41.345 41.886 42.768 43.376 42.568 42.881 42.626 42.148 42.016 42.238 44.329 45.078 42.838 42.036 42.211 42.605 42.001 41.831 43.068 42.543 44.032 44.809 42.948 43.733 42.428 41.958 40.388 39.853 39.825 39.841 39.823 39.851 39.836 39.876 39.911 39.919 39.966 39.971
49.793 58.451 58.283 63.266 58.518 50.893 56.871 58.266 55.216 42.288 42.116 42.828 42.006 41.956 41.773 41.751 41.641 42.373 41.664 41.904 42.858 42.568 42.543 41.751 42.863 41.726 42.173 42.634 42.131 42.88 42.858 43.073 42.642 42.188 42.015 42.946 42.248 41.598 42.376 43.006 43.078 40.699 42.956 41.943 42.646 41.421 41.518 42.398 42.223 42.376 42.222 42.451 43.033 42.878 43.34 42.666 42.053 42.895 43.338 43.066 40.958 40.316 39.801 39.749 39.783 39.79 40.047 39.836 39.848 39.858 39.906
57.481 59.615 61.359 60.875 56.446 60.498 59.914 53.857 48.668 42.298 42.083 41.951 41.891 41.811 41.661 42.093 42.613 42.911 41.761 42.118 42.028 42.158 41.533 41.903 42.695 41.698 43.238 43.503 42.783 42.006 41.336 42.286 41.689 41.206 41.415 41.934 41.853 42.158 42.051 42.847 42.031 41.416 41.711 42.468 42.246 42.45 41.176 42.303 41.703 42.368 44.653 44.283 43.659 43.616 42.206 41.513 42.111 42.774 43.29 43.131 42.63 42.253 42.421 40.568 39.796 41.192 42.298 39.831 39.788 39.951 39.839
49.716 57.76 59.533 58.046 61.916 63.278 57.756 58.428 49.643 42.136 42.014 41.948 41.816 41.659 41.583 42.616 42.514 42.704 41.538 42.23 42.026 42.345 42.063 41.658 41.973 42.241 42.444 42.558 41.518 41.871 41.857 42.008 41.928 41.728 41.408 41.588 42.166 41.678 42.053 43.023 42.408 43.141 41.593 42.377 42.221 42.816 41.974 41.843 41.612 42.111 43.97 44.633 41.788 43.343 42.43 41.305 41.958 42.091 42.091 42.429 42.916 42.668 42.271 41.853 41.348 42.623 42.747 41.243 41.206 40.763 40.46
46.133 49.453 58.121 61.778 59.063 59.643 56.936 52.652 42.208 42.148 42.056 41.931 41.661 41.724 42.525 42.841 42.096 42.558 41.413 41.761 41.924 41.731 42.596 41.936 43.314 43.133 41.763 41.706 41.068 41.958 42.816 42.263 42.463 42.228 40.661 41.096 42.138 41.083 41.521 41.023 40.79 41.926 42.381 42.135 42.058 42.628 42.033 41.821 40.508 40.991 43.468 42.851 42.721 43.118 41.481 41.116 41.298 40.561 41.559 42.576 42.58 41.888 41.671 41.135 41.928 41.391 40.993 40.991 41.286 42.107 41.107
69.186 51.121 53.605 57.556 58.973 58.086 46.972 42.275 42.166 41.993 42.039 41.894 41.673 41.648 41.418 41.323 41.648 43.253 42.091 42.079 42.426 41.763 42.613 41.111 41.731 41.368 41.473 41.908 40.864 41.096 41.085 41.47 41.748 42.178 40.823 41.459 42.633 42.326 42.763 41.209 41.701 41.873 41.626 41.85 42.463 42.282 41.243 41.588 41.941 41.416 41.229 42.145 41.711 41.746 41.508 42.037 41.319 40.941 42.283 41.653 41.24 41.456 41.708 41.171 42.031 41.378 42.237 41.518 40.454 40.983 41.168
54.436 55.305 58.442 59.326 56.863 52.122 47.073 42.314 42.179 41.911 41.838 41.696 41.786 41.524 41.368 41.706 42.356 42.103 42.906 42.156 42.949 41.763 41.076 41.05 41.108 41.053 40.941 40.911 41.813 41.273 41.398 41.964 41.191 41.488 40.986 41.081 41.928 42.418 41.231 41.011 42.153 41.811 41.911 42.286 42.084 41.834 41.961 42.106 41.426 41.866 41.718 42.016 41.926 41.618 41.218 41.873 42.054 42.261 41.226 40.686 41.683 41.906 42.003 42.041 42.022 41.597 41.618 41.738 41.756 41.205 41.558
57.901 53.764 50.288 52.62 45.893 42.938 45.023 42.368 41.966 41.833 41.816 42.026 43.428 44.288 41.473 41.531 42.036 42.023 42.363 41.876 41.798 41.493 41.063 42.116 40.948 40.866 41.749 41.221 41.586 42.48 41.513 41.051 42.283 42.178 42.458 41.954 42.011 41.596 41.273 41.801 42.211 41.701 40.701 41.549 42.131 41.551 41.844 42.126 41.776 41.433 40.672 41.336 41.858 41.928 41.484 41.473 42.065 42.113 42.02 41.276 41.545 40.753 41.343 40.388 42.028 41.566 40.506 40.901 41.591 42.041 40.39
56.767 56.461 57.406 51.526 45.003 44.864 42.876 43.238 42.141 41.826 41.731 41.72 42.074 43.217 41.868 42.888 42.758 42.648 41.859 41.911 41.661 42.483 41.371 41.341 40.926 41.098 41.926 42.508 41.981 42.109 43.023 42.088 41.976 41.96 41.433 41.771 41.346 42.073 41.771 41.693 42.063 41.393 42.318 42.303 41.603 41.533 41.462 41.426 41.353 41.974 41.991 42.143 42.163 42.509 41.952 42.033 41.776 41.786 41.716 41.316 40.186 41.562 41.648 42.331 41.956 41.948 41.541 40.564 40.528 41.454 41.509
53.827 58.623 57.318 53.903 49.341 42.866 42.791 42.723 42.301 41.813 41.763 41.685 41.978 42.426 42.348 43.071 42.359 42.329 41.508 42.176 41.148 42.136 41.226 41.163 40.928 41.353 42.761 42.258 43.06 42.283 41.932 41.908 42.268 40.817 41.044 42.023 41.892 42.801 42.716 42.437 42.475 41.812 42.038 41.046 41.154 40.259 41.211 41.11 41.811 41.861 41.558 42.341 41.46 41.058 41.79 42.098 42.003 41.746 41.591 41.802 41.601 41.795 41.739 42.154 41.566 40.346 41.749 40.468 41.081 40.774 41.743
60.896 59.714 57.251 53.666 50.161 43.123 42.562 42.516 42.031 41.831 41.788 41.854 41.949 42.593 42.487 42.978 41.768 42.412 42.494 42.221 41.946 41.556 41.828 42.728 42.383 41.843 42.528 41.856 42.893 41.801 41.811 42.052 41.823 41.153 40.794 41.963 41.801 41.718 41.848 41.931 41.056 41.306 42.686 41.801 42.053 41.736 42.068 42.161 40.633 41.153 40.951 41.529 41.179 41.703 41.691 40.861 42.043 42.511 41.882 41.649 41.221 41.941 41.427 42.008 40.735 40.218 41.511 41.608 40.868 40.475 41.755
61.361 60.228 56.771 54.037 52.816 43.623 42.389 41.992 41.873 41.748 41.696 41.756 41.953 42.737 42.671 42.173 41.971 42.438 42.453 43.521 42.578 41.178 41.765 42.576 42.513 42.468 41.841 41.828 42.053 42.606 41.871 42.108 41.931 41.231 41.003 41.723 41.168 41.293 42.246 41.371 41.704 42.888 42.379 42.568 41.596 41.806 41.456 42.024 41.822 41.767 40.749 41.309 41.084 42.088 41.456 41.331 42.131 41.556 41.253 40.343 40.45 40.894 42.026 41.261 41.057 41.17 41.356 40.851 40.801 41.124 41.603
61.708 59.55 56.453 54.263 51.613 42.318 42.178 41.961 41.766 41.693 41.538 41.676 41.886 41.791 42.65 41.383 42.465 42.198 41.086 42.408 43.988 41.696 41.786 41.843 43.133 42.588 42.053 42.561 42.333 42.923 42.941 42.981 42.541 42.333 41.406 41.548 42.796 42.676 41.711 41.721 41.813 41.938 43.033 41.056 40.753 41.008 42.203 42.253 42.171 40.667 41.273 41.573 41.658 41.606 40.678 41.286 41.256 41.439 41.393 41.043 40.41 40.272 41.212 41.45 41.583 41.616 41.538 41.848 41.563 41.125 40.296
60.467 59.439 58.443 55.43 52.388 45.108 42.306 41.958 41.753 41.608 41.503 41.406 41.581 41.553 42.613 42.501 41.918 41.416 41.183 41.098 42.033 41.673 42.211 42.021 41.776 42.705 41.598 42.176 42.188 41.626 42.876 41.653 42.288 41.718 40.758 41.273 40.926 42.243 41.661 41.521 42.379 42.706 42.216 41.318 42.171 40.276 40.314 41.433 41.709 42.183 42.18 42.173 42.144 41.471 40.736 40.898 41.698 41.671 41.185 41.361 41.576 41.095 41.877 40.842 41.358 40.484 40.371 41.161 42.015 41.188 41.609
58.91 60.434 58.801 56.565 54.768 46.029 42.096 41.848 41.704 41.573 41.401 41.336 41.323 41.603 42.898 41.738 42.468 41.409 41.558 41.336 41.518 41.271 41.511 42.476 42.258 41.81 40.991 40.971 41.516 42.345 41.936 40.931 41.131 41.523 42.778 43.586 43.112 42.753 42.168 41.026 42.358 42.093 41.796 41.451 40.576 41.518 42.056 42.101 41.131 41.843 40.978 41.076 40.648 41.978 41.654 41.098 41.783 41.998 41.628 40.688 40.738 40.616 40.861 40.389 41.668 40.978 39.868 41.706 41.548 41.476 41.686
55.227 63.583 60.288 56.388 52.028 42.639 42.043 41.888 41.833 41.596 41.518 41.323 41.366 41.85 42.027 42.411 42.736 42.448 42.693 41.441 41.432 41.486 42.361 42.306 42.278 42.261 42.223 41.921 41.02 42.366 41.971 40.804 41.078 42.061 43.583 42.363 43.228 42.796 41.108 41.696 41.611 41.583 40.88 41.221 41.976 40.733 40.702 41.441 40.988 41.038 41.833 41.503 40.359 40.061 41.873 41.356 41.711 41.632 41.303 40.977 40.737 40.496 41.228 40.891 41.288 40.587 40.431 41.083 41.463 41.625 41.431
60.97 62.174 61.637 57.228 51.238 42.576 41.999 41.976 41.796 41.579 41.508 41.266 41.258 41.481 41.581 42.25 42.621 42.681 42.343 41.303 42.231 41.724 42.361 41.712 42.008 42.063 41.217 41.511 41.908 42.923 41.268 41.643 42.143 41.676 41.789 41.753 42.388 40.636 41.206 42.118 41.098 41.151 40.488 42.078 40.903 41.378 41.949 42.074 41.996 41.523 42.108 41.041 40.557 41.578 41.118 41.041 40.853 40.766 41.561 41.033 41.15 39.846 41.099 41.171 41.244 41.186 40.968 41.486 41.177 41.012 41.023
