data/LIDAR-DSM-2M-NZ24se/nz2843_DSM_2M.asc
ncols 500
nrows 500
xllcorner    428000
yllcorner    543000
cellsize     2
NODATA_value -9999
[rows 256 to 287 of 500, columns 0 to 71 of 500]
30.493 30.48 30.48 30.468 30.46 30.468 30.473 30.483 30.46 30.435 30.468 30.443 30.443 30.505 30.515 30.538 30.548 30.568 30.573 30.64 30.68 30.67 30.653 30.588 30.55 30.478 30.438 30.424 30.359 30.434 30.693 29.86 29.91 30.017 29.906 29.923 29.844 29.363 29.393 29.449 30.077 28.061 28.291 27.258 25.808 25.715 25.702 25.681 25.717 25.723 25.774 25.716 25.72 25.755 25.75 26.445 26.745 26.478 27.268 27.869 28.546 29.104 29.517 29.78 29.857 29.879 29.988 30.182 30.182 30.224 30.288 30.303
30.48 30.473 30.473 30.488 30.48 30.498 30.49 30.5 30.475 30.485 30.488 30.485 30.498 30.523 30.528 30.518 30.54 30.573 30.64 30.648 30.66 30.658 30.59 30.54 30.488 30.473 30.445 30.391 30.344 30.45 30.265 29.788 30.057 30.054 30.086 29.671 29.625 29.479 29.505 29.306 29.433 29.618 29.869 28.06 26.045 25.735 25.713 25.705 25.717 25.697 25.702 25.708 25.732 25.708 25.72 26.02 26.445 26.339 26.866 27.745 28.424 29.643 29.445 29.788 29.845 29.888 29.979 30.153 30.171 30.22 30.273 30.279
30.46 30.478 30.48 30.493 30.513 30.51 30.5 30.5 30.493 30.47 30.5 30.5 30.52 30.53 30.525 30.538 30.573 30.598 30.638 30.655 30.668 30.64 30.57 30.49 30.44 30.435 30.405 30.339 30.407 30.571 29.708 29.424 29.555 29.687 29.661 29.584 29.457 29.292 29.22 29.36 30.182 30.815 30.881 28.496 26.56 25.812 25.714 25.723 25.704 25.683 25.646 25.763 25.742 25.708 25.78 25.745 25.844 26.038 26.319 27.379 28.893 31.037 30.33 29.697 29.827 29.879 29.984 30.13 30.18 30.203 30.265 30.257
30.445 30.428 30.475 30.48 30.498 30.5 30.52 30.523 30.503 30.5 30.515 30.523 30.515 30.53 30.533 30.558 30.56 30.603 30.623 30.655 30.685 30.588 30.525 30.473 30.433 30.385 30.35 30.281 30.512 29.901 29.379 29.558 29.462 29.576 29.423 29.446 29.327 29.04 29.299 29.569 30.989 30.999 30.92 29.311 27.908 26.207 25.716 25.708 25.682 25.699 25.692 25.728 25.746 25.754 25.813 25.731 25.743 25.899 26.295 27.205 28.685 31.206 29.987 29.59 29.792 29.889 29.979 30.069 30.187 30.194 30.245 30.261
30.425 30.435 30.458 30.515 30.54 30.488 30.508 30.493 30.503 30.488 30.533 30.555 30.548 30.515 30.558 30.56 30.575 30.655 30.653 30.675 30.618 30.538 30.48 30.42 30.408 30.368 30.248 30.39 29.972 29.323 29.362 29.523 29.587 29.574 29.493 29.403 29.281 29.014 29.193 29.387 29.945 30.215 30.213 30.211 29.699 26.94 25.725 25.649 25.694 25.69 25.739 25.719 25.738 25.748 25.749 25.753 25.759 25.813 26.219 27.013 28.426 29.486 29.361 29.507 29.841 29.869 29.981 30.037 30.163 30.188 30.209 30.228
30.443 30.453 30.488 30.53 30.495 30.538 30.523 30.535 30.52 30.545 30.568 30.553 30.56 30.558 30.573 30.6 30.613 30.623 30.67 30.62 30.583 30.495 30.438 30.43 30.395 30.273 30.258 30.058 29.4 29.283 29.305 29.368 29.492 29.514 29.346 29.226 29.172 29.146 29.202 29.336 29.402 29.144 28.953 29.761 29.823 27.183 25.723 25.707 25.691 25.679 25.724 25.704 25.678 25.716 25.72 25.75 25.8 25.811 26.056 26.718 27.651 28.46 29.163 29.462 29.773 29.873 29.959 30.028 30.122 30.166 30.16 30.181
30.433 30.443 30.495 30.515 30.465 30.503 30.495 30.53 30.535 30.565 30.583 30.608 30.578 30.6 30.6 30.605 30.628 30.685 30.683 30.598 30.53 30.463 30.428 30.408 30.32 30.223 30.308 29.338 29.14 29.209 29.289 29.17 29.258 29.347 29.222 29.201 29.086 29.197 29.151 29.225 29.396 29.05 27.517 27.708 28.404 26.697 25.704 25.752 25.767 25.761 25.701 25.691 25.691 25.763 25.743 25.745 25.75 25.834 25.998 26.399 27.299 28.011 29.023 29.298 29.713 29.872 29.974 30.04 30.106 30.175 30.141 30.145
30.425 30.458 30.49 30.515 30.518 30.48 30.543 30.563 30.548 30.608 30.63 30.615 30.603 30.598 30.628 30.638 30.663 30.683 30.658 30.588 30.493 30.408 30.383 30.37 30.228 30.34 29.708 29.033 29.433 29.145 29.128 28.999 29.064 29.153 29.08 29.3 29.007 28.875 29.272 29.398 29.42 29.367 28.735 26.673 26.234 25.907 25.678 25.705 25.762 25.76 25.772 25.729 25.672 25.695 25.702 25.73 25.708 25.67 25.942 26.252 27.086 27.758 28.551 29.129 29.628 29.923 29.958 30.024 30.116 30.18 30.157 30.138
30.413 30.478 30.518 30.505 30.51 30.528 30.525 30.53 30.593 30.603 30.628 30.603 30.613 30.643 30.625 30.653 30.675 30.665 30.623 30.545 30.45 30.408 30.383 30.293 30.27 30.25 29.15 28.96 29.065 28.965 29.019 28.939 28.973 29.091 29.181 29.014 28.806 28.894 29.086 29.409 29.404 29.425 29.285 27.43 26.053 26.008 25.739 25.701 25.761 25.766 25.757 25.76 25.701 25.716 25.733 25.743 25.695 25.76 25.735 26.179 26.691 27.577 28.409 29.011 29.515 29.878 29.961 30.01 30.083 30.135 30.184 30.146
30.455 30.523 30.51 30.503 30.518 30.558 30.53 30.558 30.615 30.62 30.635 30.625 30.635 30.655 30.66 30.678 30.675 30.653 30.588 30.483 30.413 30.358 30.35 30.24 30.603 31.078 30.548 28.953 28.943 28.9 28.98 28.965 28.882 28.93 28.879 28.996 28.851 28.93 29.126 29.478 29.527 29.694 29.728 28.134 27.21 27.595 25.808 25.713 25.749 25.76 25.722 25.701 25.742 25.726 25.745 25.731 25.713 25.685 25.663 25.916 26.556 27.17 28.13 28.89 29.351 29.829 29.976 30.023 30.087 30.115 30.171 30.128
30.473 30.533 30.53 30.515 30.533 30.548 30.533 30.59 30.615 30.665 30.633 30.61 30.643 30.673 30.68 30.7 30.655 30.618 30.515 30.445 30.385 30.345 30.29 30.385 30.718 30 29.003 28.94 28.86 28.855 28.855 28.94 28.981 28.937 29.049 29.144 29.072 29.252 29.526 29.621 29.267 29.347 29.733 29.189 29.025 28.094 -9999 -9999 25.743 25.744 25.698 25.708 25.717 25.74 25.7 25.705 25.688 25.695 25.678 25.856 26.305 26.809 27.862 28.809 29.222 29.695 30.011 30.042 30.081 30.102 30.151 30.12
30.528 30.535 30.55 30.53 30.525 30.55 30.61 30.608 30.623 30.628 30.62 30.623 30.648 30.68 30.7 30.713 30.663 30.57 30.505 30.438 30.373 30.33 30.268 30.588 30.098 29.068 29.003 28.92 28.808 28.825 28.9 28.93 28.949 28.996 29.208 29.277 28.848 29.359 29.43 28.783 28.816 28.953 29.031 29.497 29.619 28.147 -9999 -9999 25.648 25.792 25.749 25.712 25.732 25.744 25.662 25.669 25.679 25.715 25.715 25.93 26.112 26.458 27.447 28.58 29.178 29.61 30.034 30.069 30.076 30.105 30.133 30.132
30.535 30.535 30.543 30.558 30.535 30.57 30.638 30.658 30.658 30.663 30.658 30.66 30.69 30.708 30.725 30.695 30.628 30.543 30.48 30.42 30.355 30.228 30.328 30.01 29.213 29.025 28.993 28.89 28.803 28.785 28.833 28.857 28.965 28.987 28.896 29.182 29.167 29.055 28.705 28.7 28.744 28.809 28.54 28.942 29.195 28.417 26.698 -9999 25.74 25.713 25.73 25.724 25.759 25.747 25.718 25.682 25.706 25.749 25.752 25.849 25.881 26.355 27.049 28.183 29.016 29.485 29.964 30.059 30.038 30.106 30.107 30.133
30.568 30.54 30.553 30.555 30.578 30.605 30.64 30.675 30.675 30.68 30.683 30.7 30.725 30.723 30.705 30.68 30.593 30.53 30.475 30.395 30.285 30.265 30.143 29.26 29.075 29.058 28.998 28.878 28.815 28.75 28.738 28.821 29.04 28.961 28.961 28.788 28.663 28.661 28.737 28.772 28.758 28.831 28.717 28.738 29.014 28.169 27.151 26.432 25.82 25.722 25.735 25.753 25.717 25.69 25.728 25.71 25.706 25.684 25.747 25.842 26.088 26.346 26.653 27.8 28.859 29.39 29.824 30.061 30.035 30.052 30.085 30.108
30.573 30.585 30.568 30.55 30.55 30.605 30.663 30.693 30.685 30.693 30.683 30.72 30.765 30.763 30.73 30.653 30.565 30.48 30.435 30.385 30.305 30.315 29.578 29.078 29.083 29.105 28.98 28.888 28.81 28.715 28.68 28.651 28.746 28.768 28.733 28.756 28.66 28.679 28.769 28.802 28.843 28.925 28.944 28.113 27.009 28.565 27.718 26.603 25.903 25.743 25.75 25.747 25.74 25.757 25.748 25.734 25.698 25.687 25.693 25.764 26.03 26.283 26.43 27.395 28.472 29.264 29.651 30.048 30.053 30.044 30.079 30.102
30.583 30.588 30.575 30.588 30.598 30.643 30.705 30.683 30.69 30.693 30.713 30.75 30.753 30.758 30.678 30.63 30.553 30.448 30.428 30.35 30.378 30.085 29.285 29.093 29.085 29.043 28.963 28.88 28.805 28.715 28.628 28.619 28.63 28.622 28.612 28.623 28.726 28.755 28.801 28.855 28.881 29.015 29.021 28.309 28.111 29.509 28.274 26.737 25.95 25.775 25.788 25.75 25.76 25.72 25.747 25.728 25.712 25.756 25.76 25.73 25.877 25.993 26.442 27.149 28.313 29.039 29.546 29.991 30.013 30.023 30.07 30.092
30.583 30.605 30.6 30.598 30.633 30.68 30.695 30.7 30.705 30.74 30.768 30.758 30.785 30.763 30.678 30.615 30.558 30.473 30.453 30.32 30.615 29.933 29.088 29.078 29.053 28.98 28.955 28.883 28.82 28.71 28.623 28.61 28.586 28.586 28.581 28.618 28.752 28.811 28.839 28.853 28.936 29.097 29.112 28.881 29.36 29.525 28.287 27.346 26.848 25.8 25.785 25.761 25.729 25.742 25.749 25.715 25.709 25.748 25.729 25.734 25.715 25.9 26.21 26.965 28.361 28.982 29.609 29.861 30.023 30.026 30.076 30.114
30.605 30.625 30.59 30.635 30.698 30.735 30.745 30.738 30.738 30.743 30.78 30.813 30.813 30.755 30.66 30.605 30.538 30.475 30.438 30.435 31.095 29.673 29.015 28.98 29.005 28.958 28.913 28.85 28.785 28.728 28.635 28.633 28.603 28.595 28.616 28.695 28.777 28.803 28.848 28.933 29.047 29.228 29.686 28.924 27.999 28.27 29.301 28.548 27.678 26.035 25.743 25.753 25.753 25.794 25.812 25.764 25.733 25.733 25.71 25.78 25.758 25.723 26.133 26.641 28.241 29.071 29.582 29.783 30.029 30.032 30.076 30.119
30.593 30.608 30.64 30.67 30.703 30.745 30.738 30.758 30.78 30.783 30.83 30.84 30.818 30.753 30.693 30.628 30.523 30.495 30.418 30.455 30.035 29.058 29 28.968 28.95 28.933 28.898 28.84 28.768 28.678 28.618 28.625 28.588 28.575 28.645 28.737 28.811 28.851 29.19 29.48 29.136 29.169 29.236 29.013 28.015 28.426 29.327 28.295 27.854 26.183 25.768 25.768 25.794 25.801 25.768 25.739 25.739 25.753 -9999 -9999 25.763 25.784 26.068 26.502 27.95 28.893 29.478 29.89 29.953 30.05 30.088 30.097
30.63 30.615 30.66 30.705 30.748 30.743 30.755 30.783 30.79 30.81 30.835 30.833 30.828 30.743 30.708 30.65 30.525 30.48 30.38 30.47 29.688 28.95 28.998 28.948 28.908 28.908 28.888 28.795 28.758 28.678 28.62 28.623 28.6 28.584 28.668 28.805 28.911 29.018 29.126 29.204 29.193 29.188 29.222 29.067 28.346 29.327 28.665 27.564 27.08 -9999 -9999 25.784 25.786 25.794 25.792 25.75 25.754 25.75 25.693 25.648 25.788 25.823 25.908 26.351 27.355 28.674 29.403 29.855 29.924 30.05 30.059 30.067
30.61 30.62 30.663 30.725 30.738 30.725 30.77 30.818 30.8 30.825 30.845 30.81 30.825 30.773 30.738 30.63 30.535 30.498 30.39 30.453 29.745 28.955 28.975 28.928 28.88 28.893 28.878 28.828 28.753 28.72 28.68 28.633 28.608 28.625 28.729 28.849 28.954 29.265 29.604 29.453 29.574 29.257 29.278 29.18 28.641 27.532 28.067 27.838 27.145 -9999 -9999 -9999 25.762 25.771 25.786 25.737 25.732 25.781 25.678 25.798 25.854 25.838 25.993 26.299 27.046 28.397 29.126 29.659 29.923 30.007 30.042 30.036
30.635 30.655 30.693 30.725 30.738 30.76 30.8 30.843 30.823 30.818 30.865 30.845 30.81 30.805 30.74 30.643 30.518 30.485 30.408 30.545 29.82 28.953 28.948 28.92 28.853 28.855 28.85 28.838 28.76 28.638 28.67 28.645 28.63 28.645 28.74 28.867 28.999 29.373 29.738 29.996 29.93 29.509 29.603 29.189 28.924 29.708 29.261 28.32 26.627 -9999 -9999 -9999 25.744 25.732 25.757 25.727 25.71 25.769 25.765 25.818 25.868 25.878 26.03 26.166 26.552 28.004 28.933 29.499 29.932 29.973 30.012 30.038
30.67 30.673 30.725 30.77 30.76 30.788 30.818 30.843 30.84 30.838 30.858 30.83 30.828 30.785 30.743 30.643 30.518 30.513 30.47 30.573 29.985 28.988 28.965 28.908 28.88 28.89 28.863 28.83 28.748 28.548 28.638 28.658 28.648 28.643 28.701 28.896 29.058 29.642 29.835 29.863 29.772 29.642 29.425 29.243 29.47 29.879 29.769 27.526 27.451 30.78 29.573 -9999 25.748 25.715 25.722 25.72 25.742 25.759 25.658 25.694 -9999 -9999 25.951 26.145 26.093 27.501 28.71 29.438 29.833 29.885 30.034 30.015
30.675 30.703 30.753 30.76 30.773 30.83 30.84 30.843 30.873 30.863 30.825 30.84 30.835 30.79 30.768 30.635 30.548 30.523 30.48 30.563 30.343 29.035 28.918 28.915 28.893 28.88 28.86 28.82 28.775 28.443 28.608 28.733 28.715 28.683 28.725 28.868 29.211 29.57 29.798 29.907 29.753 29.447 29.5 29.364 29.242 29.422 28.266 28.355 31.345 29.392 28.673 -9999 25.782 25.775 25.774 25.824 25.812 25.665 25.695 25.745 25.733 25.733 25.758 25.833 26.124 26.912 28.281 29.255 29.59 29.801 30.015 29.999
30.673 30.728 30.748 30.753 30.81 30.828 30.838 30.868 30.878 30.865 30.83 30.868 30.845 30.815 30.763 30.615 30.548 30.533 30.5 30.548 30.478 29.313 28.928 28.935 28.905 28.91 28.875 28.843 28.815 28.57 28.693 28.835 28.735 28.725 28.745 28.888 29.242 29.5 29.754 29.812 29.538 29.428 29.543 29.881 30.105 29.28 29.808 29.989 29.049 26.504 -9999 25.968 25.784 25.714 25.727 25.777 25.693 25.751 25.782 25.7 25.685 25.703 25.698 25.962 26.164 26.44 27.664 28.768 29.199 29.597 29.94 30.004
30.718 30.775 30.765 30.775 30.815 30.853 30.845 30.855 30.868 30.848 30.83 30.85 30.865 30.833 30.748 30.638 30.535 30.538 30.533 30.578 30.998 30.82 28.905 28.918 28.923 28.918 28.9 28.865 28.83 28.76 28.74 28.858 28.773 28.783 28.798 29.021 29.406 29.549 29.728 29.553 29.43 29.376 29.387 30.208 31.266 29.132 29.514 28.201 27.423 26.932 26.843 26.25 25.8 25.858 25.745 25.702 25.704 25.751 25.755 25.653 25.675 25.668 25.74 25.773 26.006 26.235 27.044 28.389 29.04 29.48 29.828 30.008
30.758 30.755 30.76 30.81 30.848 30.843 30.87 30.888 30.855 30.85 30.88 30.853 30.84 30.815 30.763 30.64 30.545 30.558 30.528 30.523 30.605 29.588 28.928 28.945 28.933 28.928 28.95 28.898 28.855 28.823 28.845 28.868 28.83 28.828 28.845 29.194 29.53 29.663 29.703 29.469 29.422 29.397 29.791 29.682 29.988 29.474 29.096 27.881 27.713 27.757 27.155 25.89 25.808 26.058 26.014 25.774 25.78 25.778 25.727 25.61 25.623 25.643 25.74 25.708 25.86 26.245 26.751 28.127 28.859 29.369 29.69 29.995
30.745 30.79 30.778 30.825 30.855 30.885 30.915 30.893 30.828 30.848 30.865 30.843 30.878 30.81 30.758 30.648 30.543 30.528 30.54 30.46 30.545 29.703 28.995 28.965 28.93 28.933 28.94 28.9 28.893 28.895 28.878 28.893 28.835 28.843 28.968 29.042 29.213 29.696 29.815 29.455 29.39 29.347 30.409 29.813 29.315 28.974 28.689 27.188 27.115 27.508 26.513 25.67 26.093 26.043 26.244 26.007 25.827 25.75 25.746 25.615 25.605 25.653 25.685 25.748 25.81 25.715 26.445 27.762 28.568 29.214 29.614 29.876
30.76 30.793 30.82 30.845 30.845 30.863 30.895 30.858 30.845 30.863 30.865 30.878 30.885 30.833 30.768 30.625 30.543 30.505 30.53 30.423 30.468 29.968 29.605 29.093 28.958 28.948 28.933 28.908 28.895 28.885 28.9 28.873 28.83 28.84 28.853 28.895 29.117 29.433 29.674 29.521 29.467 29.394 30.876 31.861 30.719 31.084 32.783 30.267 26.262 26.407 25.88 25.643 26.073 26.031 26.374 26.31 25.828 25.771 25.762 25.771 25.708 25.665 25.61 25.638 25.738 25.869 26.243 27.281 28.292 28.945 29.473 29.778
30.77 30.815 30.858 30.91 30.883 30.898 30.903 30.888 30.865 30.878 30.885 30.868 30.835 30.8 30.748 30.63 30.538 30.473 30.518 30.428 30.518 30.038 29.798 29.383 29.003 28.948 28.928 28.91 28.888 28.855 28.86 28.86 28.863 28.818 28.823 28.93 29.013 29.17 29.387 29.515 29.633 29.633 30.71 30.407 29.617 31.736 32.871 30.196 26.231 26.672 26.36 25.82 25.962 26.003 26.292 26.413 25.896 25.809 25.76 25.688 25.748 25.69 25.643 25.635 25.723 25.778 25.98 26.594 28.037 28.738 29.302 29.685
30.768 30.82 30.888 30.898 30.888 30.888 30.885 30.903 30.85 30.88 30.885 30.865 30.81 30.76 30.718 30.635 30.528 30.48 30.495 30.408 30.563 30.243 29.433 29.033 28.983 28.998 28.953 28.898 28.89 28.875 28.868 28.898 28.843 28.813 28.825 28.8 28.795 28.897 29.176 29.659 29.893 29.783 29.774 29.454 29.542 29.914 29.619 30.581 26.866 30.729 31.937 29.569 29.566 26.132 26.166 26.315 26.042 25.745 25.752 25.767 25.733 25.728 25.72 25.78 25.685 -9999 -9999 26.293 27.414 28.66 29.201 29.58
30.808 30.853 30.89 30.875 30.895 30.895 30.915 30.848 30.84 30.828 30.84 30.785 30.745 30.698 30.655 30.563 30.485 30.515 30.525 30.458 30.588 30.3 29.533 29.028 28.985 29.005 29.008 28.938 28.908 28.848 28.863 28.86 28.815 28.828 28.843 28.818 28.783 28.844 29.114 29.735 29.9 29.981 29.924 29.385 30.261 30.862 32.731 32.209 30.006 31.285 36.085 34.06 32.008 26.87 26.299 26.268 26.184 25.894 25.769 25.751 25.779 25.758 25.74 25.863 25.608 -9999 -9999 26.308 26.945 28.257 28.967 29.418
