data/LIDAR-DSM-2M-NZ24se/nz2840_DSM_2M.asc
ncols 500
nrows 500
xllcorner    428000
yllcorner    540000
cellsize     2
NODATA_value -9999
[rows 64 to 95 of 500, columns 360 to 431 of 500]
35.427 35.39 35.275 35.22 35.282 35.272 35.275 35.307 35.317 35.325 35.375 35.432 35.46 35.502 35.502 35.535 35.602 35.647 35.657 35.712 35.73 35.715 35.765 35.817 35.84 35.847 35.882 35.885 35.885 35.872 35.892 35.882 35.87 35.875 35.857 35.842 35.822 35.775 35.762 35.727 35.687 35.665 35.65 35.645 35.66 35.64 35.62 35.595 35.607 35.565 35.557 35.53 35.605 35.61 35.692 35.872 36.217 36.535 36.887 37.297 37.515 37.847 38.157 38.665 39.653 41.224 43.279 45.792 46.766 52.168 53.334 45.929
35.377 35.342 35.247 35.227 35.242 35.272 35.287 35.34 35.317 35.327 35.375 35.415 35.452 35.5 35.512 35.562 35.64 35.662 35.71 35.735 35.76 35.747 35.8 35.827 35.832 35.855 35.852 35.862 35.867 35.88 35.89 35.867 35.862 35.812 35.8 35.785 35.747 35.69 35.705 35.687 35.665 35.64 35.66 35.655 35.657 35.625 35.605 35.605 35.58 35.562 35.585 35.677 35.885 36.04 36.485 36.567 36.91 37.34 37.697 37.937 38.235 38.625 39.013 39.469 40.238 42.163 44.795 46.992 46.532 52.705 51.722 50.131
35.357 35.295 35.272 35.26 35.265 35.28 35.315 35.34 35.337 35.36 35.372 35.417 35.45 35.527 35.542 35.605 35.642 35.655 35.707 35.73 35.765 35.805 35.827 35.852 35.85 35.877 35.855 35.852 35.832 35.875 35.86 35.835 35.822 35.782 35.765 35.745 35.727 35.7 35.692 35.665 35.665 35.647 35.635 35.65 35.612 35.645 35.61 35.587 35.615 35.862 36.132 37.372 36.865 37.245 37.26 37.432 37.672 37.965 38.215 38.482 38.917 39.475 40.053 40.418 42.357 44.255 46.676 49.184 48.772 46.908 45.738 54.789
35.372 35.322 35.307 35.315 35.317 35.325 35.325 35.325 35.35 35.37 35.4 35.44 35.47 35.507 35.557 35.612 35.662 35.695 35.745 35.745 35.78 35.822 35.832 35.862 35.827 35.85 35.875 35.85 35.837 35.845 35.805 35.802 35.772 35.76 35.72 35.735 35.702 35.68 35.645 35.647 35.635 35.662 35.665 35.63 35.647 35.672 35.72 35.775 36.43 37.617 37.245 37.537 37.407 37.605 37.817 38.017 38.37 38.65 38.96 39.35 39.857 40.41 41.444 42.003 43.556 46.446 48.335 50.306 51.854 51.023 44.774 53.943
35.392 35.37 35.335 35.367 35.347 35.355 35.365 35.345 35.355 35.385 35.4 35.442 35.475 35.482 35.54 35.63 35.672 35.67 35.757 35.787 35.817 35.82 35.832 35.85 35.84 35.81 35.825 35.807 35.822 35.815 35.79 35.767 35.76 35.737 35.722 35.702 35.7 35.65 35.662 35.652 35.645 35.657 35.67 35.702 36.21 36.505 36.577 37.85 38.657 37.795 37.392 37.79 38.047 38.555 38.375 38.752 39.157 39.65 39.97 40.432 40.907 41.683 42.853 43.299 45.126 45.341 49.718 51.348 49.986 45.287 48.129 45.274
35.457 35.415 35.385 35.385 35.382 35.367 35.357 35.362 35.37 35.395 35.41 35.422 35.457 35.48 35.555 35.607 35.652 35.692 35.742 35.792 35.82 35.827 35.857 35.86 35.837 35.797 35.805 35.8 35.807 35.792 35.755 35.747 35.747 35.727 35.68 35.662 35.687 35.697 35.687 35.682 35.71 35.777 36.402 36.747 38.01 37.422 38.025 38.09 37.787 38.972 38.067 38.362 38.817 39.235 39.36 39.815 40.235 40.84 41.175 41.83 42.712 43.549 44.97 44.679 46.279 47.351 48.694 49.621 48.656 49.247 45.864 45.205
35.457 35.427 35.405 35.405 35.377 35.36 35.352 35.355 35.322 35.372 35.42 35.417 35.465 35.497 35.535 35.61 35.662 35.707 35.737 35.78 35.83 35.817 35.847 35.837 35.835 35.807 35.787 35.807 35.802 35.765 35.747 35.752 35.752 35.745 35.72 35.697 35.692 35.725 35.787 36.02 36.297 36.657 36.952 37.54 38.462 38.115 38.705 39.132 38.282 38.667 39.017 39.33 39.775 40.175 40.672 41.135 41.502 42.042 42.62 43.352 44.012 45.171 46.208 46.119 46.304 49.398 46.972 45.221 47.515 47.291 51.642 44.814
35.467 35.442 35.422 35.395 35.382 35.357 35.34 35.362 35.332 35.352 35.387 35.42 35.46 35.502 35.557 35.642 35.677 35.687 35.75 35.765 35.795 35.812 35.815 35.807 35.812 35.815 35.81 35.82 35.797 35.782 35.78 35.78 35.785 35.747 35.775 35.805 35.955 36.612 36.702 36.942 38.305 37.605 38.65 38.017 38.415 39.185 39.945 39.812 39.117 39.58 40.277 40.537 41.07 41.625 42.19 42.705 43.2 43.657 44.257 44.742 45.135 45.605 46.864 47.273 46.378 48.637 52.256 46.875 45.388 45.173 44.18 44.035
35.477 35.412 35.39 35.395 35.377 35.357 35.315 35.357 35.352 35.375 35.385 35.402 35.462 35.512 35.577 35.622 35.645 35.662 35.73 35.762 35.752 35.8 35.8 35.807 35.835 35.822 35.825 35.835 35.82 35.775 35.8 35.822 35.86 35.905 36.48 36.87 37.415 38.292 40.12 38.49 37.972 38.012 39.435 38.84 40.56 41.75 39.647 40.177 40.405 41.065 41.425 41.935 43.01 43.212 43.802 44.36 45.042 47.222 51.307 48.382 47.048 49.403 52.278 47.294 47.599 52.996 56.352 47.822 48.821 50.02 45.02 49.546
35.437 35.412 35.372 35.38 35.355 35.342 35.34 35.332 35.335 35.385 35.365 35.412 35.455 35.51 35.55 35.597 35.627 35.675 35.717 35.757 35.752 35.81 35.827 35.81 35.827 35.825 35.837 35.835 35.825 35.872 36.207 36.9 37.025 37.332 37.73 37.712 38.225 38.357 40.917 39.042 38.54 38.742 38.975 39.57 40.46 41.525 41.005 41.527 42.042 44.885 42.95 43.737 44.16 44.557 44.9 45.075 45.172 50.222 52.982 51.102 52.107 52.439 53.077 49.047 51.845 46.854 47.767 49.807 48.733 48.339 51.652 52.895
35.457 35.39 35.37 35.355 35.34 35.307 35.335 35.315 35.327 35.342 35.355 35.39 35.452 35.5 35.525 35.572 35.645 35.672 35.732 35.755 35.807 35.81 35.805 35.83 35.85 35.83 35.892 35.94 36.14 37.39 36.87 38.705 38.272 38.042 37.792 38.035 38.435 38.815 41.282 39.292 39.735 39.907 40.245 41.025 41.53 41.902 42.497 43.107 43.605 44.235 44.352 44.952 44.895 44.972 45.027 45.305 44.99 50.847 52.897 58.231 56.695 54.764 58.024 50.386 51.264 52.753 44.162 48.352 49.552 50.176 49.767 46.532
35.455 35.395 35.375 35.34 35.332 35.29 35.29 35.272 35.312 35.3 35.322 35.377 35.442 35.472 35.5 35.562 35.62 35.672 35.702 35.757 35.81 35.785 35.807 35.97 36.552 36.167 36.745 37.337 37.657 37.967 37.72 37.87 38.12 38.852 38.53 38.882 39.202 39.62 39.95 40.475 40.93 41.267 41.727 42.315 42.9 43.35 43.965 44.425 44.682 44.842 44.917 45.672 44.93 44.927 44.845 45.6 44.71 46.602 48.775 50.204 47.372 51.63 53.177 46.682 52.888 54.395 42.503 48.089 47.067 45.121 45.954 43.843
35.407 35.392 35.362 35.315 35.275 35.28 35.26 35.245 35.275 35.3 35.322 35.362 35.417 35.452 35.51 35.575 35.637 35.705 35.675 35.747 35.777 35.902 37.065 36.947 40.307 41.2 39.152 38.695 38.01 38.065 38.457 38.672 38.92 39.152 39.475 39.83 40.285 44.117 46.965 44.34 42.392 42.987 43.262 43.845 44.257 44.572 44.732 44.902 45.22 50.007 46.397 47.822 44.772 44.63 44.227 44.127 46.747 43.332 43.77 44.803 43.483 43.333 45.154 44.23 45.971 45.951 42.683 43.105 40.82 44.266 48.408 41.937
35.367 35.34 35.312 35.265 35.24 35.235 35.25 35.257 35.282 35.305 35.307 35.342 35.405 35.475 35.555 35.602 35.615 35.662 35.742 36.08 36.215 37.467 38.29 39.405 41.29 40.925 38.667 38.835 38.647 39.382 39.22 39.66 39.907 40.225 40.675 42.455 44.972 47.275 49.067 47.33 45.157 47.412 44.38 44.582 44.822 44.855 44.87 45.562 45.54 47.712 49.785 52.63 44.01 43.78 43.16 44.895 42.93 42 41.804 41.533 42.309 42.04 43.866 44.62 45.516 42.74 45.106 41.164 40.752 41.488 41.158 40.944
35.35 35.292 35.275 35.237 35.222 35.237 35.242 35.225 35.252 35.265 35.33 35.397 35.422 35.462 35.537 35.62 35.757 36.845 36.67 38.437 38.05 38.195 37.715 39.222 39.345 39.292 39.302 39.142 39.587 39.85 40.28 40.705 41.095 41.632 42.225 44.79 45.362 51.207 55.552 56.312 51.265 47.727 45.987 46.947 45.08 44.73 45.562 48.807 47.14 44.137 48.672 50.78 42.665 43.03 45.955 49.632 42.617 40.862 40.635 40.327 40.531 43.485 44.36 46.671 46.223 45.013 45.71 40.156 39.774 40.464 37.384 39.491
35.312 35.277 35.245 35.24 35.215 35.227 35.225 35.252 35.275 35.31 35.345 35.355 35.392 35.537 35.777 36.377 37.542 37.107 37.545 37.945 40.177 39.01 38.545 38.787 39.052 40.25 40.037 40.275 40.6 40.94 41.497 41.995 42.447 43.132 43.937 44.157 44.542 44.667 48.217 47.667 45.555 47.982 48.695 50.255 45.425 50.715 48.582 49.207 45.35 42.965 43.632 47.512 43.945 46.772 49.322 46.357 40.232 39.956 40.171 39.657 39.919 43.442 45.38 44.099 45.158 44.686 42.915 38.562 37.264 37.21 37.143 37.134
35.31 35.262 35.247 35.257 35.245 35.245 35.252 35.28 35.25 35.31 35.535 35.622 36.312 36.46 36.792 37.507 37.652 37.862 38.152 38.4 39.332 40.167 39.552 39.82 40.07 40.452 40.855 41.345 41.907 42.482 42.897 43.547 44.067 44.35 44.752 44.797 44.89 52.15 48.977 46.337 47.527 46.767 45.842 46.917 44.527 50.915 47.112 46.622 42.352 41.762 41.065 40.637 40.365 42.782 40.885 39.18 39.065 39.174 39.98 39.767 38.967 39.482 42.141 42.988 43.7 42.97 40.373 37.171 37.147 37.09 37.08 37.048
35.295 35.277 35.257 35.272 35.27 35.262 35.222 35.272 35.382 38.137 36.837 37.072 37.717 38.022 38.235 38.242 38.317 39.167 39.037 39.492 39.775 40.275 40.525 40.882 41.27 41.78 42.167 42.682 43.372 44.06 44.31 44.665 44.872 44.82 46.857 44.732 47.325 50.992 49.507 56.16 53.882 48.72 45.322 45.027 44.712 44.887 43.55 42.217 41.15 40.417 40.002 39.45 39.25 41.06 38.767 38.34 38.732 39.098 40.785 40.011 37.628 38.005 40.159 41.521 41.182 41.073 38.411 37.1 37.081 37.047 37.032 36.99
35.327 35.31 35.272 35.24 35.267 35.317 35.87 36.292 36.475 38.177 37.375 38.28 39.417 39.407 39.147 39.622 39.447 39.687 40.085 40.477 40.852 41.297 41.695 42.19 42.79 43.292 43.657 43.957 44.44 44.835 44.925 44.835 45.122 50.297 47.73 44.432 44.14 43.917 46.965 51.787 54.555 48.05 42.16 41.96 43.74 42.482 43.367 42.497 40.045 39.37 41.035 39.847 38.477 38.41 37.97 37.932 38.485 38.861 39.286 37.912 37.937 37.251 37.186 38.144 41.136 37.13 37.098 37.076 37.06 37.024 36.992 36.981
35.315 35.33 35.332 35.497 37.88 37.08 40.78 39.24 37.562 37.95 38.162 38.545 39.07 39.272 39.95 42.452 42.207 41.03 41.207 42.192 42.81 42.507 42.977 43.49 44.177 44.465 44.607 44.837 45.35 48.457 45.595 46.815 46.657 50.452 47.625 43.842 43.305 42.752 42.282 43.545 45.025 42.245 40.725 40.727 40.957 44.027 45.462 43.25 39.307 38.607 39.89 38.672 37.83 37.632 37.407 37.428 37.751 37.856 39.352 37.166 37.172 37.151 37.154 37.122 37.098 37.092 37.078 37.08 37.015 36.971 36.963 36.966
35.46 35.71 36.147 37.29 37.005 38.602 39.442 38.487 38.437 38.767 39.245 39.695 39.982 40.357 41.912 41.352 42.25 44.29 44.11 45.195 44.087 43.825 44.297 44.542 44.857 44.82 44.77 44.892 49.312 49.492 49.832 51.19 50.66 51.23 45.495 44.315 42.26 41.465 40.997 40.84 40.37 39.957 39.532 39.377 39.805 41.57 43.742 43.78 38.955 37.967 37.855 37.57 37.305 37.295 37.282 37.221 37.207 37.187 37.592 37.129 37.115 37.113 37.107 37.08 37.079 37.046 37.045 37.008 36.964 36.908 36.917 36.911
36.38 37.075 37.287 37.577 37.84 39.362 38.66 38.995 40.632 41.245 42.52 43.68 41.072 41.475 41.91 42.347 43.5 45.705 46.325 44.97 44.52 44.65 44.637 44.572 44.562 44.532 45.43 45.265 53.987 50.12 47.287 43.067 44.582 51.61 45.497 42.855 40.655 40.095 39.837 39.6 40.592 39.342 39.735 38.292 38.415 40.675 39.705 39.302 38.392 37.34 37.325 37.242 37.21 37.24 37.211 37.169 37.142 37.103 37.115 37.117 37.115 37.088 37.092 37.072 37.075 37.047 37.023 36.989 36.934 36.925 36.921 36.893
37.55 37.787 38.187 38.867 38.827 39.267 39.692 40.267 40.882 41 45.16 45.61 42.767 44.125 43.495 43.617 43.932 44.457 44.355 44.442 44.44 44.925 46.787 44.447 44.445 46.022 48.355 48.855 52.297 44.845 51.34 43.327 41.525 41.852 44.557 40.362 39.737 39.1 38.737 38.502 38.505 40.185 40.095 37.655 37.652 37.732 37.382 37.29 37.27 37.28 37.257 37.21 37.222 37.205 37.149 37.134 37.104 37.094 37.093 37.076 37.089 37.072 37.107 37.077 37.1 37.055 37.037 36.946 36.945 36.927 36.921 36.938
38.387 38.755 41.102 44.112 42.05 40.632 41.24 41.592 44.635 45.725 43.47 43.362 46.755 47.97 46.01 44.495 44.325 44.427 44.337 44.265 49.372 50.28 50.092 47.057 43.58 45.315 48.33 50.01 48.422 41.867 42.462 40.807 40.2 39.805 39.657 39.26 38.825 38.24 37.877 37.74 37.79 37.835 37.735 37.232 37.192 37.252 37.227 37.237 37.232 37.227 37.22 37.202 37.177 37.169 37.138 37.121 37.091 37.098 37.104 37.096 37.066 37.081 37.08 37.062 37.062 37.031 36.983 36.982 36.96 36.961 36.936 36.918
39.48 39.807 41.767 44.905 44.197 44.317 42.44 43.095 45.65 48.212 45.207 44.11 45.072 47.002 45.67 44.327 44.227 47.177 45.182 47.91 52.325 52.44 58.047 46.03 42.05 42.8 43.435 40.757 43.917 41.425 39.657 39.3 39.055 38.742 38.285 38.132 37.85 37.567 37.342 37.2 37.122 37.117 37.127 37.142 37.172 37.182 37.177 37.175 37.187 37.187 37.192 37.175 37.122 37.143 37.135 37.108 37.107 37.101 37.102 37.097 37.073 37.088 37.103 37.082 37.064 37.058 37.025 37.007 36.958 36.923 36.921 36.924
40.535 42.512 43.047 43.867 43.492 45.492 44.757 44.882 44.382 44.55 44.32 44.32 44.267 47.93 44.17 44.272 49.017 48.692 50.127 48.495 51.885 58.31 56.317 50.555 42.937 40.307 39.93 39.525 44.52 38.895 38.537 38.23 38.227 38.147 37.667 37.242 37.03 36.99 37.045 36.992 37.012 37.035 37.082 37.087 37.1 37.13 37.14 37.137 37.13 37.165 37.162 37.142 37.144 37.146 37.114 37.11 37.083 37.088 37.096 37.101 37.089 37.091 37.105 37.095 37.09 37.061 37.018 36.965 36.956 36.948 36.946 36.934
42.677 44.217 44.485 43.545 43.505 43.97 44.662 45.607 45.332 44.197 44.615 45.185 44.967 49.832 48.092 46.352 48.52 48.065 49.372 50.37 47.332 46.872 49.482 52.64 46.72 39.51 42.04 42.787 40.317 38.197 38.407 37.707 37.165 37.082 36.957 36.93 36.905 36.892 36.922 36.955 36.94 36.987 36.995 37.052 37.072 37.105 37.12 37.115 37.142 37.147 37.152 37.14 37.154 37.137 37.112 37.111 37.103 37.086 37.095 37.083 37.085 37.093 37.123 37.116 37.098 37.065 36.989 36.975 36.926 36.956 36.97 36.963
43.322 43.94 43.925 45.062 44.2 44.465 46.16 47.227 46.402 50.262 43.747 49.415 47.705 49.8 47.995 50.562 50.497 45.1 41.672 42.315 40.69 39.412 39.637 42.817 42.645 38.59 39.967 43.312 37.46 37.11 37.175 36.972 36.777 36.77 36.797 36.84 36.847 36.827 36.877 36.895 36.887 36.952 36.977 37.03 37.062 37.092 37.102 37.125 37.162 37.172 37.147 37.121 37.162 37.136 37.114 37.096 37.118 37.101 37.098 37.102 37.106 37.13 37.108 37.085 37.073 37.063 37.022 36.997 36.976 36.978 36.986 37.008
43.98 44.247 44.507 45.205 44.857 49.645 49.257 53.465 47.697 50.32 44.655 50.312 49.79 47.17 44.93 49.82 50.927 44.55 40.07 40.867 40.207 40.41 38.507 38.107 38.372 38.057 38.45 37.52 36.75 36.667 36.705 36.682 36.715 36.735 36.727 36.745 36.785 36.795 36.83 36.845 36.887 36.935 36.937 36.987 37.052 37.087 37.122 37.125 37.147 37.142 37.137 37.168 37.149 37.14 37.108 37.094 37.11 37.104 37.111 37.113 37.103 37.13 37.122 37.089 37.088 37.078 37.011 37.008 37.003 37.028 37.001 37.021
44.16 44.087 44.105 44.055 45.795 52.372 54.542 54.942 51.82 49.195 46.882 47.007 46.272 44.81 47.372 48.757 45.965 45.042 42.94 38.59 37.97 40.732 39.22 37.202 37.365 36.907 36.887 36.627 36.597 36.617 36.65 36.627 36.665 36.682 36.702 36.725 36.76 36.775 36.805 36.832 36.882 36.932 36.95 37.027 37.047 37.07 37.107 37.122 37.13 37.137 37.139 37.16 37.131 37.12 37.13 37.106 37.109 37.115 37.107 37.127 37.092 37.113 37.119 37.1 37.084 37.079 37.062 37.052 37.006 37.013 36.983 37.023
45.767 43.76 43.897 43.887 46.01 44.597 49.567 51.235 50.532 50.23 49.182 47.475 44.65 42.212 42.972 42.99 45.587 41.597 42.732 39.755 37.455 36.917 36.955 36.635 36.562 36.58 36.592 36.58 36.567 36.562 36.612 36.627 36.642 36.66 36.68 36.72 36.735 36.762 36.772 36.842 36.877 36.92 36.972 37.015 37.062 37.075 37.11 37.127 37.13 37.175 37.155 37.136 37.109 37.116 37.118 37.101 37.127 37.119 37.118 37.126 37.104 37.097 37.102 37.105 37.089 37.093 37.058 36.993 37.006 37.028 37.018 37.023
48.444 50.229 47.128 43.445 47.277 42.432 44.927 45.247 48.77 49.125 48.157 47.122 46.315 40.205 40.385 45.655 41.95 38 37.455 37.262 36.612 36.505 36.542 36.515 36.502 36.5 36.53 36.512 36.515 36.545 36.587 36.61 36.625 36.655 36.657 36.705 36.74 36.762 36.795 36.832 36.882 36.912 36.96 37.002 37.047 37.04 37.112 37.13 37.117 37.141 37.131 37.107 37.108 37.101 37.11 37.103 37.134 37.114 37.108 37.126 37.114 37.12 37.103 37.1 37.083 37.045 37.033 37.018 36.998 37.023 36.993 37.021
