data/LIDAR-DSM-2M-NZ24se/nz2843_DSM_2M.asc
ncols 500
nrows 500
xllcorner    428000
yllcorner    543000
cellsize     2
NODATA_value -9999
[rows 416 to 447 of 500, columns 360 to 431 of 500]
84.141 84.181 84.428 85.381 85.086 84.378 86.321 87.813 88.436 87.938 87.513 85.493 84.376 84.608 86.706 86.608 86.986 87.443 87.301 86.618 86.586 86.656 85.481 85.238 85.463 85.556 85.936 85.861 85.863 85.956 85.968 85.893 85.891 85.888 86.001 86.086 86.186 86.248 86.408 86.811 86.906 87.051 89.503 89.666 91.223 90.228 90.106 90.661 91.728 90.803 89.211 89.703 89.906 88.201 87.236 87.288 87.296 87.351 87.641 87.936 90.968 91.698 91.438 91.123 90.693 90.358 88.196 87.538 87.813 87.941 87.838 88.336
84.146 84.226 84.481 84.581 84.351 84.328 84.943 87.398 88.178 88.291 87.073 85.521 84.516 87.981 90.951 90.938 90.968 90.973 90.993 90.976 90.933 90.973 87.043 85.051 85.183 85.426 86.298 86.023 85.856 85.963 85.961 85.883 85.896 85.928 85.998 86.078 86.153 86.291 86.728 86.883 86.913 87.668 93.411 93.728 93.728 93.726 93.778 93.746 93.773 93.761 92.478 87.718 89.018 89.873 88.171 87.323 87.363 87.426 87.481 88.811 90.821 91.173 91.521 91.678 91.463 91.106 90.653 88.398 88.358 87.793 87.876 88.021
84.288 84.293 84.286 84.526 84.378 84.321 84.346 86.461 86.886 86.278 84.866 84.631 84.561 88.996 91.458 91.471 91.488 91.381 91.426 91.631 91.378 91.371 87.071 85.041 85.093 85.383 86.376 86.598 86.001 85.961 86.001 85.913 85.921 85.963 86.066 86.086 86.166 86.333 86.786 86.821 86.853 87.421 93.781 93.843 93.918 93.836 93.843 93.801 93.851 93.816 91.116 87.403 87.521 87.736 88.986 88.988 88.438 87.908 87.498 88.153 89.268 89.951 90.646 91.163 91.483 91.663 91.246 88.578 88.133 87.993 87.898 88.148
84.268 84.251 84.261 84.378 84.511 84.386 84.393 84.443 84.828 84.538 84.646 84.626 84.651 86.326 89.911 90.368 89.613 89.738 90.331 89.553 88.848 89.376 85.756 85.023 85.088 85.626 89.198 90.771 88.816 86.058 86.041 85.911 85.953 85.981 86.208 87.821 90.923 91.166 88.856 86.641 86.693 87.111 92.251 92.253 90.391 90.243 91.196 90.656 91.723 91.028 89.618 87.413 87.431 87.471 87.481 88.181 88.736 89.446 89.046 87.963 87.613 87.533 88.571 90.313 90.778 91.178 89.111 89.018 88.678 88.033 88.373 88.093
89.958 85.336 84.233 84.323 84.761 84.381 84.981 84.626 84.676 84.748 84.781 84.968 84.888 85.648 84.751 85.308 85.001 86.263 86.293 85.176 84.948 84.856 85.168 85.043 85.131 86.661 92.013 92.841 91.896 86.983 86.116 85.953 85.981 85.998 86.236 88.116 92.666 93.191 90.823 87.296 86.663 86.858 89.256 90.106 87.676 88.591 89.436 87.863 87.536 88.423 88.308 87.496 87.488 87.501 87.506 87.561 87.568 88.176 91.368 91.888 88.706 87.581 87.653 87.486 88.268 89.671 88.101 89.153 87.988 88.071 89.921 89.056
88.853 85.276 84.261 85.118 84.458 84.673 84.628 85.153 84.843 85.503 87.836 87.853 86.423 85.793 84.811 84.793 84.951 87.123 86.921 84.878 84.893 85.306 85.828 85.458 85.193 85.228 91.631 92.831 91.936 86.881 86.083 85.978 86.008 85.991 86.076 87.053 92.523 93.471 90.788 86.581 86.646 87.108 87.903 88.511 87.323 89.143 89.656 88.403 90.286 91.866 88.911 87.551 87.536 87.538 87.548 87.563 87.571 87.598 88.378 90.343 88.951 88.238 88.248 87.558 87.556 87.626 88.518 88.768 88.081 88.868 90.288 88.466
84.301 84.248 85.906 84.443 85.553 85.953 84.971 87.663 87.261 87.241 87.406 87.163 87.176 86.428 85.338 85.178 84.881 85.766 85.148 85.121 84.866 86.518 85.806 85.586 85.816 85.521 91.966 92.908 91.966 86.418 86.083 86.028 86.001 85.996 86.196 87.016 91.428 93.253 91.151 88.106 87.526 87.048 88.236 87.626 87.198 88.528 89.438 88.158 88.841 89.266 89.663 87.571 87.563 87.548 87.573 87.593 87.593 87.578 87.768 88.088 87.806 88.008 87.778 87.666 87.683 87.876 88.861 88.071 88.388 89.198 89.196 88.203
84.353 84.546 89.093 86.563 87.101 87.166 86.001 87.268 87.298 87.343 87.403 87.353 87.366 86.866 85.786 85.491 84.838 85.291 85.566 86.051 85.346 85.178 86.313 87.678 87.868 86.638 90.646 92.828 91.821 87.078 86.068 86.036 85.976 86.036 86.186 87.936 92.648 93.328 92.018 89.048 88.991 87.668 88.163 88.221 87.538 88.243 89.328 89.856 87.676 87.456 90.338 87.941 87.586 87.573 87.583 87.738 87.843 89.413 88.171 87.973 87.823 87.858 87.858 87.871 88.243 88.421 88.673 88.886 88.403 88.941 89.793 89.366
84.548 85.876 87.358 87.243 87.248 87.341 86.921 86.171 86.608 87.006 86.536 85.593 86.523 85.848 85.458 85.026 85.268 85.538 85.531 85.663 85.066 85.051 85.291 87.156 88.071 87.301 91.353 92.846 91.343 87.006 86.123 86.028 86.088 86.466 86.233 87.061 92.433 93.263 91.918 88.033 87.941 87.116 86.816 86.868 87.093 87.153 88.683 89.858 87.983 87.253 89.601 87.923 88.033 92.098 91.193 88.746 88.646 90.116 90.138 87.951 87.818 87.853 87.868 87.866 88.101 88.093 88.301 87.978 88.488 88.588 88.686 88.673
86.858 87.198 87.288 87.348 86.721 85.738 85.038 84.843 84.916 84.931 84.903 84.908 84.921 85.408 85.428 85.046 86.608 86.348 85.278 85.068 85.091 85.068 85.198 85.411 85.526 86.106 91.718 92.918 91.726 86.446 86.226 86.053 86.036 87.063 86.401 87.596 92.638 93.398 90.726 86.698 86.596 86.668 86.756 86.821 86.918 87.301 88.736 89.838 88.301 87.493 90.088 87.641 90.001 94.893 94.123 92.791 90.378 89.533 89.063 87.766 87.783 87.796 87.801 87.808 88.051 88.348 88.286 88.011 88.063 88.181 89.026 88.883
87.298 87.346 87.093 86.096 84.896 84.843 84.861 84.831 84.878 84.916 84.921 84.916 84.956 86.276 87.336 87.383 87.563 87.516 87.648 87.486 89.548 87.166 85.336 85.411 86.111 86.168 91.421 92.816 92.026 86.573 86.131 86.003 86.018 86.468 86.246 86.996 92.611 93.226 91.986 86.528 86.586 86.666 86.748 86.808 86.921 87.131 88.693 88.521 87.653 87.508 88.951 88.201 92.871 94.566 95.201 94.678 93.996 92.901 89.826 88.338 87.771 87.786 87.793 87.846 88.066 88.916 88.551 88.061 88.101 88.228 88.271 88.283
87.076 85.811 85.251 84.901 84.863 84.871 84.841 84.871 84.938 84.958 84.948 84.968 84.983 86.111 87.341 87.411 87.508 87.586 87.593 87.698 88.791 88.606 85.576 85.458 86.143 86.373 90.271 92.851 91.271 86.966 86.248 86.021 86.061 86.061 86.216 86.348 92.048 93.308 91.596 86.526 86.603 86.683 86.766 86.841 86.943 87.063 87.581 87.078 87.131 87.221 88.321 87.688 88.916 91.831 93.856 94.671 95.038 94.661 93.873 92.968 88.191 87.763 87.788 88.253 90.421 88.298 88.026 88.046 88.078 88.148 88.223 88.286
85.708 84.921 84.906 84.938 84.911 84.888 84.893 84.933 84.951 84.966 84.986 85.026 85.028 86.176 87.358 87.418 86.701 86.558 86.668 87.273 87.156 87.021 86.361 86.728 86.016 85.881 87.426 85.873 86.706 86.146 86.011 85.983 86.093 86.083 86.116 86.268 86.553 86.346 86.781 86.621 86.686 86.806 86.846 86.918 87.021 87.281 87.258 87.038 87.108 87.273 88.181 87.551 87.526 87.643 88.558 92.023 93.863 94.818 95.303 94.378 90.856 88.343 87.938 90.768 92.003 88.076 88.191 88.061 88.018 88.088 88.208 88.263
86.323 84.908 84.911 84.928 84.941 84.938 84.933 84.951 84.953 84.968 84.993 85.018 85.056 85.956 87.013 87.368 85.558 85.283 85.326 85.358 86.523 87.258 87.271 86.953 85.786 85.668 85.726 85.778 85.846 85.906 85.998 86.053 86.098 86.123 86.143 86.191 86.241 86.303 86.371 86.458 86.516 86.578 86.641 86.738 86.811 86.916 86.948 87.178 87.103 87.441 88.026 87.488 87.453 87.741 87.536 88.298 90.516 91.866 94.028 93.298 91.016 88.386 90.298 92.478 88.968 87.876 87.933 87.953 88.243 89.166 90.736 89.316
84.923 85.201 84.936 84.946 84.961 84.971 84.948 85.011 85.018 85.026 85.028 85.061 85.051 85.031 85.078 85.128 85.188 85.241 85.306 85.323 85.468 85.503 85.513 85.576 85.596 85.683 85.773 85.781 85.858 85.923 86.013 86.046 86.093 86.116 86.113 86.176 86.243 86.311 86.416 86.451 86.498 86.576 86.653 86.743 86.798 86.848 86.951 86.993 87.056 87.136 87.158 87.238 87.313 87.383 87.436 87.641 87.603 88.358 90.246 89.318 89.978 90.718 89.563 91.453 87.881 87.886 87.918 87.971 88.078 90.078 91.008 91.198
84.823 85.233 85.241 85.011 84.993 85.001 85.031 84.993 85.016 85.013 85.016 85.008 85.056 85.056 85.113 85.173 85.211 85.226 85.298 85.356 85.411 85.458 85.513 85.581 85.618 85.683 85.793 85.856 85.893 86.008 86.066 86.046 86.101 86.096 86.111 86.201 86.293 86.356 86.381 86.433 86.483 86.571 86.643 86.706 86.743 86.848 86.918 86.986 87.051 87.151 87.213 87.283 87.308 87.356 87.368 87.581 87.756 87.683 87.776 87.996 88.108 88.778 88.706 89.273 88.018 87.911 87.916 87.936 88.026 88.336 89.388 91.496
85.008 85.261 85.448 85.051 85.038 85.013 85.051 85.046 85.026 85.016 85.006 85.021 85.056 85.098 85.133 85.158 85.238 85.256 85.378 85.468 85.548 86.493 86.931 86.586 87.408 88.531 89.928 88.881 88.803 89.093 86.463 86.133 86.171 86.163 86.233 86.281 86.376 86.393 86.503 86.506 86.551 86.616 86.661 86.738 86.808 86.866 86.941 87.011 87.063 87.118 87.206 87.288 87.361 87.398 87.433 87.446 87.738 87.718 87.796 87.738 87.806 87.856 88.003 88.338 88.413 87.963 87.923 88.036 88.091 88.393 88.421 92.426
84.488 84.628 85.213 85.063 85.046 85.026 85.061 85.068 85.066 85.058 85.068 85.023 85.096 85.146 85.366 85.673 85.818 85.796 86.073 86.088 86.236 86.241 87.081 87.493 88.791 90.021 90.058 90.186 89.553 89.043 86.216 86.188 86.216 86.216 86.301 86.906 87.043 87.133 86.481 86.561 86.628 86.686 86.728 86.798 86.881 86.921 86.983 87.051 87.101 87.171 88.021 88.643 88.311 87.386 87.451 87.431 87.511 87.673 87.651 87.713 87.828 87.851 87.803 87.911 88.188 87.903 87.901 88.173 88.263 88.373 89.956 94.383
84.513 84.878 85.241 85.068 85.093 85.086 85.068 85.083 85.116 85.083 85.116 85.128 85.473 85.596 85.621 85.708 85.778 85.851 86.426 86.321 86.481 86.933 87.053 87.066 89.108 90.278 90.031 90.103 89.896 88.831 86.256 86.216 86.266 86.253 86.316 88.181 88.963 88.111 86.651 86.623 86.688 87.101 86.881 86.868 86.913 87.093 87.098 87.113 87.676 87.316 89.046 89.833 89.443 87.503 87.453 87.418 87.491 87.653 87.683 87.756 87.793 87.816 87.798 87.873 87.901 88.273 87.936 87.973 88.013 89.226 92.943 94.851
84.616 84.891 85.353 84.956 85.023 85.018 85.068 85.166 85.188 85.133 85.138 85.183 85.463 85.473 85.583 85.686 85.761 85.878 86.598 86.348 86.358 89.133 89.478 89.848 90.406 91.576 92.056 93.421 92.346 91.168 86.346 86.313 86.296 86.298 86.373 87.348 87.596 87.198 87.136 87.523 87.161 88.471 89.046 87.001 87.463 89.471 89.426 89.588 89.738 88.381 88.016 88.138 88.201 87.553 87.468 87.473 87.493 87.638 87.753 87.856 87.798 87.813 87.828 87.863 87.951 88.281 88.028 88.016 88.153 89.598 94.298 95.021
84.616 84.753 85.276 84.896 84.958 85.018 85.018 85.091 85.296 85.178 85.201 85.268 85.398 85.463 85.616 85.753 85.876 85.953 86.498 86.671 86.653 90.178 90.543 90.538 90.681 93.501 94.033 94.371 93.953 92.201 87.026 86.343 86.338 86.328 86.426 87.153 87.288 86.908 87.016 88.671 87.123 88.306 89.293 87.058 87.068 89.471 89.818 89.991 89.568 88.741 87.923 88.188 88.183 87.571 87.506 87.498 87.528 87.653 87.788 88.703 87.991 87.898 87.811 87.923 87.961 88.071 88.368 88.081 88.398 92.423 94.843 94.728
84.613 84.611 84.788 84.883 84.963 85.003 85.028 85.106 85.386 85.256 85.263 85.266 85.378 85.523 85.663 85.853 86.008 86.093 86.856 86.653 86.571 90.278 90.543 90.541 91.256 93.403 94.001 94.361 93.916 92.208 86.608 86.413 86.431 86.426 86.508 88.676 89.693 92.131 91.348 92.343 91.738 92.738 92.226 91.291 92.481 93.131 92.706 93.133 94.006 93.341 91.523 92.183 92.578 87.638 87.513 87.516 87.546 87.701 87.818 90.818 88.813 87.866 87.886 87.971 88.033 88.068 88.423 88.453 90.216 94.268 95.176 93.548
84.598 84.608 84.793 84.883 84.928 85.051 85.398 85.176 85.401 85.281 85.281 85.321 85.453 85.611 85.753 85.923 86.101 86.216 86.531 86.526 86.893 90.153 90.561 90.546 91.058 93.463 93.991 94.333 93.946 92.468 88.641 86.681 86.496 86.498 86.598 92.948 95.251 95.268 95.286 95.331 95.298 95.293 95.303 95.341 95.371 95.351 95.338 95.386 95.456 95.391 95.368 95.448 92.666 87.941 87.556 87.566 87.586 87.726 87.918 90.713 88.831 87.891 87.986 87.983 88.008 88.036 88.156 88.603 91.886 94.738 94.743 91.413
84.608 84.618 84.848 84.968 85.106 85.693 88.088 85.536 85.453 85.363 85.353 85.428 85.878 85.658 85.833 86.021 86.188 86.306 86.358 86.403 86.761 90.031 90.541 90.541 90.986 93.281 94.008 94.373 93.976 92.396 89.503 86.981 86.606 86.606 86.888 93.726 96.596 96.603 96.536 96.456 96.473 96.588 96.608 96.428 96.488 96.611 96.618 96.683 96.571 96.571 96.576 96.716 94.293 87.658 87.596 87.601 87.608 87.748 88.101 91.726 93.571 93.096 92.456 92.621 93.556 93.218 92.401 92.066 91.128 93.156 93.681 88.586
84.801 84.713 84.898 85.451 85.478 86.738 88.158 85.731 85.551 85.433 85.428 85.483 85.808 85.781 85.931 86.106 86.271 86.396 86.441 86.496 87.276 90.293 90.548 90.538 90.543 92.351 93.993 94.378 93.978 93.443 88.633 87.096 86.711 86.751 88.231 93.933 96.053 96.076 96.103 96.063 95.981 95.978 95.953 95.996 95.963 95.943 95.901 95.886 95.983 95.903 95.811 95.818 95.108 87.706 87.653 87.641 87.673 87.791 87.981 93.828 94.876 94.948 94.883 94.908 94.906 94.896 94.971 93.213 91.036 91.093 89.296 88.353
90.043 89.366 89.023 88.188 90.188 89.891 89.693 85.656 85.473 85.493 85.523 85.568 85.773 85.878 86.036 86.198 86.386 86.498 86.558 86.601 87.111 88.561 88.308 88.621 89.418 92.203 93.983 94.386 93.963 93.373 86.966 86.833 86.818 86.843 87.141 92.368 94.743 94.738 94.708 94.681 94.671 94.661 94.608 94.508 94.591 94.591 94.576 93.981 94.406 94.516 94.521 94.546 92.313 87.748 87.683 87.688 87.701 87.806 87.928 94.143 94.441 94.426 94.366 94.328 94.333 94.298 94.283 92.618 90.056 89.741 88.521 88.331
91.776 91.351 91.756 92.193 92.111 92.091 90.321 86.168 85.533 85.551 85.596 85.636 85.963 85.988 86.181 86.311 86.468 86.631 86.708 86.746 86.781 86.751 86.861 86.828 86.873 86.878 87.461 88.718 87.833 88.338 87.003 86.926 86.941 86.951 87.003 88.506 90.631 88.481 88.341 89.178 90.456 87.878 87.778 87.996 88.633 88.128 88.973 89.078 87.651 87.938 87.708 89.191 88.273 87.723 87.691 87.708 87.716 87.811 88.018 88.376 89.378 89.033 90.328 90.711 89.231 89.366 89.116 88.608 88.356 88.438 88.431 88.636
90.976 90.953 91.523 91.981 92.221 92.118 89.553 85.966 85.633 85.641 85.666 85.686 86.076 86.213 86.408 86.658 86.766 86.566 86.856 86.806 86.736 86.761 86.813 86.806 86.911 86.888 86.933 86.996 86.978 87.018 86.976 87.001 87.016 87.046 87.076 87.173 87.218 87.248 87.298 87.346 87.393 87.468 88.008 88.096 87.601 87.568 87.598 87.623 87.648 87.666 87.723 87.723 87.731 87.716 87.726 87.751 87.751 87.826 87.948 87.996 88.071 88.143 88.206 88.218 88.248 88.276 88.296 88.311 88.303 88.338 88.358 88.346
85.651 86.658 87.116 88.056 89.031 90.208 87.581 85.786 85.723 85.701 85.711 85.748 86.008 86.213 86.213 86.338 86.398 86.421 86.553 86.618 86.653 86.738 86.781 86.803 86.828 86.863 86.908 86.958 86.996 87.001 87.003 87.061 87.078 87.123 87.151 87.191 87.231 87.226 87.283 87.338 87.366 87.428 87.896 88.306 87.496 87.558 87.591 87.621 87.633 87.671 87.703 87.733 87.798 87.776 87.743 87.766 87.771 87.926 88.061 88.118 88.133 88.198 88.238 88.233 88.233 88.233 88.281 88.353 88.393 88.411 88.416 88.356
85.003 84.931 85.168 85.326 85.308 85.606 85.831 85.853 85.761 85.753 85.803 85.871 86.036 86.146 86.221 86.331 86.386 86.438 86.533 86.553 86.626 86.703 86.726 86.741 86.793 86.846 86.928 86.926 86.998 87.011 87.033 87.088 87.108 87.136 87.183 87.228 87.246 87.278 87.291 87.331 87.356 87.363 87.391 87.421 87.473 87.488 87.556 87.598 87.611 87.633 87.728 87.783 87.746 87.746 87.746 87.801 87.796 87.916 88.078 88.166 88.191 88.241 88.276 88.261 88.296 88.343 88.371 88.406 88.411 88.431 88.398 88.321
84.893 84.976 85.033 85.143 85.276 85.446 85.616 85.693 85.726 85.736 85.853 85.973 86.068 86.163 86.258 86.353 86.378 86.446 86.516 86.591 86.633 86.718 86.741 86.753 86.826 86.861 86.923 86.933 86.976 87.028 87.053 87.086 87.108 87.156 87.156 87.216 87.246 87.273 87.291 87.346 87.386 87.388 87.418 87.446 87.488 87.508 87.571 87.596 87.616 87.653 87.676 87.718 87.751 87.763 87.781 87.846 87.858 87.883 87.988 88.056 88.128 88.211 88.253 88.283 88.318 88.358 88.443 88.466 88.476 88.431 88.326 88.306
85.058 85.153 85.203 85.336 85.453 85.526 85.588 85.616 85.711 85.818 85.911 86.018 86.096 86.186 86.273 86.323 86.396 86.448 86.516 86.591 86.628 86.666 86.711 86.781 86.826 86.853 86.923 87.008 87.036 87.058 87.123 87.143 87.148 87.501 88.308 87.836 87.248 87.618 87.448 87.346 87.373 87.568 87.851 88.081 87.523 87.551 87.593 87.583 87.601 87.638 87.693 87.741 87.793 87.821 87.823 87.873 87.891 87.923 87.943 88.013 88.053 88.151 88.208 88.246 88.331 88.366 88.441 88.488 88.471 88.421 88.338 88.363
