data/LIDAR-DSM-2M-NZ24se/nz2840_DSM_2M.asc
ncols 500
nrows 500
xllcorner    428000
yllcorner    540000
cellsize     2
NODATA_value -9999
[rows 288 to 319 of 500, columns 288 to 359 of 500]
34.303 33.503 33.195 32.74 32.543 32.448 32.329 32.39 32.318 32.288 32.345 32.358 32.278 32.358 32.348 32.37 32.387 32.352 32.35 -9999 -9999 -9999 -9999 -9999 -9999 -9999 -9999 32.485 32.506 32.502 32.484 32.48 32.502 -9999 -9999 -9999 -9999 -9999 -9999 -9999 39.111 38.173 39.706 41.534 40.464 41.595 45.043 41.446 41.973 46.603 44.674 44.512 45.288 51.672 45.755 40.99 39.827 40.023 38.916 40.232 38.909 38.898 38.894 38.858 38.867 38.889 38.9 38.933 38.932 38.947 38.977 39.005
36.17 35.233 33.965 33.306 33.074 33.166 32.656 32.458 32.239 32.368 32.381 32.395 32.353 32.363 32.333 32.431 32.441 32.388 -9999 -9999 -9999 -9999 -9999 -9999 -9999 -9999 -9999 32.479 32.495 32.506 32.467 32.435 32.475 -9999 -9999 -9999 -9999 -9999 -9999 -9999 -9999 38.872 39.796 39.372 38.225 39.927 40.333 40.267 36.888 39.259 45.915 44.038 46.072 49.638 47.078 42.859 47.78 43.227 38.895 43.34 38.96 38.905 38.868 38.803 38.803 38.835 38.89 38.915 38.9 38.907 38.917 38.956
36.39 36.1 35.427 35.136 34.281 33.575 33.463 32.768 32.488 32.362 32.428 32.386 32.362 32.394 32.364 32.426 32.457 -9999 -9999 -9999 -9999 -9999 -9999 -9999 -9999 -9999 -9999 32.474 32.46 32.45 32.516 32.506 32.486 -9999 -9999 -9999 -9999 -9999 -9999 -9999 -9999 -9999 -9999 -9999 38.25 39.732 40.601 37.459 36.368 38.363 38.855 43.17 45.145 43.605 42.049 43.505 43.129 46.799 47.785 41.569 42.912 38.859 38.848 38.849 38.827 38.813 38.808 38.86 38.848 38.86 38.868 38.896
36.423 36.304 36.203 36.125 36.045 35.855 34.438 33.75 33.092 32.72 32.756 32.577 32.499 32.502 32.451 32.504 32.53 32.541 32.548 32.532 -9999 -9999 -9999 -9999 -9999 -9999 -9999 -9999 32.476 32.489 32.509 32.503 -9999 -9999 -9999 -9999 -9999 -9999 -9999 -9999 -9999 -9999 -9999 -9999 -9999 -9999 -9999 38.505 41.574 42.409 40.539 43.568 40.932 41.464 46.728 47.399 48.461 46.77 45.007 43.513 42.733 38.835 38.82 38.865 38.776 38.794 38.788 38.778 38.813 38.84 38.849 38.882
36.883 36.435 36.318 36.241 36.269 36.34 36.223 35.714 34.47 33.99 33.206 32.97 32.86 32.838 32.638 32.614 32.536 32.563 32.607 32.608 32.623 32.807 33.015 33.01 32.847 32.821 -9999 -9999 -9999 -9999 -9999 -9999 -9999 -9999 -9999 -9999 -9999 -9999 -9999 -9999 -9999 -9999 -9999 -9999 -9999 -9999 34.156 -9999 41.054 41.483 40.18 43.34 46.316 44.315 43.425 42.505 47.945 43.493 41.725 40.492 41.691 40.485 39.553 38.818 38.853 38.816 38.798 38.785 38.788 38.815 38.861 38.875
37.23 36.978 36.674 36.506 36.37 36.368 36.413 36.225 36.25 35.84 35.243 34.513 34.148 33.835 33.153 33.075 32.921 32.748 32.608 32.583 32.629 32.862 33.076 32.942 32.875 32.81 32.876 33 33.056 32.833 -9999 -9999 -9999 -9999 32.502 32.491 32.484 -9999 -9999 -9999 -9999 -9999 -9999 -9999 32.546 32.558 32.568 33.243 34.68 36.782 39.489 40.217 44.14 41.615 36.743 41.745 48.993 38.31 36.815 44.879 44.86 40.307 44.213 40.13 38.873 38.839 38.823 38.798 38.765 38.76 38.819 38.853
37.505 37.297 37.071 36.794 36.595 36.47 36.378 36.273 36.273 36.263 36.238 36.093 35.738 35.568 35.088 34.882 34.586 34.383 33.626 33.421 33.104 32.966 33.34 32.934 32.956 32.723 32.976 33.135 33.076 32.813 32.682 32.614 -9999 32.524 32.525 32.508 32.484 32.47 -9999 -9999 -9999 -9999 32.52 32.525 32.534 32.559 32.58 32.551 32.499 33.109 34.463 38.547 42.85 35.145 41.277 35.671 38.498 37.901 37.509 40.959 43.411 40.435 42.705 44.733 39.491 38.868 38.835 38.835 38.773 38.794 38.796 38.79
37.663 37.579 37.425 37.208 37.005 36.765 36.583 36.448 36.298 36.281 36.188 36.17 36.094 36.069 35.943 35.822 35.725 35.82 35.349 35.248 34.925 34.535 33.808 33.693 33.22 33.288 33.06 33.282 33.086 32.704 32.678 32.634 32.654 32.598 32.522 32.508 32.451 32.47 32.476 -9999 -9999 32.515 32.518 32.515 32.492 32.584 32.567 32.543 32.523 32.796 34.306 36.823 38.8 38.668 42.406 42.297 37.457 41.767 40.953 45.7 42.302 36.806 40.374 41.85 38.991 38.918 38.848 38.868 38.806 38.817 38.753 38.81
37.61 37.633 37.663 37.597 37.351 37.133 36.936 36.726 36.587 36.43 36.278 36.23 36.15 36.129 36.065 36.1 36.128 36.183 36.158 36.118 36.028 35.665 35.409 35.375 34.934 34.483 34.064 33.787 33.645 33.413 33.024 32.785 32.823 32.751 32.518 32.474 32.52 32.493 32.494 32.546 -9999 32.514 32.519 32.518 32.523 32.566 32.566 32.576 32.553 32.615 34.733 37.789 38.192 38.51 41.663 40.908 41.939 44.946 40.575 41.88 42.394 37.193 38.213 41.838 39.408 38.99 38.809 41.88 38.795 38.86 38.799 38.775
36.865 37.508 37.723 37.642 37.616 37.473 37.33 37.046 36.82 36.738 36.553 36.425 36.34 36.258 36.173 36.173 36.148 36.188 36.232 36.285 36.326 36.228 36.105 36.002 35.776 35.606 35.373 35.095 34.86 34.457 34.034 33.743 33.204 33.455 33.13 32.683 32.533 32.532 32.562 -9999 -9999 -9999 32.528 32.53 32.545 32.573 32.584 32.567 32.527 32.489 32.906 35.765 37.136 38.995 40.877 40.354 42.647 39.32 33.744 34.189 38.358 39.095 36.39 35.71 38.826 41.735 46.268 40.269 39.61 38.889 38.837 38.783
36.078 36.556 37.35 37.68 37.76 37.718 37.608 37.455 37.32 37.233 36.984 36.778 36.618 36.498 36.387 36.272 36.224 36.208 36.284 36.312 36.329 36.35 36.368 36.312 36.214 36.183 36.175 36.048 35.944 35.523 35.69 35.251 34.755 34.133 33.703 33.303 32.885 32.634 32.768 32.83 -9999 -9999 -9999 -9999 -9999 -9999 32.548 32.504 32.448 32.451 32.486 32.537 33.159 34.991 38.294 38.038 41.003 35.483 32.524 33.038 33.52 37.82 38.002 34.773 39.435 45.253 46.138 45.279 47.783 38.874 38.853 38.784
36.028 36.02 36.07 36.908 37.478 37.703 37.853 37.74 37.671 37.535 37.373 37.213 36.966 36.815 36.645 36.468 36.348 36.32 36.306 36.313 36.305 36.377 36.398 36.411 36.4 36.373 36.44 36.385 36.335 36.198 36.073 35.924 35.875 35.619 35.43 34.304 33.878 33.085 32.903 32.896 32.909 -9999 -9999 -9999 -9999 -9999 -9999 32.468 32.455 32.498 32.537 32.549 32.548 33.316 35.926 36.75 36.46 33.972 33.182 32.593 32.843 37.219 34.877 36.348 37.528 47.12 48.823 47.206 40.112 38.807 38.873 38.863
36.093 36.048 36.028 36.103 36.464 37.161 37.503 37.713 37.797 37.793 37.693 37.603 37.445 37.227 37.041 36.88 36.678 36.54 36.43 36.37 36.384 36.38 36.415 36.428 36.456 36.471 36.455 36.473 36.448 36.424 36.395 36.353 36.253 36.25 36.104 35.671 34.875 34.35 33.504 32.865 33.026 32.909 -9999 -9999 -9999 -9999 -9999 32.461 32.502 32.542 32.555 32.535 32.477 34.213 38.878 37.743 38.298 35.456 34.018 33.012 32.541 33.213 35.03 37.05 36.3 44.018 47.247 47.068 47.32 41.199 38.87 38.915
36.068 36.079 36.05 36.061 36.141 36.391 36.82 37.288 37.717 37.855 37.793 37.805 37.736 37.58 37.51 37.368 37.148 36.97 36.725 36.58 36.482 36.429 36.415 36.453 36.461 36.489 36.514 36.49 36.488 36.506 36.502 36.463 36.35 36.418 36.311 36.157 35.878 35.248 34.703 33.566 33.106 32.821 32.828 32.799 32.966 -9999 32.799 32.483 32.466 32.531 32.555 32.536 32.462 33.673 39.03 39.098 39.365 37.122 33.43 32.917 32.974 33.865 34.165 37.937 37.977 40.532 41.174 42.69 44.237 41.883 38.87 38.9
36.043 36.069 36.095 36.098 36.114 36.196 36.245 36.405 37.038 37.498 37.83 37.958 37.883 37.903 37.798 37.662 37.5 37.365 37.106 36.911 36.754 36.63 36.525 36.445 36.401 36.422 36.476 36.525 36.545 36.562 36.556 36.561 36.531 36.403 36.348 36.317 36.248 36.168 35.68 34.898 33.945 32.995 32.877 32.828 33.252 33.511 32.836 32.457 32.443 32.495 32.523 32.505 32.475 32.492 32.728 39.378 40.708 38.554 33.374 32.492 32.952 33.558 32.719 35.302 37.104 36.635 39.003 37.09 39.709 39.213 38.951 38.818
36.013 36.055 36.118 36.159 36.15 36.15 36.195 36.218 36.255 36.598 37.01 37.465 37.978 38.08 37.933 37.922 37.873 37.855 37.487 37.261 37.135 36.975 36.768 36.62 36.508 36.457 36.435 36.493 36.487 36.536 36.6 36.665 36.6 36.47 36.416 36.409 36.376 36.293 36.318 36.14 35.379 33.985 33.097 32.9 33.373 33.515 32.957 32.741 32.588 32.517 32.505 32.496 32.509 32.549 33.953 38.483 39.911 38.303 33.581 32.595 32.655 32.705 33.55 34.702 38.893 33.578 36.336 40.418 46.227 40.725 39.502 41.219
36.043 36.023 36.065 36.123 36.173 36.178 36.182 36.22 36.206 36.243 36.34 36.633 37.008 37.662 37.936 38.11 38.023 38.035 37.923 37.8 37.668 37.367 37.133 36.983 36.728 36.618 36.524 36.485 36.453 36.5 36.554 36.633 36.653 36.638 37.633 39.329 38.222 36.318 36.338 36.343 36.331 34.849 34.048 33.583 34.446 33.585 33.074 33.541 33.143 32.55 32.556 32.553 -9999 32.532 32.854 32.7 33.005 32.704 32.54 32.557 32.569 32.509 32.805 33.067 37.167 38.944 37.451 39.783 48.265 37.39 46.565 49.23
36 36.01 36.022 36.07 36.093 36.13 36.177 36.203 36.263 36.314 36.305 36.295 36.305 36.465 37.258 37.658 37.778 37.947 38.003 38.029 37.945 37.828 37.67 37.468 37.143 36.978 36.817 36.638 36.545 36.507 36.515 36.562 36.503 36.52 38.038 40.555 38.873 36.591 36.434 36.378 36.395 36.298 35.423 34.787 34.618 34.21 33.589 33.841 33.446 32.847 32.704 -9999 -9999 32.471 32.462 32.457 32.462 32.467 32.51 32.531 32.519 32.473 32.539 34.265 38.065 36.32 47.451 45.882 48.179 42.261 49.36 50.8
36.055 36.02 36.045 36.05 36.054 36.105 36.136 36.17 36.266 36.318 36.298 36.293 36.315 36.325 36.335 36.543 37.011 37.253 37.525 37.824 37.995 37.975 37.983 37.845 37.577 37.414 37.204 37.023 36.883 36.703 36.599 36.577 36.563 36.558 36.54 37.903 37.215 36.515 36.465 36.44 36.465 36.432 36.434 36.103 35.248 34.818 34.44 33.953 33.79 33.02 32.794 32.863 -9999 32.526 32.5 32.497 32.504 32.542 32.548 32.518 32.476 32.47 32.934 37.823 40.854 36.57 46.403 42.709 36.15 40.555 44.868 49.99
36.02 36.001 36.055 36.055 36.079 36.127 36.15 36.15 36.233 36.3 36.288 36.323 36.36 36.31 36.32 36.354 36.424 36.56 36.851 37.262 37.803 37.965 38 37.983 37.893 37.882 37.695 37.495 37.295 37.035 36.855 36.726 36.623 36.623 36.595 36.561 36.558 36.5 36.478 36.463 36.477 36.453 36.44 36.382 36.323 35.25 34.893 34.447 33.82 33.043 32.932 33.44 33.542 32.703 32.579 32.502 32.491 32.517 32.507 32.492 32.477 32.453 32.508 36.416 35.075 38.118 36.083 34.013 36.686 40.053 44.42 48.93
36.042 36.07 36.055 36.088 36.105 36.143 36.153 36.168 36.183 36.21 36.275 36.325 36.333 36.335 36.331 36.336 36.346 36.313 36.385 36.587 36.735 37.122 37.705 37.975 37.97 38.025 37.964 37.848 37.711 37.422 37.279 37.084 36.863 36.773 36.72 36.636 36.566 36.504 36.453 36.435 36.465 36.485 36.407 36.375 36.38 36.233 35.401 34.858 34.454 33.549 33.539 33.8 33.37 32.738 32.623 32.498 32.443 32.472 32.512 32.503 32.472 32.54 32.495 32.504 32.851 32.493 34.608 34.094 36.62 47.408 43.208 48.937
36.035 36.023 36.058 36.08 36.132 36.138 36.158 36.185 36.203 36.223 36.208 36.3 36.283 36.313 36.349 36.353 36.368 36.365 36.374 36.348 36.393 36.531 36.693 37.005 37.552 37.903 37.978 37.985 37.958 37.896 37.734 37.511 37.349 37.158 36.987 36.801 36.646 36.501 36.465 36.443 36.426 36.489 36.49 36.453 36.39 36.355 36.131 35.331 34.89 34.358 34.758 33.369 33.067 32.907 32.624 32.477 32.469 32.484 32.488 32.493 32.494 32.488 32.453 32.526 32.537 32.49 33.516 38.478 42.244 39.53 39.52 41.574
36.073 36.043 36.055 36.094 36.143 36.14 36.165 36.175 36.225 36.203 36.207 36.235 36.223 36.29 36.312 36.333 36.373 36.373 36.363 36.386 36.391 36.356 36.393 36.473 36.847 37.097 37.505 37.818 37.969 38.009 37.959 37.91 37.771 37.583 37.277 37.09 36.9 36.78 36.583 36.543 36.449 36.461 36.51 36.448 36.443 36.408 36.304 35.938 35.29 34.743 34.318 34.383 33.446 33.543 33.453 32.654 32.454 32.467 32.482 32.508 32.543 32.495 32.513 32.494 32.517 32.487 32.675 37.296 42.783 44.835 38.672 37.673
36.105 36.085 36.079 36.098 36.145 36.165 36.15 36.233 36.216 36.192 36.204 36.208 36.275 36.269 36.265 36.293 36.317 36.305 36.34 36.401 36.415 36.418 36.428 36.414 36.474 36.512 36.792 37.138 37.608 37.867 37.975 38.023 38.098 37.997 37.795 37.591 37.309 37.138 36.925 36.729 36.563 36.46 36.395 36.408 36.435 36.463 36.381 36.29 35.788 35.075 34.635 34.29 34.447 34.176 33.422 33.022 32.48 32.442 32.5 32.461 32.478 32.522 32.508 32.448 32.523 32.51 32.507 32.827 38.043 43.983 39.188 35.17
36.135 36.13 36.077 36.133 36.15 36.117 36.155 36.208 36.21 36.229 36.255 36.255 36.248 36.272 36.28 36.3 36.265 36.27 36.308 36.392 36.394 36.4 36.443 36.425 36.433 36.44 36.456 36.568 36.683 37.239 37.726 37.95 37.97 38.03 38.047 37.948 37.798 37.684 37.365 37.044 36.808 36.63 36.477 36.398 36.4 36.438 36.451 36.448 36.385 36.108 35.55 34.848 34.734 34.413 33.031 32.988 32.682 32.435 32.445 32.482 32.499 32.521 32.479 32.465 32.546 32.514 32.5 32.519 32.832 37.82 37.05 35.065
36.112 36.123 36.158 36.133 36.172 36.128 36.168 36.195 36.217 36.204 36.243 36.293 36.262 36.299 36.303 36.287 36.265 36.293 36.288 36.379 36.388 36.389 36.396 36.429 36.465 36.459 36.465 36.52 36.47 36.591 36.801 37.235 37.635 37.884 38.044 38.068 38.065 38.025 37.806 37.476 37.19 36.925 36.771 36.578 36.5 36.446 36.427 36.423 36.448 36.413 36.327 35.487 34.865 34.363 33.233 32.891 32.717 32.477 32.446 32.571 32.567 32.607 32.513 32.502 32.505 32.52 32.531 32.531 32.525 32.578 32.829 33.442
36.149 36.158 36.148 36.19 36.145 36.145 36.206 36.225 36.213 36.215 36.205 36.232 36.271 36.283 36.285 36.275 36.245 36.28 36.314 36.344 36.295 36.305 36.35 36.392 36.399 36.435 36.419 36.492 36.512 36.519 36.473 36.493 36.71 37.356 37.709 38.033 38.04 38.072 38.072 37.904 37.645 37.388 37.168 36.895 36.723 36.542 36.455 36.426 36.433 36.41 36.375 35.997 35.295 34.75 34.045 32.838 32.865 33.341 32.668 32.555 32.612 32.571 32.507 32.525 32.469 32.514 32.511 32.509 32.533 32.568 33.052 35.984
36.153 36.168 36.173 36.157 36.15 36.203 36.229 36.268 36.2 36.21 36.239 36.248 36.278 36.26 36.26 36.262 36.21 36.268 36.279 36.305 36.283 36.313 36.317 36.335 36.312 36.36 36.4 36.437 36.482 36.543 36.465 36.49 36.485 36.663 36.94 37.403 37.768 38.009 38.126 38.184 38.123 37.968 37.708 37.386 36.961 36.777 36.605 36.51 36.447 36.381 36.363 36.336 35.829 35.033 34.676 33.747 34.259 33.771 32.772 32.503 32.503 32.481 32.49 32.535 32.498 32.482 32.512 32.501 32.505 32.527 35.528 40.203
36.13 36.153 36.145 36.15 36.17 36.203 36.206 36.208 36.213 36.236 36.283 36.245 36.238 36.24 36.24 36.233 36.253 36.278 36.282 36.29 36.26 36.301 36.293 36.349 36.305 36.33 36.337 36.376 36.444 36.473 36.493 36.485 36.455 36.487 36.512 36.573 36.875 37.447 38.006 38.223 38.148 38.145 38.023 37.795 37.472 37.13 36.92 36.76 36.604 36.431 36.408 36.443 36.143 35.43 35.16 34.732 34.187 34.03 33.034 32.491 32.487 32.455 32.446 32.52 32.495 32.471 32.53 32.47 32.454 32.515 33.013 34.451
36.123 36.145 36.108 36.143 36.113 36.174 36.194 36.19 36.21 36.259 36.285 36.263 36.25 36.223 36.225 36.228 36.242 36.275 36.252 36.275 36.254 36.278 36.248 36.311 36.273 36.307 36.29 36.35 36.393 36.413 36.447 36.485 36.486 36.469 36.438 36.448 36.455 36.638 37.029 37.64 38.073 38.253 38.154 38.081 37.86 37.592 37.363 37.055 36.846 36.618 36.498 36.465 36.42 36.043 35.473 34.745 34.174 33.42 32.842 32.552 32.512 32.486 32.466 32.498 32.463 32.457 32.505 32.49 32.451 32.461 32.667 34.368
36.128 36.095 36.128 36.108 36.12 36.161 36.148 36.187 36.21 36.244 36.218 36.273 36.274 36.233 36.228 36.24 36.233 36.25 36.253 36.271 36.285 36.284 36.29 36.315 36.265 36.3 36.29 36.36 36.353 36.348 36.385 36.42 36.436 36.455 36.485 36.455 36.407 36.44 36.455 36.673 37.173 37.943 38.179 38.413 38.115 38.045 37.807 37.394 37.169 36.868 36.718 36.623 36.533 36.476 36.023 35.08 34.635 34.02 33.513 32.8 32.625 32.459 32.493 32.477 32.479 32.495 32.475 32.467 32.467 32.466 32.491 32.769
36.075 36.12 36.103 36.1 36.09 36.085 36.125 36.173 36.192 36.216 36.21 36.225 36.279 36.25 36.195 36.253 36.268 36.23 36.225 36.251 36.277 36.282 36.31 36.291 36.279 36.282 36.302 36.323 36.295 36.311 36.379 36.391 36.425 36.424 36.419 36.44 36.428 36.423 36.448 36.492 36.475 37.026 37.713 38.24 38.368 38.287 38.072 37.77 37.515 37.295 37.025 36.885 36.706 36.543 36.432 35.625 35.048 34.563 33.713 33.174 32.823 32.587 32.497 32.499 32.511 32.519 32.539 32.465 32.482 32.45 32.511 32.488
