data/LIDAR-DSM-2M-NZ24se/nz2842_DSM_2M.asc
ncols 500
nrows 500
xllcorner    428000
yllcorner    542000
cellsize     2
NODATA_value -9999
[rows 256 to 287 of 500, columns 292 to 364 of 500]
70.525 70.318 70 70.188 70.328 70.078 70.155 70.395 70.595 70.893 71.16 71.53 71.638 71.7 71.71 71.58 73.575 73.225 72.775 72.065 72.365 72.753 73.123 73.393 73.525 73.725 73.93 74.163 74.303 74.265 74.118 73.85 73.588 73.41 73.435 73.52 73.523 73.583 73.805 74.078 74.705 76.13 76.243 77.118 77.99 78.615 79.18 79.643 79.983 80.2 80.26 80.148 80.243 80.693 80.495 80.63 80.805 80.833 80.84 81.123 81.39 81.348 81.31 81.098 80.875 80.73 80.568 80.493 80.375 80.233 80.165 80.455 81.09
72.135 72.278 71.955 71.803 71.66 71.308 71.02 73.143 71.113 71.39 71.66 72.1 72.093 72.123 72.215 72.385 75.08 76.928 73.735 72.73 72.955 73.11 73.403 73.625 73.8 74.02 74.325 74.52 74.263 74.198 74.043 73.785 73.653 73.7 73.828 73.925 74.09 74.02 74.93 74.713 75.82 76.343 77.343 78.22 78.865 79.423 79.883 80.16 80.358 80.565 80.63 80.725 81.005 81.36 81.188 81.248 81.363 81.453 81.748 82.098 82.305 82.363 82.81 82.293 81.998 81.883 81.78 81.638 81.418 81.323 81.35 81.61 82.198
74.01 73.393 73.233 74.133 72.94 73.59 73.448 74.395 72.593 72.995 73.575 73.935 75.08 73.263 73.298 73.523 74.475 74.908 74.158 73.785 74.33 73.735 73.65 73.765 74.028 74.265 74.403 74.473 74.358 74.193 73.99 73.88 73.975 74.188 74.23 74.343 74.42 74.623 75.44 75.845 77.303 77.868 78.413 79.13 80.403 80.02 80.405 80.598 80.678 80.753 81.018 81.538 81.753 82.168 82.355 82.118 82.838 82.995 82.678 83.053 83.215 83.328 83.353 83.96 83.868 83.038 82.87 82.715 82.483 82.36 82.64 83.005 83.42
75.443 73.863 73.983 74.913 77.03 75.955 74.135 75.05 73.823 73.68 74.373 76.898 76.305 73.863 74.275 74.72 75.363 75.755 75.538 75.263 74.855 74.448 74.088 74.505 74.613 74.415 74.495 74.535 74.488 74.345 74.18 74.26 76.423 74.89 74.733 74.853 74.94 75.505 76.318 77.158 78.033 78.66 79.19 79.688 80.183 80.508 80.835 80.91 81.108 81.295 81.463 82.013 82.313 82.775 83.653 82.9 83.025 83.408 83.618 83.895 84.06 84.195 84.325 84.31 84.353 84.255 84.073 83.903 83.705 83.648 83.878 84.268 84.613
74.165 74.275 74.505 74.783 74.783 74.798 75.028 74.795 74.423 74.485 74.69 76.183 75.1 74.69 75.01 75.47 76.008 76.418 76.548 76.398 76.1 77.89 79.868 81.54 77.07 74.653 74.885 74.833 74.775 74.725 74.68 74.768 74.958 75.053 75.31 75.648 76.205 77.28 77.665 78.355 79.038 79.458 80.008 80.378 80.678 80.923 81.085 81.27 81.46 81.605 82.023 82.42 82.598 82.698 83.473 83.158 83.36 83.685 84.038 84.388 84.613 84.808 84.995 85.083 85.17 85.408 85.09 84.913 84.858 84.895 85.093 86.025 86.09
74.583 74.788 75.018 75.368 75.56 75.745 75.43 75.165 75.05 75.18 75.945 76.11 75.315 75.435 76.405 75.948 76.365 76.785 77.403 77.51 77.393 77.02 82.013 84.75 78.96 75.543 75.718 75.42 75.29 75.308 75.39 75.605 75.73 75.87 76.19 76.92 77.67 78.398 79.055 79.53 79.99 80.38 80.66 81.018 81.188 81.468 81.725 82.64 82.745 82.753 82.68 82.918 83.013 82.933 83.365 83.973 83.77 84.15 84.47 84.825 85.083 85.293 85.505 85.615 85.745 86.245 86.27 86.165 85.745 85.793 86.008 87.008 87.313
74.923 75.22 75.458 75.648 75.773 75.873 75.855 75.775 75.668 75.893 76.83 75.96 75.913 75.993 76.28 76.49 76.753 77.015 77.398 77.735 78.35 78.218 80.11 83.865 78.958 76.745 76.483 76.905 76.395 77.593 76.535 76.815 76.945 80.61 78.913 79.61 79.443 79.443 81.253 80.25 80.578 80.883 81.443 81.958 82.563 82.573 83.423 83.513 83.8 83.673 83.313 83.67 85.065 83.45 83.575 83.89 84.215 85.703 85.033 85.958 85.65 85.85 86.008 86.13 86.273 86.573 86.56 86.798 86.563 86.903 86.963 86.86 86.91
75.493 75.67 75.828 76.023 76.16 76.265 76.305 76.32 76.31 76.393 76.498 76.623 76.78 76.525 76.845 77.003 77.305 77.493 77.725 78 78.378 79.12 78.978 79.78 78.88 78.44 78.373 81.323 79.893 78.773 78.853 78.423 79.493 83.758 81.613 80.06 79.933 80.14 80.488 81.843 81.163 81.36 81.993 82.45 85.305 83.885 84.52 85.153 85.06 85.67 84.395 84.2 86.803 84.183 84.37 84.645 86.038 86.53 87.883 87.8 87.525 86.23 86.335 86.52 86.548 86.66 86.695 86.683 86.72 86.82 86.733 86.795 86.775
76.153 76.77 76.405 76.495 76.668 76.89 76.885 76.915 76.813 76.865 76.988 77.263 77.243 77.1 77.29 77.67 77.795 77.948 78.103 78.353 78.615 78.95 79.443 79.36 79.463 79.505 80.03 79.468 80.64 79.51 79.5 79.683 79.713 80.703 80.96 80.4 80.585 80.825 81.235 81.653 81.97 82.23 82.738 83.505 84.565 84.67 85.59 85.915 85.888 85.903 85.14 84.75 84.718 85.39 85.01 85.295 85.673 87.458 88.895 88.773 89.025 86.745 86.58 86.695 86.58 86.623 86.653 86.668 86.685 86.713 86.753 86.78 86.843
77.728 76.828 77.415 76.983 77.08 77.188 77.34 77.315 77.285 77.283 77.32 77.43 77.685 78.638 77.885 78.15 78.283 78.468 78.673 78.8 79.053 79.188 79.38 79.565 79.715 79.823 79.938 79.95 79.965 79.978 80.095 80.275 80.53 80.82 81.133 81.278 81.56 81.673 82.163 82.705 83.118 83.665 83.835 84.263 86.54 86.143 86.283 87.45 87.185 86.47 86.073 85.788 85.83 86.338 85.85 86.9 86.695 87.833 89.098 88.998 87.848 86.723 86.545 86.55 86.58 86.638 86.68 86.71 86.733 86.775 86.843 86.903 86.96
78.188 77.483 77.42 77.503 77.56 77.61 77.715 77.773 77.798 77.895 77.928 78.115 78.09 78.155 78.585 78.495 78.87 78.895 79.155 79.37 79.53 79.685 79.763 79.93 80.058 80.185 80.315 80.415 80.503 80.6 80.823 80.97 81.335 81.68 82.293 82.498 82.79 82.963 83.308 84.028 84.158 86.033 87.093 85.535 86.6 86.76 86.715 86.775 86.713 86.908 86.735 87.288 86.58 86.445 86.133 88.025 86.95 88.135 89.085 89.318 87.833 86.79 86.595 86.63 86.698 86.73 86.768 86.798 86.81 86.86 86.96 87.008 87.06
77.418 77.538 77.733 77.935 78.08 78.288 78.148 78.235 78.25 78.425 78.498 78.635 78.783 78.615 78.89 79.038 79.618 79.448 79.623 79.735 79.76 79.93 80.128 80.315 80.42 80.485 80.625 80.783 80.908 81.028 81.265 81.553 81.678 82.01 82.348 82.73 83.075 83.478 83.945 84.175 84.63 85.235 85.455 85.85 86.278 86.47 86.655 86.715 86.813 86.763 86.693 86.975 88.255 86.715 87.153 86.715 89.033 87.495 89.058 90.588 88.063 86.653 86.67 86.705 86.76 86.78 86.853 86.88 86.913 86.95 86.995 87.065 87.118
77.785 77.885 78.05 78.49 78.643 78.583 78.475 78.6 78.705 78.773 78.888 79.125 79.178 79.105 79.26 79.398 79.5 79.698 79.84 79.978 80.09 80.203 80.375 80.483 80.775 80.798 80.85 81.003 81.105 81.298 81.463 81.695 81.928 82.198 82.488 82.768 83.063 83.485 83.833 84.293 84.653 85.04 85.428 85.813 86.16 86.45 86.58 86.745 86.81 86.748 86.828 88.075 89.063 87.443 87.205 87.58 90.448 88.58 89.545 88.483 87.098 86.693 86.733 86.775 86.788 86.833 86.91 86.965 87 87.025 87.045 87.118 87.153
79.573 78.5 78.268 78.723 78.798 78.735 78.805 78.895 79.075 79.183 79.258 79.293 79.4 79.345 79.55 79.658 79.79 79.98 80.115 80.305 80.425 80.505 80.63 80.76 80.935 81.018 81.118 81.723 81.433 81.563 81.763 81.978 82.213 82.483 82.835 83.088 83.388 83.728 84.06 84.308 84.67 85.045 85.425 85.778 86.108 86.415 86.645 86.848 86.88 86.783 88.135 89.18 87.238 87.013 87.125 87.713 88.61 87.223 88.543 89.318 87.215 86.78 86.815 86.823 86.875 86.915 86.963 87.038 87.07 87.11 87.115 87.188 87.228
79.735 78.125 78.695 79.678 78.883 79.053 79.14 79.178 79.353 79.36 79.55 79.535 79.593 79.425 79.358 79.6 80.043 80.253 80.348 80.475 80.608 80.67 80.815 80.91 80.993 81.103 81.148 81.443 81.463 81.658 81.845 82.085 82.29 82.603 82.875 83.188 83.978 83.87 84.2 84.565 84.965 85.225 85.52 85.805 86.113 86.418 86.693 86.845 86.968 86.865 87.048 89.728 87.655 87.068 87.213 87.178 88.758 87.09 88.333 88.055 86.93 86.833 86.855 86.89 86.943 86.968 87.03 87.095 87.135 87.17 87.18 87.245 87.278
77.515 77.713 78.015 78.743 78.85 79.195 79.59 79.48 79.96 79.92 79.74 79.725 79.743 79.56 79.075 79.388 79.855 80.263 80.263 80.69 80.383 80.48 81.075 80.518 80.693 80.708 80.845 80.935 81.3 81.595 81.735 81.895 82.35 82.58 82.84 83.163 83.515 83.84 84.19 84.76 84.968 85.298 85.603 85.93 86.188 86.38 86.66 86.835 86.978 86.933 87.023 88.67 88.29 87.823 87.403 87.028 86.958 87.008 87.01 86.918 86.913 86.885 86.925 86.98 87.008 87.04 87.103 87.168 87.205 87.238 87.283 87.33 87.358
76.638 77.185 77.665 78.058 78.448 78.878 79.2 79.478 79.72 80.135 79.91 79.943 79.86 79.67 79.04 78.718 78.908 79.29 79.368 79.675 79.265 79.335 79.863 79.408 79.465 79.43 79.5 79.773 80.208 80.563 80.765 81.103 81.913 82.46 82.913 83.24 83.53 83.81 84.21 85.368 84.973 85.313 85.585 85.913 86.205 86.41 86.658 86.808 86.94 86.988 86.998 87.243 87.27 87.098 87.023 87.125 88.493 89.073 87.125 86.965 86.953 86.945 86.98 87.015 87.035 87.11 87.173 87.213 87.255 87.298 87.33 87.38 87.413
77.588 76.113 76.785 77.683 78.265 78.59 78.773 79.018 79.43 79.65 79.605 79.483 79.773 79.44 78.89 78.413 77.99 77.815 77.943 79.235 78.13 78.1 78.173 78.278 78.203 78.188 78.248 78.463 78.893 79.383 79.575 80.103 80.688 81.2 81.908 82.625 83.26 83.79 84.213 84.51 84.93 85.268 85.563 85.873 86.163 86.443 86.68 86.798 86.88 86.965 86.94 87.03 87.013 87.105 87.23 87.398 87.935 87.63 87.205 87.058 86.993 87 87.013 87.063 87.093 87.188 87.215 87.28 87.328 87.328 87.385 87.44 87.473
75.698 75.358 75.598 76.615 77.418 77.74 78.288 78.755 79.048 79.243 79.218 79.14 79.103 78.805 78.098 78.073 77.553 77.26 76.918 76.685 76.468 76.508 76.765 76.95 76.98 76.985 76.953 77.153 77.608 78.22 78.48 78.973 79.558 80.653 81.113 81.533 82.253 83.063 83.753 84.42 84.885 85.2 85.568 85.855 86.135 86.43 86.638 86.81 86.883 86.968 86.928 87.048 87.063 87.183 87.213 87.515 89.163 88.175 87.483 87.13 87.045 87.035 87.058 87.098 87.153 87.213 87.278 87.28 87.313 87.353 87.39 87.488 87.528
74.458 74.528 74.56 75.348 76.133 76.558 77.003 78.083 78.19 78.568 78.688 78.625 78.618 77.815 77.09 78.288 76.583 76.483 76.628 76.518 76.1 75.653 75.41 75.425 75.94 76.695 75.908 76.038 76.42 77.055 77.403 77.833 78.548 79.035 79.633 80.588 81.26 81.933 82.698 83.663 84.555 85.175 85.453 85.755 86.105 86.463 86.675 86.855 86.91 87.033 87.003 87.053 87.108 87.193 87.198 87.74 90.603 88.353 88.223 87.188 87.058 87.035 87.068 87.128 87.193 87.238 87.253 87.298 87.333 87.375 87.435 87.5 87.555
73.51 73.595 76.755 79.88 76.44 75.908 76.003 76.853 76.763 77.065 77.085 78.878 78.373 76.118 75.84 75.598 75.508 75.423 75.503 75.225 76.493 75.418 74.783 74.548 74.563 74.623 74.848 77.238 75.65 76.005 76.38 77.155 78.228 77.795 78.458 79.288 80.118 80.975 81.783 82.635 83.645 84.798 85.268 85.58 85.978 86.3 86.553 86.808 86.925 87.035 87.03 87.065 87.105 87.163 87.185 87.26 87.848 89.075 88.448 87.285 87.088 87.05 87.083 87.158 87.218 87.248 87.26 87.305 87.348 87.42 87.458 87.53 87.59
73.095 78.235 74.74 80.068 77.05 75.038 74.658 75.01 75.25 75.423 75.475 75.498 75.31 74.838 74.81 74.65 74.523 74.458 74.523 74.32 74.12 74.578 74.128 74.04 73.903 73.903 74.293 75.978 74.68 75.078 75.33 75.768 76.495 76.74 77.363 78.238 78.983 79.915 80.748 81.863 82.745 83.755 84.595 85.565 85.958 86.225 86.485 86.76 86.898 87.018 87.013 87.03 87.068 87.165 87.215 87.24 88.125 89.413 88.605 87.293 87.125 87.045 87.085 87.14 87.18 87.218 87.258 87.31 87.368 87.433 87.478 87.558 87.635
76.698 75.115 77.82 76.27 73.33 72.995 73.33 73.59 73.693 73.928 74.375 73.915 73.79 73.893 73.908 73.878 73.693 73.715 73.795 73.575 73.528 73.35 73.388 73.435 73.42 73.415 74.418 76.783 74.455 74.323 74.57 74.885 76.038 75.815 76.36 77.373 77.943 78.96 80.008 81.338 82.07 82.893 84.103 85.348 85.735 86.12 86.375 86.635 86.868 87.02 87.073 86.94 87.075 87.065 87.215 87.163 87.568 88.028 87.51 87.785 87.333 87.085 87.07 87.15 87.188 87.235 87.288 87.328 87.37 87.46 87.505 87.558 87.628
70.33 70.575 70.985 72.805 71.805 72.108 72.418 74.428 73.205 72.48 72.615 72.71 72.873 73.16 73.235 73.148 73.063 73.13 72.8 72.605 72.93 72.87 72.905 73.36 73.208 73.065 73.69 74.013 73.543 73.663 73.893 74.155 74.503 74.913 75.515 76.195 76.983 78.115 79.025 80.088 81.138 82.14 83.258 84.37 84.868 85.698 86.303 86.523 86.755 87.02 87.128 86.898 86.98 86.983 87.138 87.143 87.59 87.83 87.508 87.418 87.415 87.135 87.085 87.125 87.175 87.208 87.298 87.325 87.38 87.45 87.495 87.553 87.623
69.42 69.915 70.38 71.755 71.083 71.378 71.53 71.823 71.488 71.493 71.5 71.655 71.945 72.303 72.373 72.198 72.118 71.973 72.033 71.935 72.158 72.24 72.43 72.53 72.953 72.67 73.068 73.5 73.56 73.315 73.46 73.615 73.89 74.275 74.735 75.478 76.388 77.65 78.258 79.21 80.31 81.403 82.753 83.288 84.61 85.855 86.205 86.358 86.605 86.718 86.945 86.825 86.878 86.918 87.073 87.09 87.253 87.313 87.515 87.233 87.223 87.125 87.085 87.09 87.14 87.205 87.275 87.298 87.368 87.42 87.465 87.523 87.603
68.785 69.285 69.593 70.033 70.225 70.408 70.44 71.58 70.683 70.713 70.628 70.625 70.748 70.803 71.055 71.1 71.053 71.165 71.985 71.985 71.818 71.775 71.86 72.013 72.15 72.345 73.315 73.065 72.675 72.865 73.06 73.28 73.54 73.863 74.233 74.763 75.598 76.273 77.198 78.318 80.085 80.758 81.613 82.55 84.285 85.43 86.105 86.213 86.455 86.5 86.783 86.725 86.848 86.81 86.875 86.975 86.963 87.15 87.3 87.145 87.093 87.088 87.083 87.065 87.13 87.19 87.248 87.298 87.363 87.405 87.473 87.503 87.578
67.84 68.298 68.655 69.033 69.498 69.72 69.838 69.91 70.168 70.688 70.175 70.233 70.118 69.99 70.02 70.028 70.253 70.508 70.655 70.983 71.76 71.325 71.313 71.425 71.625 71.9 72.283 72.235 72.18 72.458 72.663 73.113 73.195 73.495 73.845 74.25 74.84 76.288 76.435 77.533 78.888 80.375 81.133 82.253 83.578 84.685 85.743 86.063 86.165 86.353 86.573 86.59 86.65 86.745 86.735 86.875 86.89 87.09 87.195 88.423 87.128 87.118 87.058 87.045 87.085 87.145 87.2 87.28 87.355 87.388 87.44 87.488 87.553
67.015 67.563 67.865 68.365 69 69.353 69.588 69.488 69.448 69.56 69.718 69.79 70.305 70.308 69.338 69.528 70.015 70.193 70.08 70.313 70.83 72.44 71.695 70.96 71.15 71.408 71.72 72.345 71.72 71.953 72.213 72.84 72.973 73.073 73.465 73.86 74.548 75.315 75.913 76.92 78.173 79.32 80.395 81.713 82.885 83.97 84.898 85.58 86.025 86.075 86.26 87.41 87.335 86.693 86.583 86.77 86.733 86.868 87.613 87.94 87.72 87.643 87.008 87.035 87.05 87.11 87.178 87.245 87.315 87.35 87.41 87.485 87.54
66.293 66.578 67.023 67.683 68.195 68.633 70.25 70.375 68.913 69.01 70.358 69.088 74.3 72.72 69.155 69.49 70.843 69.483 69.578 69.765 69.92 73.223 71.29 70.513 70.683 71.018 71.3 71.3 71.343 71.523 71.828 72.175 72.483 72.725 73.118 73.713 74.14 74.398 75.34 76.335 77.445 78.543 79.888 81.353 82.213 83.353 84.045 85.215 85.81 85.925 86.125 88.43 87.745 86.65 86.425 86.595 86.538 86.818 86.89 88.093 87.39 87.145 86.94 87.003 87.048 87.108 87.155 87.223 87.253 87.288 87.35 87.443 87.51
65.555 65.7 66.138 67.45 67.195 68.043 74.908 73.575 68.715 68.328 68.393 70.02 73.713 72.168 69.045 68.818 68.98 69.405 69.538 70.825 69.458 69.623 69.93 70.068 70.29 70.663 70.93 70.725 70.908 71.08 71.403 71.695 72.065 72.4 72.803 73.213 73.54 74.153 74.413 75.465 76.723 77.818 79.46 80.808 81.343 82.255 84.32 84.635 85.42 85.723 85.83 86.875 86.863 86.263 86.27 86.373 86.453 86.63 86.7 89.453 88.275 87.118 86.843 86.918 87.01 87.105 87.138 87.163 87.208 87.273 87.355 87.423 87.503
65.098 65.333 65.658 66.033 66.555 67.105 73.145 70.525 67.79 67.788 67.86 67.983 68.18 69.395 68.27 68.415 68.58 69.22 68.755 68.93 69.14 69.335 69.478 69.69 69.995 70.298 70.405 70.41 70.575 70.795 71.243 71.47 71.86 72.053 72.405 72.733 73.098 73.46 74.003 74.89 76.073 77.073 78.788 79.76 80.77 81.855 82.835 83.758 84.61 85.38 85.555 85.718 85.918 85.99 86.063 86.068 86.225 86.618 88.983 89.63 86.803 86.775 86.665 86.73 86.908 86.96 87.163 87.068 87.15 87.235 87.283 87.358 87.46
64.993 65.203 65.483 65.843 67.2 66.59 67.453 67.053 67.213 67.405 67.585 67.695 67.83 67.928 68.07 68.25 68.453 68.518 68.608 68.818 69.023 69.193 69.328 69.473 69.77 70.033 70.018 70.075 70.238 70.548 70.925 71.228 71.46 71.743 72.073 72.42 72.85 73.26 73.785 74.618 75.443 76.718 78.413 79.028 80.37 81.253 82.128 82.893 83.713 84.665 85.238 85.393 85.558 85.598 85.773 85.825 85.983 86.598 87.383 86.91 86.563 86.855 87.083 86.578 86.64 86.795 86.933 86.955 87.04 87.143 87.233 87.32 87.413
