data/LIDAR-DSM-2M-NZ24se/nz2844_DSM_2M.asc
ncols 500
nrows 500
xllcorner    428000
yllcorner    544000
cellsize     2
NODATA_value -9999
[rows 128 to 159 of 500, columns 213 to 283 of 500]
69.141 69.224 69.259 69.304 69.319 69.314 69.331 69.369 69.374 69.394 69.424 69.454 69.491 69.544 69.581 69.614 69.626 69.644 69.649 69.634 69.631 69.644 69.639 69.656 69.649 69.646 69.654 69.614 69.564 69.544 69.561 69.651 69.704 69.751 69.769 69.774 69.781 69.821 69.826 69.821 69.826 69.841 69.866 69.881 69.856 69.856 69.876 69.856 69.874 69.876 69.879 69.864 69.869 69.889 69.921 69.904 69.916 69.919 69.921 69.916 69.916 69.891 69.846 69.811 69.761 69.719 69.686 69.656 69.634 69.624 69.719
69.076 69.149 69.174 69.246 69.224 69.261 69.289 69.311 69.326 69.341 69.381 69.426 69.454 69.476 69.516 69.514 69.549 69.536 69.549 69.586 69.554 69.609 69.604 69.634 69.624 69.584 69.586 69.546 69.546 69.614 69.636 69.661 69.694 69.726 69.746 69.744 69.771 69.806 69.821 69.841 69.831 69.859 69.856 69.871 69.879 69.881 69.866 69.896 69.879 69.861 69.864 69.871 69.894 69.916 69.951 69.956 69.949 69.959 69.974 69.961 69.926 69.886 69.851 69.816 69.781 69.761 69.729 69.836 69.939 71.534 70.106
69.001 69.054 69.114 69.176 69.201 69.226 69.249 69.251 69.236 69.281 69.316 69.361 69.364 69.371 69.401 69.444 69.444 69.466 69.474 69.509 69.521 69.556 69.589 69.561 69.561 69.531 69.531 69.566 69.586 69.606 69.639 69.646 69.651 69.664 69.701 69.739 69.784 69.826 69.834 69.859 69.856 69.864 69.874 69.901 69.874 69.854 69.879 69.879 69.841 69.834 69.856 69.899 69.934 69.939 69.969 69.989 69.954 69.974 69.974 69.924 69.919 69.894 69.904 69.864 69.874 70.904 71.364 73.919 76.104 73.264 69.741
68.944 69.036 69.069 69.124 69.174 69.181 69.149 69.186 69.204 69.201 69.229 69.251 69.269 69.304 69.341 69.364 69.359 69.421 69.416 69.436 69.479 69.489 69.511 69.529 69.521 69.509 69.494 69.541 69.544 69.564 69.579 69.616 69.641 69.681 69.721 69.744 69.791 69.794 69.836 69.836 69.856 69.874 69.889 69.884 69.869 69.866 69.896 69.916 69.924 69.911 69.911 69.939 69.934 69.974 69.959 69.971 69.959 69.956 69.966 69.934 69.924 69.891 69.919 70.324 72.811 75.351 75.786 75.661 76.689 73.439 69.836
68.919 68.971 69.026 69.066 69.096 69.094 69.089 69.104 69.124 69.136 69.151 69.169 69.214 69.226 69.276 69.311 69.349 69.339 69.371 69.396 69.409 69.431 69.456 69.454 69.484 69.456 69.456 69.466 69.479 69.511 69.556 69.639 69.666 69.691 69.761 69.754 69.779 69.801 69.811 69.844 69.866 69.874 69.869 69.891 69.901 69.906 69.929 69.934 69.944 69.911 69.924 69.931 69.949 69.939 69.936 69.961 69.954 69.979 69.969 69.984 70.421 70.476 71.024 72.986 75.796 76.619 75.639 74.114 73.954 72.256 69.396
68.844 68.879 68.956 68.991 69.026 69.024 69.021 69.021 68.994 69.036 69.026 69.074 69.131 69.174 69.196 69.244 69.264 69.286 69.294 69.331 69.341 69.374 69.409 69.404 69.376 69.384 69.399 69.416 69.471 69.516 69.586 69.649 69.656 69.681 69.729 69.739 69.756 69.794 69.829 69.839 69.849 69.874 69.931 69.904 69.951 69.941 69.914 69.931 69.936 69.954 69.924 69.946 69.919 69.939 69.959 69.984 69.994 70.179 70.761 72.489 73.301 73.406 71.556 74.294 75.906 75.539 72.711 70.811 70.771 69.481 69.496
68.784 68.791 68.879 68.919 68.951 68.949 68.946 68.944 68.931 68.959 69.004 69.061 69.059 69.064 69.111 69.144 69.179 69.209 69.254 69.281 69.276 69.314 69.341 69.341 69.369 69.366 69.376 69.409 69.456 69.459 69.544 69.599 69.644 69.656 69.666 69.691 69.749 69.804 69.831 69.854 69.856 69.894 69.924 69.929 69.904 69.916 69.936 69.954 69.921 69.939 69.944 69.961 69.979 70.021 70.046 70.181 70.804 72.889 73.306 73.709 74.581 73.764 71.939 74.186 74.161 72.966 70.479 69.634 69.639 69.991 71.271
68.674 68.729 68.821 68.866 68.871 68.851 68.826 68.854 68.894 68.914 68.956 68.976 69.011 69.021 69.019 69.059 69.109 69.126 69.174 69.211 69.229 69.271 69.324 69.344 69.361 69.369 69.359 69.389 69.429 69.471 69.499 69.521 69.576 69.634 69.666 69.701 69.739 69.796 69.814 69.859 69.874 69.876 69.876 69.871 69.861 69.866 69.889 69.901 69.934 69.929 69.974 70.031 70.156 71.199 72.096 73.329 72.309 72.966 72.779 73.139 72.819 72.854 71.934 70.834 70.301 69.684 69.734 69.919 70.106 70.469 71.139
68.624 68.661 68.749 68.794 68.816 68.776 68.769 68.776 68.826 68.859 68.896 68.936 68.944 68.984 68.999 69.041 69.086 69.114 69.129 69.151 69.191 69.251 69.279 69.319 69.314 69.339 69.361 69.371 69.399 69.416 69.461 69.516 69.554 69.594 69.656 69.684 69.714 69.744 69.806 69.804 69.844 69.854 69.821 69.836 69.864 69.864 69.884 69.921 69.964 69.961 70.736 72.786 72.964 73.311 74.311 72.564 72.189 72.506 72.269 72.554 70.684 70.241 69.686 69.681 69.749 69.789 69.851 69.916 70.421 69.764 72.294
68.514 68.586 68.631 68.684 68.709 68.689 68.726 68.706 68.734 68.764 68.836 68.891 68.919 68.951 68.974 69.031 69.034 69.079 69.096 69.136 69.171 69.256 69.266 69.334 69.326 69.319 69.319 69.324 69.366 69.381 69.464 69.519 69.541 69.579 69.584 69.624 69.669 69.694 69.736 69.759 69.789 69.801 69.794 69.811 69.854 69.891 69.921 69.951 70.154 70.654 75.334 74.011 74.326 74.579 72.464 71.049 70.464 70.094 70.054 69.944 69.764 70.284 69.811 70.596 69.784 69.669 69.819 69.871 70.004 70.286 73.536
68.416 68.531 68.554 68.594 68.614 68.616 68.606 68.624 68.666 68.709 68.781 68.839 68.894 68.929 68.956 68.969 69.021 69.074 69.086 69.114 69.181 69.226 69.256 69.304 69.301 69.309 69.301 69.336 69.339 69.386 69.424 69.491 69.521 69.546 69.551 69.604 69.629 69.641 69.686 69.701 69.729 69.749 69.804 69.834 69.886 70.451 70.579 73.241 70.891 70.429 70.921 72.404 71.166 71.364 70.241 70.044 69.974 69.911 69.836 70.121 70.401 71.119 70.571 70.454 70.254 70.184 70.334 70.551 70.236 70.249 70.711
68.296 68.384 68.451 68.494 68.506 68.519 68.514 68.559 68.636 68.681 68.749 68.789 68.829 68.859 68.904 68.929 68.994 69.054 69.084 69.119 69.156 69.206 69.234 69.239 69.276 69.286 69.311 69.336 69.371 69.374 69.354 69.456 69.479 69.489 69.526 69.566 69.584 69.626 69.631 69.684 69.726 69.761 69.821 71.671 72.904 76.136 74.811 74.529 72.321 70.224 70.106 70.076 70.086 70.084 70.059 70.029 70.274 69.894 69.939 70.224 70.654 71.839 70.736 70.541 70.869 70.659 70.509 70.541 70.214 70.054 69.799
68.206 68.279 68.356 68.421 68.431 68.481 68.481 68.536 68.564 68.601 68.684 68.716 68.731 68.806 68.854 68.934 68.969 69.029 69.081 69.114 69.154 69.174 69.224 69.241 69.276 69.326 69.326 69.339 69.336 69.324 69.376 69.426 69.454 69.491 69.499 69.534 69.549 69.616 69.644 69.696 69.734 70.489 73.214 74.146 74.766 75.031 75.844 74.734 72.531 70.501 69.996 69.954 70.064 70.126 70.151 70.044 70.539 70.129 70.364 70.599 71.059 71.144 71.011 70.576 70.649 70.434 70.259 69.971 69.784 69.606 69.551
68.106 68.199 68.259 68.311 68.346 68.404 68.389 68.429 68.474 68.516 68.586 68.659 68.696 68.769 68.824 68.894 68.939 69.006 69.059 69.096 69.136 69.174 69.201 69.246 69.284 69.276 69.291 69.306 69.326 69.361 69.371 69.391 69.444 69.464 69.481 69.544 69.564 69.604 70.271 70.481 71.936 73.736 75.586 75.396 75.214 74.959 74.244 74.836 70.164 69.966 70.021 70.044 70.024 69.999 70.561 70.101 70.404 70.421 70.521 70.729 70.664 70.591 70.491 70.219 69.951 69.811 69.711 69.619 69.611 69.584 69.571
68.039 68.101 68.164 68.201 68.219 68.249 68.269 68.296 68.344 68.399 68.499 68.591 68.674 68.746 68.799 68.854 68.916 68.971 69.021 69.061 69.096 69.119 69.169 69.211 69.236 69.284 69.296 69.294 69.311 69.349 69.359 69.404 69.404 69.469 69.516 69.556 69.606 70.709 73.581 74.726 74.534 74.441 74.861 74.621 74.519 74.964 71.619 70.359 69.964 71.386 69.934 70.111 69.856 70.216 70.406 70.491 70.606 70.619 70.974 70.416 70.231 70.039 69.899 69.869 69.729 69.696 69.721 69.689 69.671 69.644 69.644
67.916 68.016 68.056 68.081 68.096 68.119 68.129 68.199 68.256 68.324 68.444 68.521 68.589 68.704 68.764 68.836 68.864 68.924 68.976 69.016 69.069 69.111 69.136 69.176 69.216 69.249 69.276 69.281 69.299 69.314 69.346 69.399 69.439 69.501 69.539 69.701 70.684 73.091 74.181 74.831 74.764 74.746 73.714 72.801 71.919 70.524 70.041 69.926 69.846 70.221 69.956 70.229 70.444 70.569 70.714 70.724 70.551 70.506 70.236 70.024 69.894 69.811 69.814 69.791 69.761 69.739 69.769 69.731 69.696 69.681 69.636
67.801 67.876 67.896 67.926 67.954 67.991 68.036 68.104 68.209 68.274 68.419 68.481 68.524 68.596 68.679 68.766 68.804 68.889 68.949 69.001 69.006 69.064 69.116 69.146 69.186 69.249 69.239 69.249 69.279 69.319 69.374 69.436 69.509 69.629 70.549 70.444 70.586 72.086 72.331 74.059 73.561 71.256 69.926 69.766 69.899 69.814 69.789 69.701 69.846 70.544 71.316 71.721 71.209 70.719 70.674 70.336 70.066 69.989 69.819 69.851 69.849 69.821 69.824 69.839 69.806 69.776 69.759 69.709 69.651 69.631 69.606
67.701 67.749 67.786 67.806 67.851 67.894 67.969 68.039 68.179 68.229 68.301 68.376 68.434 68.549 68.631 68.699 68.769 68.846 68.881 68.964 68.969 69.046 69.059 69.114 69.171 69.199 69.204 69.231 69.304 69.336 69.409 69.504 69.951 69.929 69.894 69.554 69.456 69.664 69.684 70.226 70.066 69.644 69.741 69.736 70.199 69.526 69.796 70.006 70.279 70.584 72.389 73.406 71.804 70.619 70.001 69.881 69.829 69.809 69.841 69.861 69.906 69.831 69.806 69.799 69.766 69.736 69.721 69.684 69.654 69.621 69.604
67.581 67.646 67.694 67.709 67.749 67.841 67.901 68.009 68.066 68.124 68.206 68.304 68.384 68.491 68.586 68.659 68.716 68.766 68.841 68.914 68.946 69.006 69.054 69.089 69.129 69.139 69.204 69.264 69.314 69.376 69.671 69.811 70.331 69.664 69.351 69.334 69.349 69.389 69.419 69.524 69.641 69.586 70.076 69.526 69.701 70.004 70.171 70.324 70.671 71.139 72.779 71.279 70.279 69.814 69.759 69.801 69.841 69.851 69.864 69.814 69.801 69.794 69.784 69.771 69.756 69.721 69.694 69.674 69.661 69.651 69.611
67.516 67.561 67.619 67.644 67.694 67.754 67.834 67.871 67.954 68.044 68.141 68.251 68.336 68.421 68.541 68.606 68.691 68.771 68.814 68.866 68.911 68.954 68.999 69.016 69.081 69.149 69.211 69.284 69.444 69.586 69.564 69.271 69.199 69.294 69.231 69.244 69.286 69.336 69.411 69.426 69.381 69.381 69.669 69.971 70.129 70.254 70.341 70.334 72.594 69.951 70.164 69.726 69.721 69.756 69.796 69.819 69.861 69.821 69.841 69.791 69.821 69.771 69.734 69.736 69.726 69.736 69.724 69.696 69.684 69.671 69.611
67.434 67.459 67.509 67.521 67.571 67.621 67.681 67.744 67.886 68.026 68.109 68.181 68.259 68.371 68.504 68.581 68.666 68.729 68.774 68.816 68.844 68.899 68.954 69.026 69.099 69.189 69.426 69.646 69.451 69.714 69.056 69.111 69.149 69.156 69.186 69.206 69.289 69.244 69.449 69.469 69.766 69.951 70.091 70.214 70.281 70.196 69.996 69.751 69.691 69.604 69.611 69.679 69.714 69.744 69.774 69.791 69.786 69.794 69.806 69.801 69.774 69.754 69.744 69.736 69.744 69.719 69.711 69.686 69.666 69.669 69.616
67.339 67.349 67.379 67.409 67.459 67.534 67.604 67.714 67.866 67.961 68.066 68.124 68.214 68.324 68.414 68.501 68.584 68.664 68.694 68.754 68.816 68.899 68.994 69.076 69.314 69.534 69.286 69.106 68.944 69.059 69.251 69.041 69.081 69.244 69.306 69.131 69.154 69.799 69.984 69.956 69.946 70.076 70.364 70.091 69.894 69.706 69.544 69.506 69.549 69.594 69.659 69.689 69.701 69.711 69.756 69.754 69.751 69.784 69.776 69.801 69.779 69.744 69.749 69.744 69.734 69.724 69.721 69.724 69.696 69.639 69.604
67.219 67.221 67.266 67.254 67.376 67.464 67.541 67.641 67.799 67.896 67.979 68.059 68.176 68.284 68.354 68.434 68.514 68.586 68.644 68.701 68.844 68.889 69.104 69.311 69.431 69.046 69.131 68.964 69.016 68.911 68.966 69.061 69.069 69.139 69.044 69.331 69.764 70.498 70.233 69.873 69.941 70.056 69.891 69.631 69.483 69.436 69.431 69.508 69.581 69.616 69.636 69.661 69.648 69.693 69.703 69.706 69.751 69.788 69.783 69.793 69.783 69.743 69.728 69.728 69.723 69.728 69.716 69.718 69.676 69.606 69.586
67.084 67.101 67.134 67.201 67.261 67.384 67.494 67.579 67.704 67.794 67.891 68.011 68.094 68.206 68.254 68.349 68.429 68.486 68.586 68.704 68.834 69.031 69.359 69.016 68.766 68.681 68.754 68.794 68.814 68.881 68.924 68.981 68.916 69.254 69.864 69.811 70.016 70.174 69.938 69.793 69.668 69.531 69.353 69.366 69.388 69.416 69.466 69.546 69.561 69.563 69.573 69.586 69.608 69.661 69.686 69.708 69.743 69.746 69.736 69.738 69.741 69.731 69.733 69.711 69.711 69.726 69.716 69.683 69.626 69.591 69.566
66.964 66.986 67.059 67.131 67.201 67.294 67.421 67.531 67.649 67.761 67.839 67.926 68.006 68.106 68.184 68.251 68.356 68.461 68.636 68.841 68.981 69.031 68.646 68.616 68.606 68.569 68.604 68.711 68.814 68.809 68.689 69.136 69.341 69.704 69.949 70.096 70.016 69.728 69.636 70.021 69.323 69.261 69.271 69.351 69.391 69.431 69.456 69.498 69.498 69.518 69.526 69.556 69.598 69.646 69.671 69.676 69.706 69.701 69.688 69.713 69.728 69.701 69.686 69.703 69.713 69.698 69.691 69.643 69.598 69.556 69.526
66.891 66.924 66.986 67.034 67.116 67.206 67.331 67.429 67.554 67.651 67.729 67.846 67.924 67.976 68.099 68.256 68.429 68.669 68.814 68.679 68.416 68.519 68.494 68.574 68.466 68.496 68.611 68.741 68.619 68.706 69.184 69.406 69.584 70.564 70.504 69.759 69.411 69.311 69.221 69.203 69.193 69.261 69.308 69.353 69.356 69.378 69.421 69.438 69.458 69.493 69.521 69.576 69.581 69.636 69.628 69.646 69.653 69.653 69.686 69.688 69.698 69.678 69.666 69.686 69.681 69.661 69.626 69.606 69.573 69.518 69.498
66.814 66.841 66.906 66.911 67.009 67.101 67.239 67.364 67.444 67.549 67.674 67.799 67.896 67.961 68.129 68.544 68.704 68.424 68.154 68.229 68.224 68.311 68.501 68.349 68.386 68.446 68.481 68.674 68.991 69.119 69.369 69.711 69.679 69.791 69.294 69.159 69.056 69.046 69.116 69.191 69.221 69.284 69.293 69.303 69.291 69.366 69.403 69.433 69.504 69.516 69.558 69.576 69.591 69.596 69.621 69.613 69.626 69.623 69.616 69.651 69.643 69.646 69.653 69.656 69.631 69.613 69.578 69.566 69.536 69.523 69.519
66.721 66.726 66.804 66.834 66.929 67.019 67.114 67.269 67.381 67.511 67.639 67.744 67.869 68.071 68.641 68.479 68.149 67.954 68.034 68.544 68.084 68.129 68.221 68.904 68.191 68.309 68.634 68.974 69.241 69.309 69.479 69.826 69.266 69.004 68.901 68.914 68.961 69.063 69.118 69.161 69.183 69.216 69.246 69.271 69.306 69.328 69.386 69.446 69.498 69.534 69.549 69.523 69.571 69.548 69.556 69.553 69.591 69.608 69.616 69.603 69.596 69.623 69.626 69.618 69.576 69.558 69.536 69.541 69.528 69.513 69.516
66.641 66.659 66.711 66.746 66.814 66.894 67.029 67.174 67.306 67.451 67.594 67.794 68.379 68.706 67.931 67.921 67.761 67.981 68.756 68.351 67.991 68.041 68.201 68.459 68.311 68.691 68.814 69.016 69.211 69.151 69.136 68.944 68.711 68.684 68.736 68.861 68.964 69.043 69.066 69.103 69.098 69.136 69.174 69.256 69.323 69.366 69.411 69.413 69.483 69.519 69.521 69.528 69.533 69.513 69.518 69.513 69.538 69.566 69.571 69.561 69.571 69.571 69.558 69.576 69.578 69.551 69.516 69.541 69.511 69.508 69.498
66.554 66.599 66.606 66.636 66.724 66.834 66.986 67.126 67.244 67.401 67.914 68.424 68.474 68.004 67.416 67.521 67.554 67.959 67.689 67.791 67.864 68.159 68.134 68.334 68.481 68.661 68.894 68.881 68.776 68.646 68.476 68.474 68.559 68.651 68.719 68.829 68.916 68.933 68.971 69.023 69.073 69.113 69.191 69.236 69.316 69.368 69.381 69.406 69.463 69.476 69.498 69.476 69.488 69.493 69.486 69.481 69.511 69.526 69.506 69.506 69.536 69.546 69.534 69.548 69.541 69.513 69.488 69.511 69.516 69.508 69.491
66.461 66.489 66.531 66.571 66.636 66.759 67.219 67.059 67.556 67.776 67.964 67.384 67.279 67.279 67.346 67.759 68.099 67.516 67.581 67.656 67.766 68.609 68.444 68.604 68.559 68.551 68.544 68.429 68.241 68.191 68.304 68.444 68.544 68.621 68.694 68.769 68.801 68.848 68.903 69.006 69.041 69.106 69.176 69.218 69.283 69.333 69.356 69.411 69.438 69.461 69.453 69.433 69.441 69.468 69.436 69.456 69.456 69.463 69.478 69.478 69.496 69.506 69.511 69.508 69.503 69.511 69.506 69.511 69.511 69.496 69.486
66.374 66.436 66.491 66.519 66.594 66.694 69.944 74.429 70.891 67.436 67.006 67.089 67.276 67.186 67.296 67.344 67.491 67.464 67.609 68.144 68.516 68.394 68.516 68.499 68.266 68.181 68.086 68.004 68.091 68.211 68.301 68.389 68.459 68.514 68.599 68.644 68.719 68.793 68.873 68.953 69.016 69.066 69.136 69.196 69.243 69.261 69.331 69.356 69.386 69.391 69.386 69.393 69.411 69.401 69.421 69.418 69.423 69.448 69.451 69.458 69.466 69.476 69.478 69.481 69.456 69.491 69.501 69.501 69.496 69.476 69.448
