data/LIDAR-DSM-2M-NZ24se/nz2844_DSM_2M.asc
ncols 500
nrows 500
xllcorner    428000
yllcorner    544000
cellsize     2
NODATA_value -9999
[rows 192 to 223 of 500, columns 426 to 496 of 500]
66.366 66.391 66.428 67.071 67.981 67.138 66.461 66.273 66.216 66.036 65.906 65.818 65.701 65.651 65.626 65.601 65.581 65.538 65.523 65.518 65.473 65.398 65.343 65.288 65.133 65.033 64.943 64.896 64.856 64.868 65.158 65.756 64.846 64.711 64.686 64.666 64.671 64.623 64.571 64.551 64.503 64.433 64.348 64.286 64.251 64.263 64.283 64.321 64.351 64.393 64.441 64.483 64.538 64.583 64.626 64.651 64.671 64.696 64.691 64.648 64.636 64.603 64.598 64.588 64.573 64.521 64.466 64.386 64.351 64.288 64.181
66.366 66.348 66.331 66.346 66.566 67.461 67.188 66.456 66.248 66.158 66.088 65.926 65.806 65.713 65.618 65.583 65.546 65.543 65.523 65.498 65.461 65.411 65.336 65.251 65.123 65.036 64.973 64.948 64.908 65.071 66.058 65.051 64.806 64.736 64.726 64.696 64.661 64.626 64.576 64.551 64.486 64.446 64.388 64.353 64.341 64.358 64.383 64.396 64.421 64.456 64.496 64.543 64.593 64.641 64.666 64.683 64.726 64.736 64.698 64.658 64.646 64.616 64.623 64.593 64.566 64.521 64.471 64.411 64.323 64.273 64.203
66.348 66.358 66.326 66.321 66.276 66.323 67.403 67.636 66.328 66.246 66.198 66.056 65.921 65.801 65.721 65.616 65.538 65.518 65.521 65.473 65.433 65.398 65.318 65.226 65.136 65.018 64.966 64.958 65.016 65.718 65.678 64.836 64.768 64.753 64.746 64.698 64.651 64.621 64.596 64.553 64.511 64.446 64.431 64.423 64.421 64.451 64.476 64.493 64.516 64.533 64.578 64.608 64.648 64.683 64.708 64.731 64.761 64.746 64.716 64.693 64.661 64.626 64.621 64.603 64.561 64.516 64.458 64.423 64.366 64.298 64.226
66.271 66.336 66.321 66.266 66.241 66.233 66.221 66.851 67.563 66.488 66.186 66.166 66.041 65.891 65.806 65.718 65.608 65.513 65.491 65.468 65.428 65.373 65.308 65.218 65.128 65.026 65.008 65.048 65.293 65.858 64.978 64.791 64.776 64.763 64.733 64.701 64.663 64.638 64.621 64.566 64.526 64.483 64.481 64.493 64.531 64.578 64.586 64.586 64.591 64.601 64.651 64.683 64.711 64.726 64.743 64.761 64.783 64.756 64.738 64.696 64.676 64.646 64.616 64.596 64.551 64.501 64.446 64.436 64.368 64.323 64.246
66.346 66.301 66.286 66.288 66.251 66.203 66.186 66.156 66.491 67.396 66.546 66.168 66.106 65.966 65.881 65.768 65.683 65.601 65.513 65.453 65.421 65.401 65.248 65.163 65.068 65.063 65.103 65.191 65.741 65.121 64.823 64.793 64.786 64.776 64.733 64.691 64.668 64.646 64.623 64.596 64.573 64.558 64.551 64.583 64.611 64.641 64.663 64.676 64.671 64.673 64.711 64.741 64.756 64.748 64.761 64.793 64.766 64.738 64.743 64.706 64.658 64.651 64.616 64.608 64.536 64.496 64.466 64.416 64.393 64.331 64.276
66.373 66.383 66.296 66.206 66.236 66.213 66.166 66.158 66.106 66.403 67.143 66.711 66.138 66.116 65.996 65.883 65.811 65.691 65.598 65.503 65.421 65.361 65.236 65.128 65.096 65.126 65.216 65.641 65.803 64.926 64.803 64.786 64.788 64.768 64.741 64.726 64.686 64.681 64.648 64.613 64.618 64.618 64.628 64.656 64.713 64.731 64.741 64.733 64.736 64.738 64.761 64.773 64.761 64.768 64.801 64.778 64.763 64.736 64.718 64.696 64.671 64.643 64.623 64.558 64.513 64.486 64.461 64.401 64.381 64.323 64.273
66.371 66.391 66.321 66.248 66.213 66.181 66.163 66.126 66.081 66.078 66.058 66.878 66.823 66.118 66.081 65.961 65.878 65.811 65.693 65.598 65.471 65.336 65.216 65.148 65.136 65.253 65.446 66.216 65.166 64.871 64.808 64.813 64.798 64.786 64.766 64.736 64.706 64.696 64.683 64.666 64.661 64.678 64.688 64.731 64.778 64.776 64.793 64.788 64.776 64.786 64.788 64.771 64.766 64.766 64.788 64.768 64.733 64.703 64.678 64.668 64.641 64.616 64.573 64.508 64.458 64.441 64.446 64.378 64.333 64.306 64.258
66.411 66.388 66.343 66.293 66.248 66.138 66.136 66.116 66.088 66.081 66.046 66.001 66.911 67.168 66.111 66.046 66.001 65.891 65.788 65.686 65.541 65.403 65.233 65.171 65.258 65.346 66.051 65.673 64.888 64.803 64.818 64.826 64.828 64.776 64.771 64.773 64.756 64.751 64.716 64.721 64.731 64.753 64.753 64.798 64.818 64.838 64.823 64.813 64.813 64.806 64.791 64.776 64.773 64.756 64.778 64.743 64.693 64.666 64.658 64.631 64.578 64.551 64.508 64.453 64.421 64.416 64.378 64.338 64.301 64.261 64.223
66.383 66.386 66.348 66.313 66.278 66.186 66.113 66.078 66.088 66.048 66.033 66.031 65.946 66.378 67.236 66.416 65.988 65.993 65.881 65.766 65.598 65.446 65.316 65.266 65.386 65.736 65.696 65.058 64.878 64.848 64.853 64.863 64.873 64.838 64.831 64.816 64.826 64.816 64.803 64.811 64.798 64.803 64.831 64.853 64.878 64.881 64.863 64.841 64.833 64.848 64.808 64.781 64.768 64.753 64.733 64.693 64.653 64.623 64.601 64.561 64.531 64.483 64.426 64.391 64.343 64.336 64.316 64.313 64.253 64.228 64.191
66.406 66.393 66.356 66.311 66.261 66.218 66.191 66.093 66.028 66.043 66.063 66.021 66.013 65.988 66.498 67.291 66.528 65.986 65.938 65.798 65.636 65.443 65.341 65.361 65.641 66.241 65.221 64.966 64.913 64.913 64.916 64.918 64.916 64.921 64.911 64.898 64.908 64.888 64.888 64.883 64.871 64.881 64.911 64.913 64.926 64.918 64.901 64.893 64.878 64.856 64.833 64.776 64.773 64.751 64.713 64.643 64.601 64.588 64.556 64.543 64.483 64.443 64.371 64.341 64.326 64.306 64.268 64.256 64.241 64.221 64.203
66.418 66.386 66.318 66.273 66.231 66.238 66.173 66.131 66.093 66.056 66.046 66.036 65.991 65.968 65.948 66.213 66.886 66.526 66.041 65.846 65.701 65.483 65.423 65.501 66.328 65.358 65.056 64.963 64.958 64.968 64.988 64.971 64.956 64.983 64.991 64.978 64.961 64.973 64.946 64.913 64.918 64.918 64.953 64.968 64.968 64.946 64.926 64.913 64.893 64.851 64.823 64.796 64.756 64.718 64.651 64.601 64.571 64.536 64.533 64.488 64.451 64.388 64.336 64.298 64.296 64.266 64.268 64.251 64.233 64.226 64.206
66.421 66.391 66.276 66.271 66.248 66.263 66.191 66.151 66.148 66.091 66.001 66.013 66.026 66.008 65.956 65.951 65.931 66.601 67.011 65.966 65.793 65.663 65.608 66.326 65.873 65.171 65.093 65.033 65.038 65.028 65.046 65.051 65.048 65.066 65.098 65.091 65.063 65.046 65.033 65.008 64.983 64.966 64.986 64.993 64.963 64.953 64.926 64.918 64.878 64.838 64.811 64.776 64.726 64.683 64.601 64.543 64.526 64.521 64.481 64.446 64.438 64.366 64.311 64.273 64.296 64.271 64.241 64.226 64.198 64.208 64.196
66.413 66.398 66.316 66.291 66.276 66.213 66.173 66.146 66.131 66.098 66.066 65.958 66.003 66.023 65.978 65.913 65.928 65.968 66.593 67.108 66.121 65.726 65.941 66.123 65.378 65.243 65.176 65.146 65.123 65.118 65.116 65.158 65.193 65.186 65.196 65.203 65.156 65.138 65.111 65.063 65.031 65.031 65.021 65.013 64.986 64.953 64.948 64.913 64.858 64.833 64.811 64.751 64.718 64.643 64.581 64.531 64.506 64.508 64.493 64.458 64.418 64.363 64.323 64.301 64.288 64.266 64.238 64.223 64.198 64.206 64.191
66.413 66.403 66.326 66.296 66.276 66.218 66.183 66.133 66.121 66.081 66.063 66.063 66.033 65.976 65.948 65.943 65.913 65.901 65.916 66.143 66.923 66.028 65.651 65.531 65.426 65.366 65.276 65.211 65.206 65.213 65.218 65.241 65.291 65.308 65.288 65.286 65.256 65.223 65.183 65.141 65.096 65.076 65.068 65.031 65.011 64.976 64.938 64.908 64.866 64.841 64.808 64.748 64.711 64.653 64.588 64.551 64.546 64.546 64.508 64.446 64.406 64.368 64.343 64.323 64.283 64.276 64.236 64.213 64.178 64.163 64.181
66.476 66.401 66.351 66.338 66.273 66.256 66.186 66.138 66.096 66.053 66.051 66.058 66.041 66.033 65.936 65.968 65.963 65.968 65.951 65.926 65.928 66.308 65.881 65.576 65.521 65.463 65.371 65.318 65.273 65.281 65.296 65.336 65.358 65.356 65.338 65.336 65.286 65.241 65.208 65.151 65.118 65.081 65.053 65.046 64.998 64.961 64.938 64.928 64.903 64.881 64.808 64.773 64.733 64.671 64.636 64.606 64.598 64.586 64.558 64.481 64.451 64.416 64.381 64.346 64.293 64.268 64.228 64.188 64.168 64.163 64.156
66.476 66.408 66.376 66.338 66.296 66.238 66.188 66.158 66.126 66.093 66.051 66.058 66.061 66.058 66.016 65.983 65.933 65.938 65.953 65.958 65.948 65.853 66.263 66.531 65.576 65.508 65.441 65.401 65.363 65.361 65.371 65.396 65.428 65.413 65.393 65.361 65.321 65.281 65.216 65.148 65.118 65.066 65.046 65.003 64.996 64.978 64.948 64.918 64.893 64.876 64.836 64.763 64.711 64.688 64.648 64.648 64.603 64.601 64.546 64.493 64.428 64.413 64.381 64.338 64.301 64.248 64.221 64.171 64.151 64.131 64.128
66.503 66.463 66.406 66.371 66.311 66.231 66.203 66.156 66.126 66.088 66.066 66.061 66.061 66.066 66.043 66.026 65.976 65.896 66.003 65.958 65.953 65.918 65.871 66.186 66.278 65.706 65.488 65.478 65.433 65.418 65.426 65.463 65.453 65.451 65.441 65.408 65.363 65.321 65.253 65.193 65.136 65.078 65.036 65.016 64.998 64.976 64.931 64.921 64.903 64.866 64.806 64.756 64.703 64.691 64.638 64.641 64.621 64.573 64.523 64.441 64.416 64.401 64.343 64.301 64.243 64.211 64.161 64.136 64.118 64.091 64.083
66.561 66.518 66.436 66.398 66.351 66.276 66.248 66.173 66.131 66.086 66.061 66.056 66.071 66.068 66.041 66.043 66.041 65.971 65.976 65.993 65.988 65.958 65.943 65.908 66.018 66.541 65.896 65.531 65.503 65.483 65.488 65.496 65.493 65.498 65.488 65.451 65.408 65.368 65.301 65.236 65.161 65.091 65.066 65.018 65.001 64.986 64.918 64.913 64.888 64.866 64.791 64.756 64.688 64.673 64.641 64.626 64.571 64.526 64.466 64.418 64.386 64.358 64.296 64.266 64.218 64.173 64.123 64.086 64.071 64.046 64.016
66.598 66.528 66.503 66.478 66.391 66.313 66.248 66.191 66.148 66.148 66.101 66.096 66.068 66.048 66.048 66.046 66.053 66.076 66.016 65.963 65.946 65.981 65.983 65.951 65.936 66.013 66.798 66.693 65.626 65.551 65.541 65.526 65.533 65.558 65.563 65.518 65.468 65.418 65.316 65.253 65.178 65.113 65.056 65.026 64.998 64.948 64.898 64.886 64.866 64.828 64.783 64.738 64.713 64.688 64.651 64.616 64.563 64.498 64.426 64.398 64.398 64.313 64.246 64.218 64.181 64.146 64.106 64.058 64.041 64.023 63.996
66.656 66.591 66.551 66.483 66.421 66.346 66.293 66.218 66.228 66.178 66.143 66.121 66.098 66.088 66.081 66.081 66.061 66.056 66.033 66.036 65.968 65.943 65.968 65.948 65.948 65.918 65.883 66.036 66.426 65.741 65.606 65.601 65.598 65.616 65.621 65.546 65.518 65.456 65.366 65.296 65.218 65.143 65.073 65.016 64.976 64.918 64.871 64.878 64.873 64.811 64.773 64.731 64.711 64.701 64.661 64.628 64.541 64.471 64.428 64.383 64.346 64.308 64.263 64.228 64.181 64.133 64.103 64.068 64.063 64.018 64.003
66.718 66.631 66.578 66.556 66.471 66.401 66.358 66.293 66.278 66.216 66.171 66.171 66.153 66.131 66.098 66.091 66.081 66.073 66.073 66.071 65.996 65.943 65.908 65.958 65.933 65.848 65.793 65.751 65.976 66.598 65.688 65.651 65.673 65.668 65.733 65.701 65.546 65.466 65.378 65.281 65.221 65.143 65.088 64.998 64.958 64.896 64.851 64.851 64.853 64.796 64.761 64.756 64.731 64.691 64.656 64.583 64.523 64.463 64.441 64.393 64.348 64.301 64.263 64.198 64.171 64.153 64.128 64.111 64.083 64.073 64.043
66.768 66.708 66.668 66.596 66.516 66.431 66.393 66.358 66.321 66.253 66.236 66.218 66.171 66.156 66.143 66.153 66.108 66.103 66.056 66.056 66.033 66.023 65.958 65.901 65.893 65.856 65.793 65.791 65.873 66.576 65.748 65.658 65.691 65.688 65.663 65.648 65.541 65.483 65.416 65.346 65.243 65.183 65.103 65.028 64.961 64.911 64.866 64.846 64.833 64.791 64.781 64.751 64.726 64.701 64.673 64.626 64.543 64.481 64.463 64.403 64.338 64.296 64.276 64.243 64.198 64.201 64.178 64.146 64.126 64.083 64.081
66.816 66.763 66.696 66.638 66.563 66.523 66.451 66.393 66.358 66.321 66.298 66.281 66.248 66.193 66.203 66.151 66.128 66.103 66.071 66.021 66.018 65.988 65.991 65.936 65.871 65.868 65.851 65.886 66.256 66.516 65.726 65.686 65.676 65.661 65.603 65.548 65.486 65.413 65.341 65.283 65.238 65.163 65.116 65.068 65.031 64.966 64.961 64.938 64.883 64.838 64.826 64.781 64.776 64.726 64.688 64.628 64.548 64.496 64.481 64.411 64.363 64.328 64.298 64.266 64.263 64.228 64.213 64.208 64.181 64.161 64.126
66.888 66.851 66.781 66.681 66.608 66.551 66.488 66.458 66.368 66.356 66.351 66.323 66.296 66.258 66.251 66.193 66.148 66.116 66.091 66.056 66.018 65.978 65.968 65.983 65.978 65.956 65.946 66.108 66.778 66.131 65.708 65.686 65.698 65.658 65.581 65.513 65.443 65.373 65.276 65.226 65.181 65.103 65.073 65.008 64.996 64.963 64.961 64.931 64.911 64.896 64.878 64.876 64.846 64.791 64.718 64.658 64.608 64.563 64.516 64.463 64.416 64.368 64.338 64.323 64.301 64.278 64.271 64.256 64.228 64.193 64.163
66.931 66.886 66.816 66.736 66.691 66.598 66.538 66.516 66.473 66.446 66.401 66.373 66.336 66.296 66.266 66.228 66.146 66.118 66.093 66.081 66.031 65.981 65.986 65.963 65.996 66.066 66.056 66.303 66.891 65.773 65.691 65.718 65.713 65.666 65.586 65.536 65.443 65.383 65.321 65.253 65.203 65.128 65.088 65.028 64.998 64.958 64.953 64.928 64.883 64.853 64.838 64.806 64.781 64.766 64.728 64.658 64.596 64.561 64.536 64.503 64.441 64.423 64.423 64.423 64.386 64.353 64.356 64.318 64.278 64.238 64.213
66.996 66.941 66.861 66.791 66.721 66.646 66.611 66.581 66.501 66.473 66.468 66.441 66.376 66.346 66.298 66.263 66.223 66.151 66.116 66.088 66.041 66.028 66.001 65.961 66.063 66.128 66.183 66.601 66.433 65.716 65.708 65.756 65.753 65.681 65.621 65.546 65.488 65.436 65.383 65.323 65.286 65.221 65.166 65.093 65.073 65.056 65.016 64.971 64.908 64.851 64.826 64.801 64.761 64.718 64.658 64.588 64.566 64.536 64.488 64.428 64.398 64.393 64.401 64.388 64.388 64.391 64.368 64.368 64.353 64.343 64.303
67.051 66.956 66.881 66.826 66.738 66.701 66.668 66.626 66.571 66.528 66.511 66.478 66.411 66.398 66.341 66.273 66.251 66.161 66.153 66.063 66.021 66.013 66.011 66.036 66.143 66.143 66.313 66.696 65.961 65.738 65.756 65.773 65.751 65.691 65.651 65.578 65.543 65.483 65.451 65.408 65.361 65.301 65.248 65.226 65.196 65.151 65.113 65.066 64.971 64.921 64.881 64.841 64.793 64.743 64.678 64.611 64.551 64.521 64.473 64.436 64.381 64.366 64.378 64.378 64.346 64.346 64.321 64.306 64.273 64.278 64.276
67.058 66.991 66.923 66.858 66.788 66.731 66.706 66.686 66.636 66.581 66.551 66.498 66.463 66.421 66.378 66.303 66.266 66.188 66.148 66.096 66.078 66.033 66.056 66.116 66.206 66.193 66.483 66.351 65.803 65.738 65.768 65.778 65.726 65.686 65.666 65.621 65.598 65.543 65.521 65.486 65.448 65.391 65.361 65.326 65.286 65.248 65.216 65.151 65.063 65.026 64.991 64.923 64.876 64.806 64.728 64.671 64.603 64.563 64.506 64.466 64.443 64.406 64.403 64.383 64.363 64.348 64.326 64.311 64.278 64.271 64.261
67.091 67.038 66.943 66.881 66.813 66.783 66.718 66.718 66.643 66.636 66.586 66.531 66.493 66.441 66.391 66.321 66.261 66.211 66.183 66.141 66.118 66.081 66.098 66.198 66.168 66.276 67.068 65.966 65.786 65.771 65.828 65.808 65.763 65.718 65.711 65.663 65.631 65.606 65.581 65.558 65.533 65.498 65.451 65.421 65.406 65.356 65.313 65.241 65.183 65.118 65.071 64.996 64.903 64.868 64.801 64.751 64.683 64.646 64.588 64.528 64.498 64.483 64.458 64.453 64.473 64.431 64.406 64.366 64.336 64.336 64.306
67.131 67.038 66.981 66.901 66.831 66.801 66.761 66.746 66.696 66.661 66.598 66.593 66.531 66.468 66.398 66.361 66.306 66.246 66.221 66.171 66.148 66.111 66.171 66.268 66.228 66.636 66.663 65.858 65.806 65.818 65.871 65.821 65.781 65.736 65.723 65.676 65.678 65.653 65.643 65.603 65.583 65.563 65.531 65.528 65.488 65.461 65.391 65.333 65.258 65.218 65.151 65.076 64.971 64.918 64.846 64.808 64.743 64.683 64.631 64.581 64.573 64.561 64.536 64.548 64.541 64.521 64.476 64.436 64.451 64.428 64.391
67.148 67.073 67.023 66.958 66.888 66.841 66.808 66.766 66.733 66.668 66.601 66.568 66.511 66.491 66.443 66.391 66.348 66.276 66.238 66.208 66.146 66.138 66.231 66.243 66.291 67.321 66.093 65.833 65.821 65.893 65.878 65.823 65.793 65.778 65.743 65.728 65.741 65.696 65.686 65.668 65.653 65.641 65.606 65.621 65.576 65.541 65.471 65.426 65.361 65.311 65.218 65.138 65.058 64.973 64.931 64.878 64.821 64.751 64.696 64.658 64.628 64.623 64.613 64.613 64.598 64.571 64.533 64.531 64.503 64.506 64.491
67.161 67.121 67.033 66.971 66.923 66.856 66.831 66.768 66.723 66.696 66.671 66.606 66.556 66.526 66.476 66.401 66.348 66.291 66.246 66.223 66.186 66.206 66.298 66.263 66.408 66.946 65.918 65.843 65.886 65.931 65.908 65.843 65.823 65.803 65.786 65.773 65.763 65.768 65.728 65.721 65.731 65.733 65.726 65.693 65.673 65.638 65.593 65.528 65.456 65.388 65.293 65.213 65.133 65.051 65.011 64.961 64.883 64.803 64.746 64.698 64.681 64.668 64.671 64.651 64.626 64.603 64.576 64.561 64.561 64.531 64.506
