data/LIDAR-DSM-2M-NZ24se/nz2844_DSM_2M.asc
ncols 500
nrows 500
xllcorner    428000
yllcorner    544000
cellsize     2
NODATA_value -9999
[rows 224 to 255 of 500, columns 284 to 354 of 500]
68.606 68.746 68.896 69.046 69.171 69.323 69.428 69.551 69.718 69.841 69.981 70.121 70.241 70.348 70.441 70.526 70.593 70.678 70.741 70.796 70.846 70.878 70.946 70.941 70.968 70.991 70.966 70.956 70.951 70.921 70.883 70.871 70.826 70.826 70.803 70.763 70.743 70.711 70.731 70.736 70.666 70.626 70.623 70.623 70.616 70.671 70.581 70.478 70.731 71.138 70.218 69.961 69.968 70.006 69.978 69.913 69.968 69.976 69.938 69.906 69.878 69.856 69.806 69.738 69.683 69.661 69.638 69.646 69.581 69.543 69.451
68.606 68.718 68.871 69.031 69.181 69.316 69.436 69.563 69.703 69.838 69.971 70.111 70.243 70.343 70.446 70.526 70.611 70.706 70.756 70.808 70.871 70.916 70.966 71.008 71.001 71.033 71.008 70.996 70.973 70.918 70.913 70.891 70.891 70.873 70.823 70.808 70.776 70.748 70.776 70.703 70.656 70.656 70.646 70.668 70.713 70.698 70.553 70.658 71.271 70.373 70.038 70.043 70.066 70.071 70.053 70.058 70.071 70.063 70.038 70.006 69.961 69.928 69.851 69.818 69.761 69.753 69.691 69.683 69.663 69.598 69.503
68.601 68.698 68.861 69.016 69.173 69.311 69.426 69.563 69.688 69.828 69.958 70.086 70.236 70.326 70.428 70.526 70.598 70.703 70.766 70.841 70.873 70.961 71.021 71.016 71.043 71.038 71.023 71.013 70.981 70.946 70.946 70.933 70.871 70.863 70.838 70.816 70.803 70.786 70.768 70.713 70.706 70.703 70.713 70.776 70.798 70.596 70.606 71.416 70.688 70.111 70.128 70.133 70.136 70.151 70.143 70.128 70.121 70.096 70.083 70.061 70.043 69.988 69.961 69.883 69.861 69.833 69.801 69.776 69.728 69.686 69.571
68.573 68.708 68.853 69.003 69.148 69.286 69.408 69.566 69.708 69.833 69.968 70.076 70.198 70.321 70.426 70.543 70.623 70.713 70.791 70.876 70.923 70.986 71.016 71.041 71.068 71.058 71.021 71.018 70.993 70.991 70.968 70.956 70.928 70.903 70.873 70.833 70.828 70.808 70.766 70.726 70.736 70.731 70.788 70.853 70.751 70.651 71.336 71.066 70.238 70.216 70.241 70.233 70.231 70.248 70.236 70.213 70.178 70.176 70.138 70.113 70.093 70.018 69.963 69.963 69.923 69.903 69.891 69.843 69.788 69.736 69.703
68.536 68.711 68.828 68.971 69.138 69.276 69.421 69.556 69.686 69.826 69.943 70.061 70.201 70.321 70.426 70.551 70.621 70.718 70.808 70.863 70.938 70.996 71.018 71.051 71.086 71.066 71.061 71.048 71.023 71.006 71.016 71.006 71.001 70.951 70.898 70.896 70.876 70.781 70.766 70.751 70.778 70.808 70.901 70.856 70.748 71.081 71.486 70.396 70.268 70.296 70.323 70.296 70.313 70.296 70.291 70.288 70.283 70.258 70.213 70.161 70.103 70.093 70.058 70.053 70.001 70.006 69.968 69.931 69.888 69.831 69.781
68.536 68.681 68.823 68.946 69.116 69.266 69.376 69.541 69.698 69.798 69.921 70.066 70.203 70.316 70.428 70.561 70.646 70.743 70.823 70.888 70.948 71.011 71.031 71.073 71.091 71.091 71.076 71.063 71.048 71.018 71.016 71.016 70.943 70.938 70.956 70.913 70.851 70.798 70.786 70.806 70.838 70.906 70.891 70.778 70.941 71.808 70.613 70.293 70.336 70.361 70.363 70.376 70.356 70.378 70.353 70.366 70.361 70.311 70.271 70.223 70.223 70.166 70.136 70.108 70.068 70.066 70.043 70.011 69.953 69.893 69.823
68.536 68.648 68.786 68.926 69.088 69.241 69.378 69.503 69.663 69.798 69.906 70.073 70.193 70.311 70.448 70.543 70.641 70.753 70.818 70.878 70.946 70.993 71.033 71.083 71.098 71.086 71.066 71.078 71.051 71.028 71.016 71.001 70.963 70.938 70.951 70.906 70.856 70.818 70.818 70.838 70.926 70.948 70.903 70.873 71.753 70.871 70.358 70.366 70.428 70.428 70.428 70.431 70.426 70.436 70.423 70.418 70.408 70.351 70.338 70.288 70.283 70.218 70.216 70.168 70.188 70.118 70.098 70.071 69.998 69.976 69.883
68.516 68.628 68.771 68.923 69.046 69.188 69.351 69.508 69.656 69.786 69.916 70.051 70.181 70.311 70.428 70.556 70.666 70.731 70.823 70.891 70.958 71.013 71.036 71.066 71.053 71.071 71.088 71.078 71.053 71.058 71.021 70.988 71.006 71.006 70.948 70.878 70.878 70.883 70.866 70.936 71.018 70.931 70.868 71.361 71.048 70.456 70.373 70.456 70.473 70.463 70.463 70.491 70.491 70.478 70.448 70.473 70.446 70.431 70.376 70.348 70.328 70.293 70.266 70.241 70.231 70.218 70.173 70.136 70.053 70.018 69.981
68.516 68.648 68.753 68.858 69.008 69.161 69.333 69.486 69.628 69.763 69.896 70.056 70.173 70.318 70.456 70.543 70.661 70.758 70.823 70.878 70.926 70.991 71.021 71.041 71.051 71.056 71.073 71.071 71.053 71.046 71.003 71.018 71.013 70.993 70.948 70.898 70.893 70.918 70.943 71.031 71.006 70.931 71.201 71.551 70.568 70.423 70.471 70.491 70.506 70.508 70.516 70.521 70.533 70.531 70.508 70.478 70.468 70.458 70.413 70.391 70.368 70.356 70.273 70.311 70.273 70.228 70.183 70.156 70.136 70.078 70.023
68.533 68.648 68.756 68.873 68.996 69.138 69.306 69.473 69.628 69.771 69.908 70.036 70.186 70.306 70.436 70.543 70.673 70.746 70.821 70.858 70.921 70.948 70.986 71.056 71.068 71.046 71.058 71.066 71.061 71.056 71.008 71.023 71.021 70.961 70.938 70.936 70.923 70.971 71.038 71.058 70.963 71.081 71.856 70.648 70.408 70.476 70.531 70.543 70.561 70.551 70.566 70.593 70.588 70.566 70.523 70.513 70.508 70.488 70.446 70.428 70.393 70.351 70.316 70.328 70.328 70.276 70.236 70.201 70.148 70.128 70.076
68.541 68.638 68.726 68.871 68.988 69.153 69.288 69.431 69.638 69.758 69.913 70.038 70.181 70.321 70.436 70.538 70.646 70.728 70.771 70.836 70.878 70.943 70.973 71.016 71.026 71.041 71.051 71.061 71.033 71.013 71.028 71.048 70.988 70.961 70.958 70.961 70.983 71.038 71.101 71.008 71.048 71.868 71.073 70.441 70.438 70.533 70.516 70.541 70.578 70.593 70.593 70.628 70.633 70.596 70.598 70.571 70.523 70.496 70.491 70.448 70.423 70.411 70.388 70.376 70.363 70.293 70.266 70.253 70.223 70.168 70.143
68.561 68.633 68.738 68.873 68.988 69.101 69.256 69.438 69.598 69.763 69.908 70.036 70.208 70.321 70.398 70.536 70.621 70.701 70.761 70.808 70.843 70.928 70.958 70.981 71.003 71.038 71.023 71.016 70.988 71.013 71.023 71.018 70.956 70.968 70.988 70.993 71.063 71.091 71.033 71.021 71.618 71.478 70.603 70.451 70.536 70.556 70.528 70.588 70.618 70.643 70.633 70.636 70.631 70.623 70.623 70.581 70.561 70.511 70.493 70.456 70.461 70.448 70.433 70.398 70.358 70.366 70.316 70.313 70.246 70.213 70.186
68.458 68.648 68.736 68.861 68.968 69.093 69.248 69.413 69.571 69.736 69.878 70.046 70.181 70.298 70.421 70.508 70.583 70.658 70.746 70.811 70.836 70.886 70.943 70.961 70.978 70.996 71.023 71.001 70.993 71.031 71.016 70.968 70.958 70.983 70.998 71.048 71.138 71.088 71.018 71.286 71.646 70.721 70.478 70.531 70.551 70.556 70.571 70.608 70.641 70.651 70.653 70.661 70.646 70.623 70.623 70.583 70.553 70.583 70.536 70.511 70.471 70.476 70.461 70.401 70.393 70.381 70.371 70.326 70.291 70.263 70.241
68.313 68.648 68.756 68.858 68.983 69.118 69.216 69.376 69.546 69.713 69.888 70.023 70.163 70.291 70.406 70.476 70.556 70.643 70.711 70.778 70.803 70.861 70.896 70.926 70.971 70.988 70.983 71.013 71.028 71.048 70.973 70.966 70.986 71.008 71.038 71.116 71.163 71.048 71.228 72.028 70.823 70.431 70.526 70.591 70.578 70.556 70.593 70.663 70.661 70.656 70.676 70.656 70.676 70.648 70.628 70.596 70.581 70.596 70.566 70.531 70.468 70.468 70.423 70.416 70.436 70.386 70.358 70.348 70.323 70.283 70.241
68.263 68.711 68.911 68.871 68.986 69.136 69.236 69.386 69.558 69.678 69.848 70.006 70.141 70.263 70.378 70.446 70.518 70.611 70.683 70.746 70.788 70.828 70.878 70.918 70.928 70.958 70.938 70.998 71.011 70.996 70.961 70.973 71.023 71.051 71.116 71.118 71.098 71.138 72.083 71.308 70.556 70.468 70.528 70.563 70.543 70.576 70.603 70.631 70.656 70.653 70.661 70.671 70.671 70.666 70.656 70.621 70.633 70.613 70.581 70.541 70.526 70.518 70.486 70.436 70.451 70.418 70.363 70.378 70.341 70.311 70.266
68.273 68.583 68.763 68.916 69.006 69.111 69.266 69.388 69.531 69.681 69.828 70.008 70.146 70.253 70.356 70.458 70.513 70.561 70.646 70.683 70.741 70.811 70.846 70.881 70.893 70.918 70.986 71.018 71.008 70.976 70.978 71.011 71.038 71.098 71.181 71.093 71.083 71.656 71.841 70.641 70.453 70.483 70.541 70.566 70.561 70.603 70.596 70.623 70.628 70.643 70.678 70.656 70.648 70.646 70.631 70.646 70.581 70.588 70.561 70.571 70.546 70.541 70.516 70.453 70.433 70.416 70.413 70.416 70.376 70.341 70.281
68.248 68.431 68.798 69.266 69.026 69.131 69.266 69.403 69.518 69.676 69.826 69.971 70.106 70.211 70.318 70.431 70.503 70.556 70.593 70.681 70.746 70.801 70.836 70.868 70.866 70.918 71.001 70.986 70.968 70.976 71.008 71.041 71.116 71.153 71.143 71.061 71.421 72.051 70.691 70.473 70.448 70.523 70.563 70.558 70.566 70.598 70.618 70.618 70.628 70.658 70.656 70.651 70.616 70.636 70.671 70.618 70.608 70.631 70.593 70.601 70.563 70.518 70.523 70.501 70.496 70.443 70.413 70.396 70.396 70.363 70.323
68.253 68.396 68.611 68.876 69.078 69.161 69.278 69.418 69.523 69.633 69.806 69.946 70.078 70.198 70.311 70.426 70.501 70.553 70.616 70.683 70.748 70.781 70.823 70.826 70.856 70.926 70.968 70.943 70.948 70.996 71.036 71.098 71.186 71.123 71.093 71.216 72.048 71.086 70.453 70.468 70.491 70.546 70.553 70.511 70.576 70.576 70.613 70.598 70.598 70.633 70.653 70.663 70.628 70.638 70.663 70.631 70.596 70.613 70.593 70.586 70.621 70.556 70.551 70.528 70.523 70.493 70.441 70.433 70.441 70.373 70.351
68.191 68.376 68.531 68.681 68.943 69.188 69.268 69.406 69.533 69.638 69.773 69.921 70.033 70.166 70.311 70.396 70.488 70.573 70.608 70.678 70.736 70.773 70.786 70.838 70.903 70.948 70.938 70.943 70.961 70.993 71.086 71.153 71.143 71.111 71.158 71.708 71.213 70.546 70.468 70.551 70.551 70.573 70.543 70.533 70.588 70.606 70.611 70.611 70.603 70.623 70.653 70.631 70.626 70.626 70.643 70.653 70.638 70.618 70.583 70.588 70.603 70.581 70.551 70.543 70.516 70.471 70.473 70.461 70.448 70.383 70.351
68.176 68.366 68.531 68.681 68.798 69.111 69.286 69.381 69.528 69.656 69.776 69.878 70.018 70.136 70.276 70.363 70.461 70.541 70.603 70.653 70.726 70.756 70.786 70.851 70.931 70.956 70.951 70.993 71.053 71.068 71.133 71.186 71.118 71.118 71.728 71.486 70.636 70.463 70.548 70.598 70.586 70.578 70.596 70.586 70.603 70.603 70.571 70.578 70.608 70.603 70.623 70.608 70.621 70.616 70.636 70.643 70.658 70.633 70.601 70.611 70.628 70.598 70.548 70.558 70.526 70.501 70.501 70.478 70.436 70.406 70.361
68.138 68.316 68.473 68.641 68.803 68.956 69.281 69.418 69.521 69.673 69.776 69.903 70.001 70.123 70.241 70.338 70.448 70.521 70.623 70.656 70.723 70.753 70.778 70.873 70.916 70.913 70.956 71.026 71.058 71.096 71.186 71.133 71.111 71.428 72.048 70.678 70.523 70.568 70.593 70.606 70.608 70.618 70.656 70.643 70.631 70.643 70.618 70.591 70.608 70.638 70.618 70.616 70.626 70.638 70.651 70.626 70.603 70.626 70.658 70.631 70.633 70.616 70.593 70.568 70.543 70.526 70.518 70.491 70.458 70.411 70.358
68.081 68.268 68.428 68.593 68.771 68.916 69.151 69.453 69.538 69.671 69.791 69.898 69.996 70.138 70.226 70.336 70.431 70.521 70.608 70.656 70.716 70.748 70.831 70.883 70.873 70.913 70.968 71.026 71.078 71.173 71.168 71.108 71.263 71.983 71.021 70.563 70.626 70.643 70.641 70.621 70.633 70.666 70.663 70.646 70.658 70.643 70.638 70.621 70.648 70.661 70.633 70.606 70.621 70.648 70.643 70.641 70.646 70.658 70.621 70.633 70.643 70.598 70.573 70.573 70.548 70.548 70.523 70.528 70.463 70.418 70.376
68.063 68.236 68.398 68.558 68.771 68.943 69.033 69.326 69.596 69.696 69.798 69.926 70.028 70.133 70.251 70.363 70.448 70.536 70.601 70.671 70.733 70.821 70.863 70.868 70.878 70.933 71.026 71.146 71.143 71.183 71.128 71.168 71.756 71.391 70.656 70.606 70.651 70.706 70.643 70.668 70.686 70.703 70.706 70.696 70.668 70.673 70.638 70.633 70.698 70.676 70.641 70.643 70.661 70.688 70.673 70.666 70.683 70.671 70.646 70.643 70.638 70.616 70.578 70.573 70.578 70.563 70.551 70.521 70.456 70.401 70.386
68.026 68.201 68.361 68.551 68.753 68.906 69.081 69.223 69.576 69.736 69.833 69.951 70.048 70.138 70.276 70.343 70.443 70.518 70.606 70.668 70.761 70.833 70.858 70.873 70.931 70.983 71.051 71.173 71.168 71.186 71.166 71.773 71.638 70.748 70.653 70.678 70.721 70.718 70.701 70.758 70.746 70.753 70.738 70.746 70.701 70.688 70.701 70.693 70.701 70.676 70.678 70.696 70.693 70.713 70.688 70.673 70.681 70.663 70.688 70.691 70.638 70.601 70.616 70.596 70.586 70.598 70.566 70.491 70.481 70.451 70.411
67.976 68.186 68.346 68.548 68.703 68.908 69.101 69.258 69.376 69.773 69.868 69.963 70.071 70.168 70.281 70.378 70.466 70.516 70.613 70.696 70.788 70.828 70.868 70.903 70.961 71.026 71.188 71.196 71.183 71.198 71.498 72.061 70.903 70.718 70.738 70.736 70.738 70.736 70.791 70.813 70.811 70.781 70.798 70.788 70.776 70.746 70.758 70.738 70.713 70.721 70.716 70.741 70.738 70.728 70.736 70.708 70.678 70.656 70.678 70.628 70.616 70.628 70.601 70.583 70.583 70.618 70.556 70.536 70.451 70.473 70.391
67.946 68.138 68.326 68.518 68.711 68.896 69.103 69.271 69.403 69.666 69.906 70.008 70.113 70.216 70.293 70.383 70.486 70.546 70.646 70.738 70.811 70.833 70.896 70.953 71.001 71.086 71.173 71.188 71.196 71.393 72.196 71.298 70.793 70.816 70.783 70.786 70.803 70.833 70.896 70.891 70.881 70.863 70.858 70.838 70.786 70.788 70.806 70.811 70.803 70.778 70.788 70.788 70.801 70.741 70.746 70.713 70.696 70.681 70.673 70.661 70.628 70.618 70.593 70.598 70.586 70.591 70.526 70.523 70.471 70.446 70.381
67.926 68.131 68.313 68.518 68.718 68.903 69.091 69.276 69.451 69.583 69.913 70.093 70.141 70.256 70.326 70.383 70.508 70.586 70.668 70.751 70.808 70.851 70.948 71.011 71.098 71.148 71.161 71.158 71.238 71.313 71.251 70.883 70.856 70.856 70.868 70.886 70.898 70.948 70.976 70.943 70.926 70.921 70.928 70.866 70.848 70.821 70.848 70.846 70.851 70.843 70.821 70.808 70.786 70.743 70.778 70.731 70.741 70.713 70.688 70.658 70.643 70.611 70.588 70.601 70.586 70.573 70.533 70.488 70.448 70.401 70.386
67.903 68.111 68.311 68.531 68.733 68.933 69.133 69.311 69.496 69.623 69.773 70.086 70.203 70.291 70.391 70.458 70.548 70.591 70.683 70.766 70.813 70.891 70.981 71.078 71.163 71.191 71.238 71.226 71.278 71.121 70.988 70.956 70.921 70.913 70.948 70.968 71.023 71.073 71.038 71.013 70.996 70.996 70.983 70.938 70.938 70.896 70.916 70.906 70.901 70.878 70.858 70.848 70.836 70.776 70.773 70.776 70.741 70.728 70.688 70.661 70.656 70.618 70.596 70.578 70.583 70.566 70.513 70.503 70.446 70.406 70.351
67.866 68.113 68.306 68.521 68.753 68.966 69.156 69.326 69.496 69.641 69.776 69.963 70.273 70.331 70.376 70.506 70.586 70.643 70.718 70.766 70.838 70.948 71.061 71.146 71.223 71.233 71.288 71.598 71.341 71.066 71.021 71.001 70.971 71.023 71.063 71.068 71.113 71.126 71.116 71.121 71.091 71.096 71.043 71.023 70.981 70.976 70.973 70.951 70.958 70.928 70.903 70.883 70.863 70.813 70.788 70.786 70.778 70.743 70.701 70.671 70.643 70.621 70.583 70.586 70.601 70.538 70.496 70.446 70.411 70.356 70.313
67.828 68.071 68.316 68.571 68.758 68.966 69.141 69.316 69.468 69.663 69.806 69.951 70.161 70.361 70.443 70.548 70.613 70.666 70.721 70.798 70.898 70.998 71.103 71.236 71.283 71.306 71.553 72.298 71.261 71.056 71.083 71.046 71.058 71.091 71.121 71.163 71.173 71.183 71.166 71.171 71.136 71.111 71.101 71.103 71.056 71.061 71.038 71.013 71.006 70.983 70.936 70.893 70.851 70.851 70.831 70.806 70.796 70.773 70.733 70.668 70.641 70.633 70.618 70.573 70.553 70.531 70.493 70.448 70.393 70.366 70.278
67.783 68.041 68.313 68.566 68.761 68.933 69.093 69.308 69.481 69.643 69.836 69.956 70.086 70.363 70.496 70.581 70.651 70.713 70.756 70.841 70.926 71.046 71.173 71.281 71.351 71.451 72.536 71.403 71.101 71.061 71.128 71.146 71.168 71.186 71.221 71.251 71.263 71.263 71.233 71.213 71.211 71.168 71.158 71.143 71.118 71.098 71.058 71.068 71.038 71.028 70.958 70.906 70.886 70.883 70.863 70.833 70.811 70.768 70.716 70.678 70.656 70.656 70.603 70.576 70.558 70.503 70.478 70.421 70.378 70.323 70.253
67.783 68.023 68.248 68.511 68.738 68.928 69.106 69.301 69.476 69.658 69.828 69.998 70.076 70.236 70.513 70.613 70.683 70.743 70.801 70.846 70.976 71.096 71.251 71.306 71.378 72.141 71.793 71.178 71.066 71.098 71.158 71.221 71.246 71.263 71.271 71.301 71.296 71.303 71.268 71.263 71.238 71.183 71.218 71.161 71.171 71.086 71.098 71.086 71.058 71.041 70.998 70.971 70.926 70.911 70.841 70.838 70.821 70.786 70.733 70.666 70.673 70.643 70.618 70.596 70.543 70.523 70.476 70.386 70.376 70.298 70.226
