data/LIDAR-DSM-2M-NZ24se/nz2842_DSM_2M.asc
ncols 500
nrows 500
xllcorner    428000
yllcorner    542000
cellsize     2
NODATA_value -9999
[rows 96 to 127 of 500, columns 146 to 218 of 500]
78.475 81.355 83.508 82.323 84.18 85.433 85.858 86.328 86.485 86.37 86.013 80.328 83.225 80.723 79.395 80.133 79.563 79.97 79.728 80.205 79.98 80.768 80.16 79.978 80.095 80.27 80.503 80.528 80.658 80.913 81.278 80.773 80.818 80.888 81.263 81.723 81.6 83.18 81.625 81.573 81.598 81.695 82.48 82.285 82.358 82.428 82.535 82.82 84.305 84.528 84.94 91.12 92.813 93.508 91.913 90.25 85.818 85.075 85.645 85.468 85.513 85.618 87.365 89.29 89.978 89.183 88.353 87.605 88.193 88.14 89.47 88.585 88.753
85.173 86.295 86.758 85.018 85.093 86.455 86.373 85.995 85.58 85.135 84.69 81.358 79.343 79.41 79.415 79.97 79.875 79.793 79.67 79.728 79.733 79.823 79.928 80.015 80.15 82.293 82.865 82.91 80.598 81.46 81.653 80.865 80.888 80.92 82.458 84.185 86.773 84.598 81.953 82.023 82.368 81.94 82.85 82.545 82.418 82.535 82.63 82.82 84.41 84.348 84.805 90.953 92.293 92.963 92.023 90.585 85.743 86.453 86.375 85.468 85.54 85.643 87.508 89.215 89.978 89.288 88.318 87.66 88.175 88.16 89.138 88.963 88.338
87.165 87.823 88.02 87.935 82.538 85.555 85.128 84.49 83.458 82.45 80.77 79.873 79.238 79.578 79.488 79.485 79.528 79.548 79.595 79.668 79.778 79.983 80.065 82.028 87.365 91.113 90.665 89.008 80.813 81.128 81.778 82.685 83.668 86.575 88.305 88.708 89.098 87.53 83.038 83.09 84.868 82.365 83.288 83.285 82.543 82.633 82.705 82.945 84.59 83.998 84.658 89.92 91.573 91.525 91.368 90.705 89.318 89.773 87.075 85.5 85.548 85.608 87.198 89.13 90.005 89.383 88.028 88.073 87.918 88.705 88.32 88.82 88.683
88.053 88.24 87.458 87.028 82.84 82.77 82.398 80.263 79.54 78.72 78.65 78.713 79.275 80.155 79.695 79.375 79.45 79.513 79.573 79.703 80.065 80.55 80.34 84.148 89.545 90.923 91 89.643 86.335 86.52 87.22 88.1 88.403 89.13 89.638 90.038 90.408 90.053 82.118 84.713 86.528 82.79 84.04 83.76 82.633 82.693 82.718 83.02 83.905 83.963 84.823 85.385 87.148 86.198 86.79 85.635 85.973 86.19 86.213 85.675 85.605 85.635 86.288 88.74 89.938 89.455 89.38 92.995 88.798 88.233 88.835 88.605 88.18
87.048 86.613 86.2 83.348 80.92 79.105 78.945 78.785 79.405 79.7 78.943 80.455 80.283 79.813 79.383 79.34 79.45 79.54 79.635 79.773 80.52 80.73 80.503 81.178 89.265 90.648 91.188 89.913 88.923 88.958 89.145 89.428 89.763 90.173 90.798 90.513 90.155 89.783 84.43 84.418 83.403 82.21 86.218 85.535 82.8 82.783 82.828 83.068 83.998 84.22 84.878 89.203 89.653 90.905 91.345 91.19 88.758 87.725 86.61 86.373 85.723 85.678 86.18 88.735 89.77 89.478 87.51 91.463 89.03 88.01 87.565 88.425 88.27
84.34 82.09 79.608 77.953 78.065 78.465 78.69 78.783 79.425 79.033 79.02 79.273 79.583 79.943 79.313 79.378 79.468 79.558 79.645 79.85 80.838 80.825 80.643 80.508 86.858 90.733 91.915 90.818 90.138 90.058 90.088 90.005 89.795 89.49 89.72 89.23 88.808 88.163 84.873 84.223 83.085 82.063 84.185 85.018 83.058 82.938 82.975 83.133 83.61 84.223 84.685 88.135 92.033 92.87 92.64 91.453 86.885 85.185 85.73 85.885 85.64 85.623 86.165 88.378 87.933 87.685 86.898 91.188 89.368 87.818 87.553 88.748 88.32
78.53 78.3 78.18 78.073 78.153 78.655 79.423 79.27 78.818 78.835 78.88 78.948 78.998 79.12 79.23 79.393 79.48 79.61 79.698 79.86 80.15 80.96 80.56 81.35 90.21 91.998 93.028 91.825 90.465 89.863 89.24 88.72 88.385 87.523 88.055 85.888 84.78 82.75 82.193 82.858 82.473 82.093 82.195 83.218 83.493 82.955 82.975 83.13 83.645 84.423 84.705 88.298 91.958 93.58 92.995 91.58 88.223 85.305 86.343 85.668 85.645 85.663 86.34 86.238 86.088 86.073 86.203 88.575 87.608 88.568 87.503 88.908 88.708
78.293 78.693 78.108 78.18 78.62 78.963 78.605 78.583 78.628 78.75 78.858 78.948 79.003 79.103 79.258 79.398 79.518 79.65 79.75 79.915 80.093 80.258 80.555 80.738 88.105 91.655 92.943 92.143 90.8 89.368 86.52 84.793 83.38 81.783 81.85 82.075 82.02 81.98 82.44 84.055 83.633 82.208 82.205 84.258 85.653 83.005 83.053 83.188 83.638 84.41 84.665 87.838 91.815 93.213 93.015 91.708 87.953 85.723 86.31 86.215 85.963 85.68 86.438 86.2 86.508 86.353 86.335 87.863 87.81 88.298 87.538 88.318 89.188
77.9 78.098 78.09 78.158 78.25 78.313 78.38 78.47 78.613 78.733 79.018 79.59 79.05 79.258 79.96 79.97 79.598 79.725 79.81 79.978 80.145 80.3 80.513 80.885 87.885 91.39 92.683 92.488 91.118 84.983 81.7 82.35 82.738 81.858 81.915 82.118 82.138 82.095 82.015 83.44 84.4 83.778 82.465 84.423 83.868 83.13 83.16 83.233 83.64 84.693 84.743 87.443 91.738 93.083 93.12 91.815 89.323 87.755 87.715 86.245 85.923 85.685 86.148 86.17 86.17 86.098 86.393 87.238 87.805 88.108 88.03 87.89 90.623
77.785 77.935 77.963 78.073 78.173 78.255 78.373 78.495 78.605 78.848 79.495 79.218 79.158 79.555 80.22 79.99 79.688 79.81 79.895 80.038 80.178 80.773 80.915 81.048 83.96 91.343 92.963 93.485 92.208 87.685 81.61 82.483 82.33 82.04 82.145 82.288 82.275 82.293 82.34 84.38 86.73 85.173 82.888 82.75 83.413 83.443 83.293 83.353 83.658 84.428 84.493 87.688 91.613 92.975 93.29 91.955 89.708 87.588 87.395 85.903 85.723 85.728 85.963 86.378 86.283 86.583 86.403 88.48 89.75 88.92 89.163 87.803 90.065
77.63 77.773 77.863 77.995 78.143 78.335 78.533 78.818 79.313 79.988 79.395 79.23 79.38 79.71 80.375 80.2 79.728 79.87 79.99 80.088 80.228 81.035 80.873 82.395 86.108 91.723 93.09 93.843 92.675 89.655 81.745 81.865 82.003 82.1 82.258 82.53 82.668 82.715 82.79 83.515 85.045 84.348 84.978 84.7 83.57 83.768 83.41 84.483 83.715 84.518 84.455 86.348 91.48 92.845 93.375 92.078 88.91 85.248 86.075 85.948 85.778 85.775 85.863 86.2 87.775 88.818 89.08 88.178 89.783 88.23 88.475 87.79 88.91
77.668 77.75 77.875 78.408 78.988 78.835 79.293 78.77 78.86 78.913 79.27 79.44 79.658 79.8 79.928 80.09 80.49 80.465 80.18 80.165 83.043 87.428 87.983 89.603 89.948 91.435 92.79 93.908 92.98 91.473 82.798 82.053 82.158 82.255 82.363 82.765 82.948 83.063 83.095 83.173 83.278 83.928 88.44 87.403 84.003 84.103 83.55 83.585 84.125 84.933 84.915 85.273 91.37 92.678 93.765 92.215 90.19 85.858 85.62 85.958 86.175 85.813 85.893 86.11 87.395 89.563 89.613 88.063 88.935 88.333 88.69 87.658 88.248
77.675 77.795 77.995 78.113 78.403 78.488 78.72 78.848 79.135 79.298 79.385 79.62 79.863 80.208 81.883 82.61 84.775 85.87 80.618 80.898 89.56 90.343 90.658 90.95 91.255 91.643 92.548 93.795 93.495 92.21 84.36 82.253 82.37 82.435 82.535 82.67 83.14 83.278 83.328 83.35 83.68 84.245 85.595 84.228 83.68 84.588 83.715 83.745 84.15 86.33 84.628 85.653 91.085 92.57 93.413 92.333 90.818 85.295 85.928 86.19 86.94 85.853 85.918 86.09 87.125 89.515 89.668 88.053 87.99 88.045 88.163 87.733 88.483
77.788 78.033 78.288 78.358 78.543 78.633 78.83 79.01 79.18 79.325 79.638 79.823 80.17 85.733 87.723 87.908 88.203 89.02 83.983 80.408 87.408 91.695 92.013 92.108 92.145 92.13 92.985 94.783 94.54 93.208 89.818 82.455 82.493 82.63 82.67 82.793 83.07 83.345 83.51 83.55 83.58 84.285 84.055 83.688 83.838 85.253 84.4 84.085 84.565 85.913 84.713 85.19 89.883 92.24 92.378 92.063 91.008 86.973 87.413 86.89 86.348 85.905 85.923 86.065 87.243 89.488 89.67 88.008 87.623 87.62 87.85 87.793 88.288
77.86 78.185 78.35 78.428 78.61 78.765 79.055 79.2 79.32 79.375 80.633 80.758 82.67 87.375 89.125 89.235 89.555 89.788 87.328 80.538 88.133 91.893 91.665 91.368 91.038 91.555 92.903 94.278 94.785 93.523 89.33 83.295 83.425 83.518 83.315 82.88 83.125 83.49 83.695 83.78 83.943 84.178 83.868 83.803 83.87 84.898 84.5 84.318 84.7 85.355 85.323 85.268 88.858 88.54 88.203 87.913 88.05 86.313 86.578 86.968 85.938 85.948 85.955 86.67 87.123 88.153 88.708 87.193 88.01 87.643 87.95 87.653 88.02
77.943 78.218 78.338 78.393 78.885 78.825 79.675 80.415 81.51 83.218 84.725 85.41 86.175 88.92 90.05 89.908 89.748 89.563 88.718 80.688 85.903 90.603 90.295 89.995 89.35 89.883 92.588 93.978 94.958 93.775 92.173 83.548 83.508 83.448 83.23 83.04 83.23 83.663 83.875 83.948 83.955 84.033 84.323 84.023 83.868 84.035 84.663 84.933 84.885 85.628 87.555 86.188 85.25 85.508 86.275 86.565 87.253 85.918 87.833 88.045 85.958 85.963 86.023 86.91 86.793 86.308 86.21 86.303 88.253 87.628 87.998 88.253 90.418
78.11 78.275 79.46 81.098 83.11 83.34 84.29 84.988 85.883 86.2 86.608 87.213 87.575 88.318 89.085 88.75 88.478 88.2 87.573 82.323 81.908 86.083 84.925 82.36 82.878 83.405 92.14 93.75 95.108 94.69 93.33 85.583 83.855 84.505 85.333 87.1 85.538 84.018 84.025 84.08 84.1 84.065 85.825 86.128 84.093 84.285 85.235 84.445 85.668 87.848 86.913 85.73 85.993 88.51 88.893 88.498 87.953 86.005 85.845 85.978 85.99 85.998 86.075 86.38 86.19 87.793 87.175 88.103 88.795 88.645 88.203 88.453 90.238
78.173 78.333 82.963 85.275 86.178 85.81 86.005 86.275 87.423 87.325 87.333 87.68 87.373 87.153 87.69 86.68 84.665 84.703 82.848 81.543 81.04 81.143 81.188 81.48 82.333 83.43 89.603 94.14 95.46 95.145 93.818 91.243 88.958 90.68 91.14 91.468 89.32 84.318 84.18 84.218 84.218 84.265 88.765 87.725 84.35 84.08 84.793 84.75 86.365 87.835 85.883 85.708 85.71 88.558 89.453 88.685 88.005 86.39 85.85 85.963 86.013 86.04 86.068 91.453 92.638 94.54 93.153 92.87 91.403 89.853 88.078 88.065 90.095
78.263 78.535 80.47 86.805 87.008 86.898 86.663 86.465 86.695 86.525 86.223 86.283 85.778 85.548 83.413 81.673 81.28 81.328 81.308 81.605 81.115 81.2 81.523 82.168 82.84 83.678 87.018 93.84 95.223 95.513 94.113 92.76 91.94 92.183 92.525 92.81 92.69 84.813 84.343 84.343 84.33 84.33 85.278 86.448 84.93 84.225 84.61 85.208 85.793 87.74 86.34 85.468 85.733 88.143 88.465 87.765 87.178 86.42 85.903 86.205 86.053 86.07 87.168 91.818 93.43 94.583 94.1 92.91 91.45 89.733 87.643 87.935 89.988
78.938 78.51 79.41 87.253 86.965 86.468 85.413 85.105 84.98 84.675 82.273 82.005 81.138 80.088 81.385 81.135 81.203 81.368 81.52 82.04 81.23 81.308 81.713 82.118 82.023 83.823 85.765 93.553 94.908 95.668 94.403 93.233 93.055 93.243 93.205 92.893 92.72 85.59 84.555 84.52 84.47 84.533 84.63 85.21 85.858 84.415 84.53 85.113 84.948 85.085 86.288 85.158 85.775 86.14 86.578 87.063 86.788 85.968 86.015 86.17 86.12 86.113 86.208 91.96 94.153 94.753 93.85 92.268 91.563 90.683 89.865 90.523 93.555
79.598 79.075 79.92 84.155 85.575 85.233 81.87 79.763 79.98 79.405 79.368 79.895 80.135 79.985 80.675 81.443 81.393 81.643 82.445 81.69 81.358 81.443 81.595 81.725 81.918 83.875 84.468 91.67 94.053 95.125 93.718 92.743 92.5 92.218 91.9 91.588 91.33 87.588 85.275 84.78 84.84 84.985 85.363 85.32 85.265 84.6 84.658 85.385 85.135 85.19 86.165 86.19 86.198 85.945 86.188 86.823 85.99 86.083 86.08 86.263 86.23 86.183 86.658 92.408 94.373 94.725 93.333 90.623 91.82 94.195 93.74 91.22 94.813
84.678 85.66 85.748 81.67 82.09 81.26 78.933 78.973 79.343 79.748 79.71 80.655 81.543 80.998 81.085 81.98 82.17 81.7 81.325 81.398 81.47 81.58 81.69 81.845 82.308 83.453 84.223 90.24 92.865 94.065 93.535 92.268 90.9 90.685 88.58 87.875 87.058 84.758 85.65 85.238 86.238 87.685 86.475 85.353 85.238 84.92 84.975 86.438 85.413 85.565 86.395 85.553 86.2 85.975 85.99 86.358 86.088 86.145 86.193 86.398 87.185 86.235 86.258 91.658 94.453 94.228 91.588 89.938 92.213 94.815 94.068 90.778 94.753
87.88 88.163 88.468 79.093 78.27 78.435 78.985 79.81 81.078 79.93 80.78 81.048 81.505 81.975 81.778 81.918 81.798 81.43 81.493 81.555 81.588 81.73 81.84 81.938 83.273 83.77 84.265 87.44 92.515 93.923 93.848 92.465 89.223 84.625 84.513 84.683 84.658 84.675 85.488 85.585 86.82 88.583 87.438 86.838 89.305 86.625 85.11 85.888 86.103 85.74 86.66 86.213 86.318 86.125 86.075 86.415 86.715 86.535 86.24 86.358 88.27 86.313 86.33 89.898 94.263 94.765 93.003 92.518 93.58 94.68 94.363 91.533 94.725
88.993 89.068 89.005 83.98 78.433 80.085 81.83 80.715 80.673 80.58 80.74 81.128 81.15 81.325 81.44 81.488 81.515 81.598 81.648 82.133 81.743 82.003 83.095 83.623 84.118 84.698 84.458 86.348 92.19 93.693 93.16 91.56 87.255 85.005 85.515 86.188 86.84 87.77 88.28 85.76 86.458 88.763 89.713 88.943 89.218 88.37 85.728 85.445 85.925 86.135 86.553 86.383 86.203 86.213 86.225 86.363 88.948 87.418 87.643 87.813 87.633 86.41 86.45 90.418 94.078 94.523 94.195 94.543 94.4 94.66 94.553 94.388 94.968
88.268 87.963 87.665 82.615 81.85 83.463 84.178 80.493 80.728 80.9 81.308 81.79 81.633 81.44 81.745 82.48 83.225 83.84 84.653 84.983 81.805 83.39 84.808 84.748 84.758 84.81 84.698 84.708 88.03 86.6 85.568 85.353 86.508 86.075 85.063 85.203 88.513 89.175 89.028 86.54 88.873 89.235 89.743 89.228 87.988 88.405 86.61 85.565 86.3 86.335 87.415 86.47 87.05 86.255 86.273 87.45 89.45 92.965 94.78 92.975 86.995 86.513 86.545 89.435 94.978 95.308 95.448 95.673 95.458 95.305 95.505 95.565 95.528
85.813 84.663 82.103 78.77 82.323 84.965 84.863 82.228 81.635 81.075 81.85 81.99 82.063 81.66 83.658 85.42 85.708 85.933 86.13 86.283 82.678 82.748 84.8 84.733 84.76 85.065 85.36 85.293 85.318 85.248 85.808 85.243 85.868 85.375 84.865 85.125 87.085 87.745 87.21 85.665 88.063 88.92 89.468 89.56 88.048 88.54 86.985 85.7 86.235 86.23 86.735 87.103 86.835 87.283 89.018 88.268 93.06 95.353 95.96 94.94 89.015 86.615 86.66 87.2 95.483 95.463 95.21 94.91 94.61 95.335 94.87 94.27 93.123
78.658 78.653 78.535 78.613 80.69 83.978 83.615 83.038 82.318 81.8 81.795 82.005 82.295 82.258 84.463 86.175 86.103 85.83 85.458 84.825 82.423 82.655 84.745 84.93 84.808 84.955 85.405 85.235 85.173 85.12 86.128 85.34 85.823 85.28 84.928 84.988 85.025 85.14 85.058 85.218 85.983 87.168 89.175 89.845 88.798 88.265 87.163 87.218 86.85 86.15 86.218 87.045 87.955 91.498 93.945 94.643 95.26 95.588 95.96 95.925 94.753 87.363 86.755 86.855 94.125 94.123 93.85 93.545 92.898 91.603 88.575 88.11 87.428
78.613 78.7 78.793 78.82 81.01 82.603 82.258 82.328 82.343 82.36 82.088 82.38 82.513 82.25 82.81 84.648 84.313 83.08 82.228 82.098 82.025 82.568 84.278 85.26 84.828 84.98 85.348 85.66 85.963 85.165 85.32 85.238 85.23 86.135 85.048 85.115 85.11 85.138 85.168 85.33 85.62 86.288 89.215 90.233 89.378 89.368 92.193 91.153 89.065 86.633 86.52 87.563 88.41 95.44 96.113 96.245 96.71 96.815 97.235 97.92 98.635 90.398 86.818 86.935 89.358 91.615 89.525 87.385 87.688 87.245 87.235 87.305 87.365
78.793 78.845 78.808 79.39 80.805 83.13 82.358 82.29 82.553 83.555 84.183 84.235 82.793 82.488 82.15 82.28 81.958 82.558 83.608 83.278 83.87 83.798 84.465 84.723 84.725 84.798 85.37 85.385 85.123 85.07 85.04 85.09 85.183 85.518 85.238 85.22 85.273 85.248 85.285 85.323 85.548 85.615 88.7 90.18 89.965 89.31 91.955 92.02 89.34 87.328 87.008 89.255 86.71 96.288 97.085 97.225 97.115 97.878 98.895 98.85 98.253 94.24 86.835 86.875 86.98 87.008 87.028 87.045 87.078 87.16 87.238 87.323 87.355
80.155 79.905 80.605 82.128 81.903 83.35 83.83 84.22 82.995 83.69 84.423 84.19 82.858 82.95 83.045 83.58 83.413 83.663 83.598 83.725 83.828 83.9 84.38 84.708 84.72 84.775 85.408 85.218 85.168 85.118 85.158 85.12 85.183 85.785 85.383 85.338 85.385 85.373 85.398 85.423 86.505 85.713 87.653 91.58 92.608 91.565 91.495 92.39 90.343 88.34 86.67 87.795 86.56 94.603 96.68 96.1 95.575 96.753 97.76 95.785 92.165 88.855 86.785 86.78 86.843 86.845 86.833 86.925 87.085 87.145 87.188 87.22 87.255
80.08 80.255 80.415 82.003 81.155 82.668 85.09 85.045 82.333 82.558 82.998 82.7 82.795 82.845 83.475 83.653 83.79 83.893 84.008 83.85 83.94 83.99 84.848 84.725 84.698 84.725 85.69 86.06 86.65 87.223 87.668 85.905 85.15 86.188 86.07 85.825 86.52 85.493 85.54 85.54 85.668 86.605 86.93 91.76 93.28 91.99 91.118 92.488 92.305 91.818 86.415 86.715 86.84 91.638 95.558 95.218 93.343 91.253 90.603 87.038 86.985 86.838 86.685 86.64 86.653 86.678 86.683 86.783 86.985 87.045 87.11 87.168 87.195
80.035 80.243 80.348 81.768 81.363 82 83.413 82.233 82.353 82.475 82.65 83.04 82.925 82.97 83.223 83.875 83.953 84.023 84.098 83.978 84.05 84.145 84.343 84.753 85.033 84.91 86.253 87.103 87.938 88.178 87.998 86.415 85.198 85.343 85.578 85.755 85.993 88.085 88.095 88.635 85.56 86.45 86.19 90.443 93.133 92.468 91.855 93.265 93.725 94.113 88.105 87.165 87.663 88.235 92.205 89.365 86.81 86.558 86.628 86.613 86.563 86.525 86.493 86.5 86.52 86.58 86.588 86.64 86.878 86.958 87.038 87.088 87.085
