data/LIDAR-DSM-2M-NZ24se/nz2840_DSM_2M.asc
ncols 500
nrows 500
xllcorner    428000
yllcorner    540000
cellsize     2
NODATA_value -9999
[rows 32 to 63 of 500, columns 360 to 431 of 500]
36.49 36.492 36.5 36.465 36.462 36.415 36.342 36.287 36.237 36.16 36.077 36.025 35.937 35.917 35.875 35.812 35.782 35.722 35.725 35.712 35.65 35.667 35.66 35.647 35.632 35.63 35.65 35.667 35.675 35.717 35.752 35.79 35.825 35.9 35.92 35.97 36.025 36.107 36.202 36.332 36.392 36.485 36.537 36.555 36.59 36.567 36.507 36.557 36.985 38.542 40.317 37.902 37.96 37.157 41.04 38.352 37.005 37.03 36.885 36.845 37.152 38.702 40.15 40.065 37.555 36.86 36.852 36.877 36.907 36.912 36.957 36.987
36.51 36.49 36.48 36.445 36.382 36.327 36.302 36.252 36.195 36.082 36.007 35.93 35.887 35.82 35.792 35.757 35.675 35.675 35.652 35.635 35.615 35.622 35.65 35.63 35.64 35.637 35.637 35.645 35.662 35.69 35.74 35.797 35.84 35.88 35.925 35.982 36.03 36.097 36.147 36.272 36.357 36.432 36.495 36.557 36.58 36.597 36.597 36.585 36.55 36.59 37.972 40.272 38.765 40.37 39.125 38.417 37.132 36.872 36.867 37.082 39.32 40.627 41.407 40.88 39.84 37.255 36.81 36.857 36.87 36.907 36.967 37.055
36.462 36.435 36.41 36.412 36.367 36.322 36.235 36.162 36.097 36.005 35.937 35.862 35.805 35.752 35.695 35.647 35.61 35.592 35.592 35.585 35.592 35.635 35.635 35.622 35.647 35.642 35.65 35.63 35.677 35.69 35.745 35.802 35.83 35.885 35.94 35.975 36.047 36.107 36.167 36.24 36.307 36.41 36.467 36.525 36.525 36.595 36.582 36.612 36.597 36.53 36.612 37.075 37.095 38.422 38.28 37.195 36.89 36.832 36.96 38.81 40.6 41.48 42.022 41.565 40.717 39.105 37.352 36.792 36.837 36.927 36.975 37.002
36.432 36.417 36.382 36.352 36.295 36.255 36.19 36.102 36.025 35.912 35.855 35.805 35.712 35.652 35.6 35.582 35.575 35.552 35.555 35.582 35.59 35.62 35.61 35.615 35.645 35.647 35.662 35.68 35.677 35.71 35.745 35.767 35.82 35.9 35.937 35.99 36.035 36.12 36.185 36.23 36.262 36.327 36.412 36.46 36.5 36.557 36.557 36.602 36.597 36.595 36.605 36.5 36.595 37.122 37.19 36.99 36.91 36.81 36.817 39.082 40.33 41.152 41.977 41.815 40.937 40.12 37.757 36.75 36.802 36.865 36.927 36.945
36.407 36.37 36.357 36.317 36.26 36.2 36.122 36.03 35.957 35.87 35.77 35.677 35.612 35.605 35.562 35.557 35.54 35.512 35.54 35.565 35.59 35.617 35.617 35.662 35.64 35.66 35.662 35.677 35.667 35.7 35.73 35.782 35.812 35.872 35.9 35.987 36.037 36.105 36.172 36.205 36.242 36.3 36.332 36.39 36.445 36.505 36.522 36.562 36.57 36.602 36.617 36.595 36.56 36.607 36.907 37.177 37.687 37.14 36.835 37.255 39.705 40.45 41.242 41.027 40.302 39.032 37.317 36.782 36.812 36.915 36.92 36.967
36.392 36.347 36.3 36.247 36.207 36.155 36.045 35.965 35.877 35.797 35.7 35.632 35.58 35.55 35.525 35.492 35.5 35.522 35.555 35.567 35.582 35.617 35.66 35.677 35.67 35.675 35.665 35.69 35.657 35.67 35.73 35.75 35.775 35.837 35.905 35.967 36.022 36.095 36.167 36.195 36.227 36.262 36.312 36.35 36.377 36.457 36.467 36.535 36.555 36.585 36.577 36.627 36.632 36.567 36.447 36.725 37.322 37.315 37.01 37.375 39.447 40.435 40.62 40.137 38.387 37.622 37.4 37.477 37.307 37.535 37.372 37.31
36.34 36.305 36.247 36.202 36.147 36.077 36 35.905 35.81 35.737 35.677 35.612 35.555 35.502 35.497 35.482 35.525 35.535 35.555 35.552 35.6 35.615 35.652 35.65 35.68 35.66 35.64 35.64 35.65 35.65 35.677 35.71 35.762 35.832 35.872 35.95 36.02 36.072 36.142 36.185 36.21 36.26 36.272 36.292 36.32 36.375 36.417 36.487 36.492 36.525 36.54 36.58 36.632 36.62 36.597 36.56 36.667 37.3 37.755 37.73 40.192 40.41 39.767 38.282 38.242 37.487 37.442 37.157 37.757 37.04 37.055 37.069
36.295 36.247 36.21 36.17 36.125 36.045 35.965 35.902 35.795 35.735 35.665 35.602 35.597 35.53 35.522 35.517 35.502 35.545 35.582 35.562 35.595 35.617 35.642 35.657 35.682 35.672 35.652 35.642 35.662 35.655 35.655 35.672 35.73 35.792 35.842 35.925 35.995 36.035 36.087 36.112 36.175 36.225 36.227 36.252 36.257 36.3 36.337 36.397 36.442 36.485 36.507 36.547 36.587 36.6 36.6 36.582 36.48 36.627 36.885 37.497 39.232 39.162 37.642 38.35 38.157 37.47 36.94 37.017 36.987 37.025 37.18 37.488
36.252 36.212 36.19 36.15 36.075 36 35.942 35.895 35.82 35.747 35.645 35.63 35.597 35.55 35.54 35.537 35.522 35.555 35.57 35.575 35.585 35.63 35.622 35.647 35.665 35.672 35.662 35.645 35.635 35.662 35.652 35.692 35.705 35.77 35.815 35.897 35.98 36.022 36.052 36.095 36.127 36.155 36.182 36.222 36.285 36.272 36.297 36.337 36.342 36.407 36.465 36.487 36.55 36.552 36.555 36.585 36.565 36.437 36.505 37.06 37.265 37.555 37.31 37.172 36.862 37.007 36.937 36.947 37.977 37.987 39.307 38.89
36.197 36.215 36.17 36.112 36.065 36.007 35.942 35.895 35.807 35.782 35.687 35.682 35.592 35.52 35.56 35.547 35.535 35.545 35.557 35.58 35.585 35.61 35.632 35.642 35.665 35.632 35.62 35.622 35.617 35.642 35.657 35.685 35.695 35.745 35.797 35.857 35.937 35.957 36.02 36.065 36.097 36.132 36.177 36.222 36.25 36.252 36.265 36.25 36.242 36.29 36.362 36.395 36.465 36.502 36.562 36.555 36.56 36.51 36.45 36.552 36.732 36.82 36.9 36.787 37.09 38.107 38.902 39.537 41.4 42.477 41.047 39.642
36.2 36.195 36.16 36.11 36.052 36.022 35.972 35.925 35.86 35.782 35.75 35.68 35.65 35.602 35.595 35.54 35.567 35.555 35.582 35.595 35.605 35.615 35.597 35.605 35.647 35.615 35.627 35.625 35.62 35.65 35.615 35.645 35.685 35.732 35.755 35.837 35.875 35.95 35.995 36.072 36.062 36.115 36.15 36.185 36.18 36.202 36.18 36.187 36.212 36.237 36.25 36.325 36.365 36.412 36.507 36.53 36.54 36.54 36.5 36.497 36.62 36.725 36.85 36.84 38.462 39.772 39.875 41.032 42.602 42.995 41.598 39.695
36.215 36.177 36.155 36.105 36.047 36.022 35.987 35.94 35.88 35.8 35.745 35.702 35.677 35.657 35.617 35.595 35.592 35.57 35.595 35.58 35.615 35.615 35.577 35.607 35.627 35.627 35.637 35.63 35.602 35.637 35.637 35.642 35.66 35.702 35.752 35.802 35.845 35.925 35.967 36.045 36.077 36.1 36.122 36.155 36.152 36.142 36.14 36.17 36.172 36.185 36.207 36.267 36.317 36.365 36.457 36.532 36.547 36.535 36.54 36.487 36.562 36.852 36.877 36.767 38.222 39.242 38.43 40.505 42.05 43.22 42.284 40.618
36.202 36.135 36.13 36.12 36.057 36.035 35.985 35.94 35.895 35.822 35.785 35.735 35.692 35.672 35.637 35.617 35.6 35.595 35.602 35.58 35.602 35.625 35.625 35.64 35.625 35.625 35.64 35.635 35.635 35.615 35.64 35.652 35.685 35.715 35.762 35.765 35.82 35.872 35.925 35.98 36.027 36.035 36.06 36.112 36.09 36.115 36.145 36.147 36.157 36.152 36.182 36.197 36.27 36.312 36.377 36.455 36.52 36.477 36.495 36.472 36.447 36.832 36.752 36.755 36.82 37.197 36.907 38.785 41.54 43.067 42.705 41.154
36.182 36.175 36.135 36.085 36.02 36.02 35.965 35.932 35.91 35.852 35.802 35.757 35.7 35.677 35.655 35.607 35.59 35.59 35.602 35.587 35.597 35.612 35.61 35.612 35.625 35.6 35.62 35.617 35.635 35.602 35.617 35.645 35.677 35.71 35.732 35.762 35.81 35.852 35.882 35.922 35.965 36 36.037 36.055 36.07 36.067 36.115 36.142 36.157 36.155 36.142 36.16 36.207 36.242 36.302 36.395 36.47 36.482 36.465 36.45 36.39 36.707 36.99 36.76 36.782 36.855 36.895 38.465 41.2 42.572 43.127 41.704
36.16 36.167 36.112 36.062 36.047 36.03 35.967 35.935 35.91 35.852 35.822 35.78 35.732 35.68 35.682 35.655 35.632 35.617 35.592 35.6 35.602 35.62 35.63 35.602 35.592 35.61 35.607 35.635 35.635 35.627 35.61 35.635 35.672 35.7 35.722 35.737 35.76 35.812 35.84 35.867 35.935 35.94 35.997 36.03 36.062 36.067 36.107 36.125 36.12 36.1 36.115 36.13 36.15 36.217 36.215 36.342 36.41 36.427 36.415 36.42 36.33 36.647 36.955 36.74 36.787 36.855 36.99 39.16 42.127 42.768 43.279 42.234
36.137 36.11 36.09 36.065 36.012 36.017 35.98 35.945 35.892 35.842 35.825 35.78 35.75 35.72 35.687 35.67 35.625 35.607 35.602 35.592 35.592 35.587 35.59 35.607 35.6 35.617 35.597 35.63 35.617 35.62 35.625 35.665 35.66 35.672 35.707 35.742 35.762 35.775 35.827 35.872 35.925 35.94 35.982 36.032 36.047 36.062 36.09 36.107 36.085 36.095 36.105 36.11 36.13 36.147 36.227 36.295 36.327 36.387 36.4 36.4 36.315 36.512 36.862 36.87 36.785 37.077 37.12 38.287 41.232 41.875 42.989 42.753
36.107 36.072 36.052 36.03 35.99 35.97 35.96 35.932 35.882 35.86 35.835 35.787 35.765 35.725 35.707 35.675 35.637 35.62 35.612 35.597 35.587 35.567 35.575 35.582 35.577 35.602 35.61 35.63 35.602 35.62 35.627 35.675 35.662 35.687 35.72 35.735 35.775 35.782 35.817 35.815 35.89 35.937 35.957 36 36.045 36.06 36.077 36.075 36.085 36.105 36.085 36.055 36.085 36.147 36.19 36.25 36.3 36.325 36.335 36.367 36.305 36.4 37.025 37.462 36.792 37.132 36.942 37.052 39.325 40.996 42.462 43.135
36.057 36.035 36.025 35.962 35.967 35.912 35.927 35.907 35.87 35.86 35.832 35.765 35.762 35.735 35.702 35.682 35.645 35.62 35.63 35.592 35.555 35.587 35.607 35.565 35.607 35.595 35.615 35.612 35.63 35.64 35.662 35.677 35.672 35.697 35.705 35.732 35.742 35.76 35.795 35.807 35.875 35.915 35.942 35.952 35.987 36 36.03 36.027 36.047 36.042 36.03 36.03 36.082 36.13 36.13 36.195 36.252 36.26 36.29 36.317 36.282 36.31 36.847 36.752 36.63 36.665 36.855 36.992 37.752 39.827 41.953 43.284
36.002 35.97 35.977 35.935 35.932 35.902 35.89 35.862 35.852 35.832 35.792 35.775 35.755 35.717 35.695 35.692 35.647 35.625 35.622 35.562 35.565 35.567 35.57 35.59 35.605 35.612 35.637 35.64 35.615 35.657 35.675 35.69 35.7 35.705 35.732 35.717 35.732 35.77 35.787 35.842 35.875 35.912 35.892 35.917 35.94 35.935 35.957 35.98 35.977 35.99 36.015 36.02 36.042 36.077 36.097 36.125 36.182 36.212 36.23 36.26 36.255 36.207 36.655 36.555 36.567 36.622 36.81 37 37.049 38.977 41.529 43.257
35.972 35.925 35.935 35.892 35.905 35.875 35.837 35.835 35.812 35.805 35.78 35.742 35.732 35.73 35.685 35.642 35.632 35.625 35.607 35.59 35.597 35.575 35.595 35.617 35.612 35.642 35.625 35.635 35.635 35.69 35.702 35.715 35.72 35.732 35.712 35.72 35.732 35.782 35.82 35.85 35.875 35.882 35.87 35.89 35.865 35.895 35.915 35.95 35.95 35.977 35.987 35.97 36.015 36.037 36.042 36.085 36.1 36.16 36.195 36.215 36.192 36.082 36.57 36.707 36.52 36.61 36.745 36.917 37.928 39.588 40.737 41.966
35.887 35.875 35.872 35.86 35.85 35.835 35.825 35.787 35.777 35.75 35.737 35.702 35.715 35.685 35.682 35.63 35.632 35.595 35.56 35.572 35.592 35.57 35.59 35.605 35.607 35.612 35.617 35.657 35.695 35.712 35.742 35.712 35.732 35.732 35.752 35.777 35.75 35.802 35.835 35.83 35.852 35.85 35.837 35.862 35.852 35.887 35.917 35.917 35.917 35.94 35.955 35.96 35.982 35.987 35.997 36.02 36.027 36.102 36.132 36.14 36.11 36.052 36.372 36.477 36.487 36.607 36.725 36.849 38.89 39.122 38.771 38.484
35.857 35.83 35.822 35.817 35.787 35.76 35.767 35.742 35.717 35.7 35.715 35.652 35.622 35.652 35.657 35.607 35.61 35.6 35.58 35.602 35.59 35.585 35.577 35.58 35.61 35.642 35.65 35.68 35.717 35.717 35.745 35.73 35.772 35.78 35.765 35.777 35.782 35.795 35.805 35.822 35.84 35.83 35.8 35.865 35.875 35.87 35.877 35.932 35.91 35.912 35.932 35.942 35.957 35.965 35.957 35.992 35.987 36.02 36.047 36.04 36.037 35.97 36.312 36.495 36.502 36.612 36.702 36.816 37.616 37.511 38.002 37.37
35.8 35.77 35.75 35.752 35.715 35.71 35.68 35.67 35.677 35.68 35.65 35.657 35.655 35.637 35.617 35.617 35.592 35.582 35.562 35.53 35.53 35.575 35.565 35.582 35.602 35.657 35.66 35.68 35.69 35.745 35.775 35.775 35.785 35.815 35.79 35.835 35.82 35.805 35.835 35.84 35.817 35.857 35.832 35.865 35.85 35.877 35.89 35.91 35.89 35.905 35.92 35.907 35.94 35.92 35.905 35.925 35.93 35.98 35.975 35.935 35.952 35.952 36.255 36.427 36.497 36.625 36.732 36.779 36.867 36.896 37.471 37.681
35.692 35.72 35.722 35.685 35.64 35.65 35.582 35.617 35.612 35.617 35.622 35.61 35.61 35.595 35.615 35.597 35.56 35.562 35.575 35.535 35.542 35.565 35.582 35.597 35.622 35.632 35.675 35.697 35.722 35.765 35.792 35.827 35.842 35.812 35.835 35.832 35.825 35.805 35.837 35.845 35.82 35.857 35.88 35.867 35.86 35.852 35.885 35.88 35.867 35.857 35.867 35.892 35.89 35.877 35.847 35.895 35.915 35.915 35.925 35.885 35.907 35.955 36.185 36.465 36.52 36.635 36.719 36.789 36.881 37.025 37.213 37.923
35.647 35.62 35.667 35.615 35.585 35.572 35.562 35.57 35.57 35.555 35.57 35.597 35.577 35.542 35.55 35.577 35.552 35.565 35.54 35.537 35.542 35.57 35.585 35.59 35.647 35.637 35.685 35.697 35.755 35.787 35.83 35.845 35.882 35.89 35.892 35.86 35.865 35.827 35.835 35.852 35.862 35.857 35.852 35.832 35.867 35.865 35.852 35.842 35.817 35.795 35.827 35.845 35.832 35.822 35.84 35.852 35.905 35.892 35.892 35.895 35.942 36.045 36.2 36.49 36.592 36.632 36.683 36.824 36.934 37.058 37.098 38.107
35.615 35.595 35.587 35.552 35.545 35.52 35.535 35.522 35.52 35.522 35.54 35.52 35.525 35.51 35.545 35.53 35.537 35.525 35.527 35.54 35.565 35.577 35.58 35.577 35.642 35.692 35.72 35.735 35.78 35.827 35.877 35.89 35.92 35.902 35.897 35.897 35.887 35.877 35.87 35.887 35.845 35.867 35.852 35.85 35.832 35.81 35.812 35.802 35.762 35.78 35.795 35.772 35.795 35.812 35.82 35.845 35.91 35.902 35.952 36.06 36.147 36.442 36.24 36.487 36.695 36.728 36.748 36.932 36.974 37.06 37.457 41.426
35.567 35.55 35.527 35.495 35.515 35.482 35.47 35.495 35.477 35.477 35.475 35.487 35.515 35.51 35.527 35.507 35.512 35.532 35.55 35.545 35.577 35.595 35.61 35.617 35.65 35.7 35.72 35.775 35.81 35.875 35.892 35.892 35.905 35.912 35.927 35.93 35.912 35.905 35.9 35.84 35.845 35.845 35.832 35.812 35.807 35.787 35.802 35.772 35.76 35.765 35.765 35.775 35.79 35.82 35.81 35.875 35.907 36.005 36.16 36.277 36.177 36.29 36.257 36.315 36.765 36.694 36.85 37.166 37.479 37.759 41.006 43.674
35.547 35.51 35.505 35.47 35.497 35.44 35.45 35.462 35.425 35.457 35.457 35.477 35.497 35.52 35.517 35.51 35.527 35.567 35.545 35.557 35.59 35.612 35.637 35.637 35.662 35.695 35.765 35.815 35.827 35.877 35.877 35.917 35.945 35.935 35.945 35.917 35.9 35.91 35.887 35.847 35.832 35.84 35.8 35.775 35.797 35.76 35.767 35.745 35.72 35.735 35.73 35.757 35.74 35.797 35.795 35.855 36.125 36.712 36.127 36.137 36.152 36.202 36.285 36.242 36.542 36.623 36.903 36.911 37.436 40.865 43.024 45.67
35.502 35.482 35.457 35.475 35.49 35.44 35.417 35.437 35.42 35.425 35.42 35.452 35.447 35.487 35.497 35.482 35.51 35.542 35.572 35.607 35.622 35.65 35.675 35.69 35.72 35.757 35.807 35.83 35.85 35.895 35.92 35.935 35.96 35.95 35.962 35.93 35.91 35.915 35.877 35.86 35.842 35.812 35.772 35.762 35.76 35.712 35.717 35.665 35.677 35.692 35.702 35.727 35.712 35.755 35.74 35.84 36.22 36.117 36.042 36.247 36.312 36.33 36.452 36.372 36.401 36.951 37.351 38.308 40.118 43.024 44.177 47.332
35.472 35.497 35.487 35.495 35.472 35.42 35.397 35.387 35.385 35.387 35.405 35.41 35.42 35.422 35.52 35.52 35.522 35.57 35.597 35.64 35.655 35.685 35.687 35.7 35.73 35.777 35.845 35.865 35.88 35.89 35.927 35.922 35.93 35.917 35.917 35.887 35.885 35.872 35.857 35.837 35.825 35.787 35.75 35.735 35.71 35.682 35.65 35.657 35.67 35.662 35.662 35.677 35.69 35.665 35.692 35.855 36.172 36.155 36.055 36.242 36.325 36.232 36.632 38.188 37.438 39.275 40.424 40.747 41.37 44.141 45.136 48.253
35.457 35.47 35.485 35.482 35.447 35.415 35.41 35.372 35.367 35.362 35.355 35.42 35.465 35.46 35.5 35.55 35.555 35.585 35.62 35.65 35.68 35.702 35.692 35.735 35.78 35.81 35.855 35.857 35.877 35.9 35.92 35.905 35.927 35.932 35.89 35.867 35.86 35.86 35.827 35.82 35.792 35.755 35.712 35.695 35.68 35.66 35.647 35.632 35.627 35.627 35.605 35.605 35.622 35.622 35.69 35.84 36.12 36.275 36.105 36.13 36.217 37.007 36.86 37.935 38.77 40.744 42.72 42.62 41.37 42.548 47.763 48.018
35.435 35.445 35.415 35.39 35.377 35.362 35.31 35.32 35.337 35.355 35.375 35.442 35.447 35.497 35.517 35.565 35.587 35.595 35.647 35.677 35.69 35.725 35.747 35.787 35.84 35.83 35.87 35.865 35.882 35.885 35.912 35.88 35.897 35.9 35.885 35.867 35.845 35.825 35.817 35.757 35.737 35.677 35.68 35.667 35.652 35.637 35.65 35.605 35.625 35.617 35.585 35.57 35.567 35.622 35.647 35.79 36.027 36.267 36.26 36.352 36.615 37.87 37.432 41.172 39.638 41.97 44.018 44.096 46.038 49.03 50.747 51.245
