data/LIDAR-DSM-2M-NZ24se/nz2841_DSM_2M.asc
ncols 500
nrows 500
xllcorner    428000
yllcorner    541000
cellsize     2
NODATA_value -9999
[rows 352 to 383 of 500, columns 0 to 72 of 500]
48.082 47.295 47.01 46.987 46.495 45.507 46.105 44.94 44.657 45.725 44.795 46.067 43.245 42.942 42.707 42.422 42.16 41.942 41.81 41.447 41.235 41.012 40.825 40.615 40.432 40.272 40.102 39.952 39.797 39.625 39.43 39.242 39.087 38.902 38.63 38.41 38.25 38.09 37.97 37.842 37.615 37.475 37.34 37.205 37.122 37.06 37.005 36.952 36.847 36.74 36.607 36.52 36.43 36.347 36.3 36.272 36.212 36.212 36.252 36.275 36.257 36.262 36.275 36.292 36.325 36.305 36.29 36.247 36.212 36.175 36.13 36.11 36.09
48.237 47.38 46.98 46.877 46.635 45.545 52.237 45.425 44.645 46.117 43.862 44.05 43.18 43.037 42.662 42.382 42.09 41.897 41.735 41.417 41.195 40.982 40.792 40.602 40.442 40.252 40.11 39.957 39.845 39.69 39.507 39.3 39.145 38.975 38.755 38.565 38.442 38.23 38.07 37.925 37.715 37.555 37.415 37.297 37.23 37.162 37.12 37.005 36.91 36.805 36.71 36.597 36.515 36.41 36.395 36.325 36.265 36.272 36.272 36.282 36.285 36.272 36.31 36.295 36.307 36.302 36.31 36.287 36.237 36.205 36.172 36.142 36.157
48.445 47.525 46.907 46.787 46.645 45.68 48.302 46.135 44.465 48.192 43.797 45.442 43.115 42.84 42.537 42.277 42.022 41.827 41.71 41.375 41.147 40.94 40.75 40.61 40.422 40.265 40.127 39.97 39.845 39.72 39.527 39.35 39.197 39.055 38.882 38.727 38.532 38.327 38.11 37.932 37.762 37.602 37.482 37.392 37.342 37.292 37.227 37.132 37.032 36.92 36.815 36.707 36.602 36.537 36.482 36.387 36.35 36.342 36.31 36.317 36.322 36.312 36.332 36.345 36.34 36.335 36.332 36.317 36.272 36.237 36.242 36.21 36.21
48.63 47.717 46.822 46.665 46.695 46.075 45.235 44.9 44.437 44.095 43.77 51.87 48.795 43.647 42.482 42.257 41.98 41.765 42.055 41.377 41.082 40.88 40.675 40.492 40.347 40.202 40.075 39.93 39.795 39.697 39.527 39.382 39.235 39.062 38.902 38.75 38.505 38.34 38.162 38.017 37.897 37.735 37.635 37.55 37.465 37.417 37.317 37.237 37.12 37.017 36.887 36.795 36.692 36.635 36.55 36.457 36.432 36.412 36.385 36.36 36.377 36.367 36.347 36.357 36.355 36.362 36.37 36.34 36.3 36.292 36.28 36.247 36.222
48.6 47.742 46.805 46.505 46.502 46.207 45.102 44.545 44.315 43.992 44.192 54.217 55.65 45.507 42.315 42.095 41.867 41.665 41.46 41.182 40.962 40.767 40.577 40.397 40.252 40.12 40.01 39.877 39.757 39.642 39.502 39.362 39.205 39.032 38.87 38.732 38.572 38.437 38.277 38.14 37.987 37.837 37.74 37.655 37.58 37.505 37.425 37.325 37.22 37.13 37.025 36.922 36.842 36.755 36.637 36.56 36.51 36.477 36.452 36.405 36.39 36.397 36.372 36.38 36.38 36.375 36.345 36.33 36.292 36.287 36.27 36.252 36.217
48.702 47.947 46.927 46.422 46.397 46.235 45.27 44.612 44.167 43.905 44.902 44.45 47.237 42.62 42.225 41.955 41.755 41.565 41.42 41.072 40.892 40.682 40.507 40.352 40.205 40.07 39.97 39.85 39.737 39.61 39.475 39.355 39.2 39.037 38.882 38.715 38.585 38.467 38.37 38.227 38.11 37.987 37.87 37.79 37.707 37.605 37.527 37.427 37.325 37.235 37.115 37.03 36.945 36.812 36.695 36.64 36.567 36.507 36.467 36.435 36.417 36.412 36.387 36.382 36.377 36.377 36.355 36.32 36.277 36.257 36.247 36.217 36.202
48.81 48.112 47.225 46.325 46.247 46.277 45.467 44.887 44.115 43.812 43.832 43.02 42.705 42.412 42.135 41.842 41.692 41.62 41.232 40.987 40.805 40.605 40.42 40.27 40.122 39.992 39.86 39.755 39.63 39.507 39.37 39.277 39.15 39.03 38.91 38.785 38.662 38.582 38.462 38.342 38.235 38.11 38.01 37.905 37.815 37.692 37.595 37.485 37.37 37.265 37.17 37.09 36.965 36.842 36.75 36.65 36.61 36.555 36.492 36.455 36.43 36.422 36.412 36.415 36.397 36.42 36.38 36.365 36.295 36.275 36.245 36.217 36.215
48.96 48.34 47.672 46.487 46.035 46.14 45.632 45.202 44.227 43.717 43.817 43.05 42.687 42.312 42 41.675 41.455 41.45 40.975 40.785 40.607 40.415 40.242 40.077 39.97 39.87 39.767 39.685 39.597 39.497 39.395 39.297 39.17 39.07 38.965 38.867 38.75 38.652 38.527 38.39 38.275 38.135 38.032 37.902 37.78 37.685 37.55 37.477 37.365 37.287 37.227 37.117 37 36.895 36.797 36.72 36.642 36.607 36.53 36.485 36.455 36.437 36.445 36.447 36.452 36.452 36.43 36.387 36.335 36.292 36.257 36.205 36.2
49.03 48.5 48.05 47.012 45.897 45.927 45.685 45.055 44.307 44.177 43.82 43.067 42.505 42.112 41.81 41.482 41.18 40.965 40.792 40.617 40.462 40.31 40.165 40.007 39.907 39.807 39.71 39.64 39.55 39.447 39.342 39.235 39.125 38.987 38.897 38.805 38.675 38.565 38.477 38.327 38.232 38.13 38.02 37.912 37.78 37.665 37.56 37.49 37.402 37.32 37.222 37.117 37 36.902 36.815 36.735 36.667 36.612 36.527 36.49 36.475 36.442 36.437 36.487 36.51 36.5 36.46 36.4 36.402 36.34 36.297 36.262 36.262
49.16 48.8 48.142 47.29 45.822 45.647 46.167 47.305 44.967 45.345 43.905 43.277 42.49 41.995 41.65 41.332 41.122 40.97 40.762 40.577 40.372 40.23 40.082 39.927 39.802 39.68 39.595 39.502 39.407 39.312 39.23 39.1 38.992 38.895 38.81 38.7 38.615 38.54 38.425 38.342 38.21 38.127 38.027 37.897 37.787 37.66 37.557 37.462 37.362 37.267 37.177 37.082 36.987 36.912 36.825 36.755 36.68 36.615 36.567 36.527 36.517 36.5 36.482 36.492 36.527 36.542 36.532 36.48 36.445 36.397 36.35 36.342 36.325
49.257 48.752 49.407 47.627 45.857 45.48 48.247 51.475 45.897 43.985 44.51 44.112 42.342 41.895 41.527 41.255 41.015 40.807 40.65 40.477 40.26 40.085 39.932 39.77 39.657 39.55 39.485 39.41 39.307 39.245 39.15 39.047 38.945 38.872 38.772 38.68 38.575 38.48 38.377 38.305 38.18 38.065 37.965 37.85 37.74 37.655 37.55 37.437 37.335 37.25 37.177 37.105 37.04 36.962 36.895 36.827 36.76 36.725 36.672 36.64 36.607 36.575 36.567 36.575 36.582 36.58 36.56 36.53 36.5 36.467 36.442 36.435 36.415
49.345 48.695 48.14 47.647 46.367 45.427 47 49.277 44.54 43.72 43.012 42.572 42.237 41.83 41.467 41.23 40.99 40.737 40.532 40.35 40.157 39.96 39.825 39.675 39.552 39.475 39.38 39.302 39.197 39.125 39.027 38.91 38.8 38.705 38.62 38.545 38.45 38.365 38.27 38.17 38.077 37.995 37.902 37.81 37.72 37.605 37.537 37.445 37.362 37.267 37.212 37.137 37.072 37.015 36.927 36.877 36.832 36.78 36.717 36.667 36.627 36.6 36.582 36.565 36.56 36.562 36.562 36.517 36.507 36.48 36.472 36.46 36.442
49.582 48.745 48.105 47.535 46.842 45.365 45.197 45.517 44.305 43.35 42.757 42.54 42.14 41.715 41.405 41.18 40.845 40.595 40.382 40.212 40.045 39.807 39.65 39.497 39.37 39.262 39.177 39.095 39.002 38.952 38.862 38.765 38.672 38.605 38.547 38.48 38.385 38.292 38.235 38.16 38.067 37.972 37.88 37.802 37.687 37.61 37.522 37.472 37.38 37.295 37.237 37.175 37.085 37.005 36.932 36.872 36.825 36.797 36.742 36.667 36.655 36.607 36.575 36.565 36.575 36.562 36.56 36.54 36.54 36.515 36.51 36.48 36.45
49.382 48.69 48.08 47.472 46.972 45.497 45.032 44.882 44.387 43.51 42.64 42.59 42.13 41.615 41.312 41.082 40.765 40.482 40.2 39.972 39.887 39.742 39.497 39.347 39.235 39.14 39.065 38.997 38.917 38.81 38.747 38.672 38.632 38.547 38.475 38.402 38.302 38.215 38.15 38.097 38.015 37.927 37.867 37.767 37.692 37.595 37.5 37.455 37.372 37.31 37.235 37.152 37.07 37.005 36.922 36.875 36.81 36.79 36.76 36.707 36.657 36.622 36.592 36.587 36.577 36.565 36.55 36.522 36.527 36.505 36.52 36.485 36.42
49.482 48.7 48.065 47.422 46.85 45.782 44.905 44.835 44.715 43.737 42.757 42.815 42.415 41.652 41.235 40.975 40.66 40.33 40.06 39.802 39.67 39.467 39.347 39.222 39.132 39.052 38.97 38.905 38.83 38.772 38.672 38.595 38.547 38.442 38.372 38.307 38.212 38.15 38.092 38.02 37.952 37.882 37.802 37.737 37.662 37.592 37.502 37.452 37.362 37.287 37.23 37.132 37.065 37.01 36.94 36.875 36.825 36.782 36.752 36.702 36.657 36.622 36.617 36.602 36.577 36.595 36.577 36.572 36.547 36.52 36.52 36.49 36.442
49.762 49.62 48.15 47.43 46.93 46.015 44.877 44.687 44.487 43.882 43.027 42.722 43.805 41.705 41.175 40.92 40.58 40.255 39.972 39.747 39.547 39.36 39.24 39.142 39.047 38.955 38.857 38.792 38.755 38.697 38.637 38.545 38.492 38.392 38.32 38.242 38.177 38.135 38.062 37.975 37.897 37.835 37.767 37.7 37.622 37.57 37.482 37.435 37.367 37.302 37.232 37.157 37.097 37.01 36.962 36.885 36.837 36.777 36.747 36.71 36.682 36.652 36.65 36.642 36.62 36.635 36.617 36.62 36.597 36.56 36.505 36.507 36.47
50.17 50.882 48.237 47.472 46.985 46.125 44.99 44.602 44.5 44.005 43.235 42.277 43.105 42.175 41.18 40.867 40.54 40.325 39.982 39.732 39.532 39.327 39.162 39.047 38.942 38.855 38.782 38.725 38.69 38.632 38.577 38.51 38.435 38.355 38.28 38.222 38.147 38.087 38.04 37.957 37.905 37.835 37.762 37.672 37.605 37.532 37.462 37.422 37.365 37.29 37.235 37.18 37.062 37.005 36.942 36.875 36.847 36.787 36.772 36.745 36.717 36.675 36.67 36.69 36.642 36.632 36.617 36.627 36.612 36.595 36.545 36.522 36.462
50.33 49.282 48.385 47.512 46.97 46.317 45.175 44.54 44.455 44.055 43.33 42.352 42.122 41.57 41.182 40.83 40.487 40.187 39.925 39.73 39.555 39.34 39.145 38.99 38.86 38.77 38.717 38.665 38.627 38.58 38.512 38.447 38.375 38.292 38.225 38.172 38.135 38.057 38.01 37.952 37.885 37.812 37.732 37.662 37.605 37.535 37.462 37.395 37.33 37.275 37.192 37.137 37.06 37.002 36.945 36.895 36.842 36.805 36.795 36.76 36.745 36.712 36.66 36.65 36.637 36.635 36.63 36.63 36.605 36.605 36.56 36.507 36.477
50.485 49.637 48.577 47.675 47.082 46.655 45.557 44.567 44.37 44.037 43.31 42.615 42.055 41.677 41.252 40.967 40.49 40.2 39.957 39.772 39.577 39.375 39.142 38.917 38.775 38.692 38.627 38.592 38.542 38.485 38.422 38.362 38.3 38.24 38.19 38.137 38.102 38.035 37.972 37.89 37.842 37.772 37.69 37.615 37.562 37.47 37.427 37.352 37.272 37.232 37.15 37.082 37.022 36.987 36.94 36.88 36.84 36.807 36.795 36.767 36.75 36.717 36.695 36.65 36.655 36.642 36.627 36.612 36.625 36.607 36.557 36.517 36.49
50.695 49.657 48.672 47.822 47.06 46.615 45.775 44.735 44.292 44.1 43.37 42.755 42.042 41.902 41.62 40.935 40.53 40.232 39.97 39.752 39.567 39.36 39.145 38.905 38.735 38.61 38.532 38.49 38.465 38.405 38.347 38.295 38.237 38.197 38.142 38.085 38.035 37.962 37.9 37.85 37.78 37.747 37.652 37.585 37.515 37.43 37.35 37.31 37.245 37.185 37.122 37.087 37.015 36.97 36.942 36.885 36.842 36.822 36.777 36.777 36.725 36.687 36.662 36.642 36.64 36.647 36.64 36.645 36.635 36.607 36.572 36.515 36.475
50.612 49.635 48.707 47.965 47.13 46.587 46.035 45.407 44.462 44.145 43.76 43.492 42.172 41.7 41.435 41.067 40.592 40.277 40.005 39.777 39.567 39.375 39.172 38.95 38.712 38.557 38.447 38.382 38.34 38.287 38.235 38.177 38.132 38.102 38.067 38 37.96 37.905 37.855 37.775 37.73 37.685 37.61 37.542 37.477 37.402 37.332 37.25 37.212 37.157 37.107 37.075 37.012 36.985 36.945 36.902 36.845 36.812 36.78 36.757 36.72 36.682 36.662 36.645 36.655 36.657 36.665 36.667 36.64 36.587 36.555 36.51 36.475
50.64 49.705 48.865 48.012 47.252 46.65 46.227 45.84 44.58 44.127 43.947 43.465 43.445 41.937 41.315 41.212 40.677 40.38 40.11 39.852 39.627 39.457 39.227 38.982 38.745 38.532 38.395 38.315 38.27 38.222 38.17 38.095 38.042 38.03 37.99 37.942 37.907 37.86 37.825 37.737 37.67 37.585 37.547 37.472 37.425 37.362 37.31 37.255 37.217 37.162 37.132 37.072 37.02 36.975 36.937 36.865 36.825 36.78 36.762 36.755 36.725 36.67 36.652 36.652 36.655 36.667 36.66 36.657 36.622 36.597 36.547 36.495 36.475
50.8 49.812 48.91 48.137 47.342 46.61 47.042 46.43 44.407 44.122 43.917 43.242 42.285 41.61 41.545 41.047 40.712 40.455 40.177 39.94 39.69 39.472 39.207 39.017 38.755 38.552 38.37 38.277 38.232 38.172 38.095 38.04 37.995 37.957 37.935 37.885 37.855 37.812 37.752 37.675 37.622 37.547 37.502 37.415 37.367 37.315 37.27 37.242 37.197 37.127 37.09 37.027 36.967 36.95 36.902 36.842 36.83 36.805 36.777 36.745 36.72 36.672 36.65 36.647 36.662 36.667 36.67 36.662 36.647 36.587 36.54 36.512 36.487
51.195 49.957 48.977 48.387 48.137 47.112 47.212 47.992 44.437 44.055 43.93 43.42 42.625 41.792 41.532 41.175 40.75 40.505 40.247 39.962 39.697 39.477 39.24 39.062 38.807 38.58 38.4 38.255 38.182 38.097 38.067 37.975 37.93 37.895 37.88 37.835 37.775 37.752 37.71 37.655 37.605 37.497 37.457 37.382 37.33 37.262 37.222 37.207 37.157 37.105 37.06 37.015 36.97 36.912 36.877 36.855 36.81 36.777 36.765 36.745 36.72 36.667 36.685 36.692 36.677 36.67 36.64 36.652 36.622 36.59 36.547 36.497 36.49
51.542 50.297 49.21 48.375 47.862 47.397 46.387 47.32 47.662 44.032 43.867 43.61 43.095 42.12 41.477 42.847 40.79 40.535 40.297 39.997 39.735 39.485 39.262 39.057 38.862 38.602 38.407 38.245 38.145 38.095 38.027 37.952 37.88 37.842 37.855 37.795 37.742 37.697 37.647 37.61 37.535 37.475 37.41 37.325 37.252 37.235 37.177 37.165 37.122 37.067 37.035 36.997 36.972 36.912 36.882 36.865 36.827 36.777 36.76 36.74 36.735 36.722 36.727 36.72 36.697 36.697 36.675 36.655 36.632 36.61 36.565 36.535 36.48
51.26 50.25 49.512 49.005 47.945 47.122 46.427 45.737 44.772 44.067 43.805 43.612 43.317 42.472 47.407 53.415 41.442 40.567 40.317 40.017 39.712 39.475 39.265 39.072 38.89 38.642 38.417 38.26 38.13 38.087 38.015 37.927 37.85 37.802 37.812 37.78 37.695 37.622 37.57 37.537 37.477 37.432 37.382 37.307 37.247 37.205 37.135 37.127 37.1 37.04 37.007 36.975 36.947 36.902 36.887 36.88 36.835 36.782 36.762 36.757 36.742 36.74 36.727 36.707 36.692 36.677 36.667 36.645 36.642 36.62 36.592 36.542 36.5
51.74 50.445 49.96 48.972 48.2 47.367 46.587 45.755 44.812 44.14 43.825 43.662 43.452 42.845 42.305 48.45 40.982 40.765 40.325 40.05 39.757 39.535 39.325 39.092 38.897 38.712 38.457 38.287 38.147 38.037 37.977 37.902 37.815 37.742 37.725 37.722 37.635 37.557 37.51 37.48 37.445 37.392 37.33 37.267 37.215 37.19 37.125 37.102 37.07 37.015 36.987 36.987 36.957 36.922 36.89 36.875 36.83 36.785 36.772 36.762 36.735 36.735 36.722 36.725 36.71 36.697 36.682 36.662 36.66 36.625 36.595 36.55 36.502
52.252 51.012 49.912 49.197 48.265 47.512 46.797 45.897 44.872 44.202 43.807 43.617 43.372 42.795 41.855 41.17 44.45 50.132 40.405 40.102 39.805 39.595 39.4 39.17 38.94 38.785 38.552 38.295 38.122 38.015 37.922 37.867 37.795 37.735 37.675 37.657 37.592 37.532 37.455 37.427 37.375 37.32 37.295 37.247 37.187 37.147 37.11 37.065 37.075 37.02 37.005 36.957 36.937 36.905 36.865 36.837 36.797 36.775 36.777 36.767 36.742 36.752 36.732 36.722 36.705 36.71 36.682 36.662 36.635 36.622 36.59 36.555 36.512
51.295 50.697 49.975 49.502 48.467 47.565 46.857 46.042 44.94 44.225 43.807 43.625 43.432 42.94 42.002 41.26 43.225 47.595 40.497 40.192 39.905 39.65 39.425 39.195 38.96 38.8 38.612 38.302 38.145 38.012 37.905 37.842 37.785 37.707 37.655 37.607 37.577 37.495 37.45 37.4 37.357 37.302 37.267 37.245 37.195 37.16 37.11 37.09 37.037 37.002 36.967 36.932 36.887 36.86 36.852 36.832 36.82 36.792 36.797 36.77 36.762 36.75 36.72 36.72 36.707 36.687 36.667 36.667 36.647 36.612 36.575 36.57 36.512
51.3 50.532 49.812 49.467 48.54 47.68 46.927 46.087 45.302 44.262 43.85 43.615 43.5 43.182 42.28 41.497 41.082 42.032 40.49 40.2 39.927 39.69 39.465 39.225 38.995 38.825 38.672 38.387 38.182 38.055 37.897 37.82 37.77 37.717 37.607 37.552 37.535 37.475 37.402 37.37 37.337 37.315 37.25 37.215 37.182 37.127 37.09 37.027 36.997 36.975 36.917 36.897 36.89 36.877 36.837 36.842 36.825 36.8 36.782 36.762 36.757 36.762 36.742 36.725 36.697 36.672 36.662 36.642 36.652 36.632 36.6 36.562 36.532
51.34 50.555 49.865 49.615 48.732 47.685 46.865 46.002 45.877 44.295 43.917 43.612 43.52 43.262 42.557 41.64 41.07 40.912 41.2 40.25 39.997 39.742 39.507 39.28 39.08 38.875 38.692 38.422 38.212 38.05 37.9 37.805 37.74 37.702 37.622 37.53 37.51 37.475 37.382 37.31 37.292 37.255 37.215 37.152 37.12 37.107 37.072 37.035 36.972 36.937 36.897 36.875 36.867 36.87 36.86 36.837 36.827 36.82 36.792 36.78 36.805 36.795 36.77 36.722 36.697 36.67 36.657 36.66 36.627 36.62 36.605 36.57 36.532
51.43 50.612 49.85 49.222 48.53 47.652 46.8 45.907 45.12 44.3 43.89 43.637 43.49 43.347 42.725 41.962 42.82 43.797 44.632 40.335 40.097 39.852 39.66 39.74 39.09 38.895 38.72 38.45 38.255 38.097 37.952 37.832 37.702 37.655 37.617 37.55 37.467 37.417 37.375 37.28 37.26 37.217 37.17 37.137 37.117 37.097 37.062 37.002 36.975 36.92 36.89 36.902 36.84 36.84 36.852 36.837 36.857 36.847 36.82 36.802 36.802 36.802 36.76 36.72 36.687 36.67 36.642 36.647 36.642 36.637 36.625 36.587 36.537
