data/LIDAR-DSM-2M-NZ24se/nz2843_DSM_2M.asc
ncols 500
nrows 500
xllcorner    428000
yllcorner    543000
cellsize     2
NODATA_value -9999
[rows 416 to 447 of 500, columns 72 to 143 of 500]
40.103 38.03 35.059 40.028 38.523 36.779 33.268 31.214 30.319 30.668 30.994 31.449 31.698 31.762 31.763 31.848 31.91 32.003 32.13 32.273 32.445 32.703 33.28 33.32 33.56 33.803 34.005 34.118 34.223 34.25 34.328 35.16 35.725 34.135 34.365 34.498 34.765 35.08 35.57 36.07 36.328 36.368 36.378 36.713 37.128 37.718 38.285 38.845 39.26 39.555 39.838 40.145 40.443 40.628 40.798 40.888 41 41.09 41.218 41.308 41.458 41.58 41.76 41.955 42.265 42.683 42.93 43.143 43.685 43.96 44.228 44.4
38.971 37.139 33.172 34.014 34.434 34.744 34.743 32.59 30.661 31.052 31.378 31.616 31.728 31.737 31.785 31.858 31.98 32.075 32.238 32.438 32.745 33.055 34.28 33.723 33.83 34.14 34.383 34.583 34.693 34.818 34.765 35.035 36.54 35.008 34.718 34.833 35.075 35.378 35.69 35.948 36.29 36.648 36.933 37.208 37.565 38.055 38.573 39.01 39.355 39.635 39.965 40.285 40.53 40.7 40.825 40.873 41.018 41.123 41.228 41.32 41.47 41.733 41.825 41.995 42.368 42.788 43.03 43.143 43.685 44.095 44.37 44.538
32.419 32.447 32.017 34.81 34.283 34.216 31.009 31.316 31.389 31.623 31.569 31.65 31.681 31.759 31.845 31.91 32.105 32.365 32.448 32.7 33 33.3 33.693 33.928 34.373 34.44 34.715 35.13 35.51 35.665 35.678 36.61 38.248 36.313 35.308 35.39 35.335 35.658 35.968 36.225 36.48 36.765 37.098 37.555 38.043 38.385 38.868 39.205 39.455 39.715 40.053 40.375 40.628 40.773 40.873 40.97 41.083 41.16 41.228 41.325 41.475 41.635 41.86 42.055 42.5 42.903 43.085 43.218 43.8 44.253 44.538 44.658
31.098 33.834 34.422 33.402 32.379 31.245 30.947 31.316 31.643 31.734 31.657 31.604 31.678 31.777 31.863 31.985 32.555 32.59 32.765 32.96 33.23 33.508 33.755 34.323 35.498 34.695 34.918 35.618 35.988 36.34 36.448 40.445 41.793 37.56 36.103 35.755 35.535 35.83 36.183 36.435 36.748 36.988 37.228 37.538 37.84 38.235 38.57 39.138 39.52 39.76 40.06 40.383 40.625 40.85 40.98 41.045 41.135 41.165 41.188 41.318 41.515 41.688 41.873 42.14 42.643 43.018 43.158 43.365 43.98 44.4 44.618 44.775
33.096 34.395 32.521 32.251 30.827 31.065 31.256 31.528 31.522 31.574 31.575 31.662 31.712 31.781 31.938 32.515 32.45 32.743 33.02 33.233 33.445 33.695 33.89 34.235 34.833 35.17 35.565 36.408 36.678 38.075 39.698 41.635 42.208 40.638 36.233 36.128 36.65 36.213 36.603 36.723 36.83 36.975 37.155 37.465 38.01 38.313 38.543 38.853 39.155 39.635 40.058 40.383 40.645 40.885 41.025 41.075 41.17 41.263 41.278 41.405 41.608 41.818 41.933 42.258 42.748 43.045 43.283 43.52 44.12 44.493 44.763 44.965
32.841 33.089 32.455 31.125 31.168 31.461 31.45 31.715 31.535 31.506 31.561 31.67 31.801 31.95 32.098 32.263 32.63 33.008 33.275 33.458 33.663 33.883 34.038 34.173 35.073 37.268 37.558 38.823 39.815 41.053 41.57 42.163 42.49 42.495 38.228 36.525 36.535 36.98 37.008 37.065 36.87 36.858 36.955 37.135 38.563 38.278 38.545 38.885 39.175 39.583 39.97 40.305 40.693 40.983 41.14 41.17 41.308 41.32 41.443 41.58 41.753 42.073 42.163 42.415 42.813 43.163 43.388 43.7 44.205 44.538 44.76 45.103
33.121 32.584 31.737 31.299 31.321 31.368 31.637 31.395 31.456 31.517 31.583 31.754 31.945 32.22 32.335 32.448 32.715 33.175 33.488 33.678 33.793 34.09 34.135 34.578 34.725 41.27 41.618 41.368 41.808 42.205 42.495 42.483 42.173 41.043 38.325 36.413 37.025 37.545 37.475 37.213 36.91 36.858 36.933 37.088 37.548 38.108 38.523 38.955 39.383 39.703 39.995 40.318 40.583 40.888 41.018 41.065 41.1 41.293 41.63 41.87 41.978 42.263 42.46 42.635 43.005 43.293 43.458 43.84 44.258 44.568 44.83 45.423
30.947 31.378 31.278 31.301 31.311 31.288 31.323 31.385 31.455 31.59 31.753 31.988 32.228 32.463 32.608 32.93 33.1 33.178 33.62 35.125 36.678 38.1 35.858 36.743 37.918 40.985 42.13 42.223 42.535 42.4 42.135 40.13 39.69 36.863 36.195 36.23 37.318 38.248 38.088 37.43 36.92 36.893 36.958 37.57 37.833 38.09 38.653 39.145 39.81 39.83 40.145 40.41 40.633 40.783 40.973 41.048 40.9 40.938 41.14 41.585 42.17 42.553 42.74 43.25 44.58 43.613 43.603 43.975 44.283 44.618 44.95 45.533
31.052 31.179 31.235 31.234 31.217 31.28 31.354 31.407 31.532 31.723 31.983 32.19 32.423 32.645 32.818 33.053 34.103 33.395 34.693 37.528 40.368 39.933 37.82 36.98 36.973 38.235 42.243 42.35 42.108 41.758 40.648 37.9 36.308 36.57 36.595 36.218 36.378 37.345 38.338 37.825 37.27 37.165 36.893 37.168 37.675 38.095 38.775 39.615 39.943 40.035 40.528 40.585 40.683 40.743 40.903 41.06 40.91 41.098 41.045 41.483 42.153 42.898 43.325 44.323 45.263 44.893 44.823 44.34 44.54 44.715 45.088 46.243
31.077 31.129 31.088 31.129 31.204 31.29 31.366 31.508 31.703 31.853 32.11 32.33 32.565 32.795 33.005 33.133 33.77 33.545 35.5 38.8 40.32 40.143 39.005 37 36.948 37.325 40.833 41.72 40.553 39.778 39.093 37.148 36.488 37.065 37.478 37.063 37.133 37.968 37.68 38.62 37.89 37.453 37.525 37.518 37.955 38.49 39.15 39.76 40.033 40.183 40.54 40.67 40.773 40.765 40.855 40.84 40.87 40.963 41.15 41.593 42.235 42.89 43.533 44.26 44.885 45.58 45.693 45.25 45.19 45.098 45.505 46.995
31.014 31.014 31.087 31.168 31.251 31.35 31.56 31.815 31.935 31.995 32.14 32.463 32.758 33.058 35.078 35.373 35.213 36.418 34.925 37.59 40.045 40.355 39.913 37.638 36.4 36.378 37.29 39.043 39.098 38.168 37.89 36.923 37.328 37.34 38.125 39.033 39.755 41.535 40.67 39.608 39.86 39.343 37.815 38.6 38.493 39.015 39.808 40.255 40.395 40.488 40.653 40.785 41.203 40.86 40.965 40.945 40.925 41.033 41.25 41.785 42.49 43.083 43.86 44.77 45.525 45.868 46.113 46.355 46.273 46.043 46.655 47.088
30.989 31.053 31.084 31.187 31.355 31.62 31.935 32.04 32.063 32.145 32.445 32.863 34.103 36.3 39.675 38.778 37.008 36.428 35.86 35.68 39.255 40.323 38.023 36.818 35.093 35.613 35.99 37.848 37.618 37.03 37.373 37.423 37.473 37.548 38.333 39.345 40.215 42.938 42.798 42.248 42.425 44.425 40.995 40.8 39.308 39.49 40.208 40.528 40.71 40.808 40.908 40.895 40.978 41.005 41.035 41.045 41.138 41.2 41.443 42.07 42.815 43.665 44.583 45.615 46.048 46.185 46.318 46.45 46.548 46.533 46.675 46.808
31.017 31.056 31.184 31.295 31.82 32.223 31.893 32.008 32.178 32.57 33.448 32.483 34.77 39.385 39.733 39.463 37.998 36.408 36.373 34.628 36.098 37.033 35.993 35.205 35.425 35.688 36.185 37.15 37.545 37.433 37.49 37.63 37.915 39.203 39.473 39.673 41.215 42.383 42.895 41.595 43.43 44.515 42.115 39.6 39.598 39.935 40.49 40.853 40.995 41.068 41.203 41.133 41.115 41.238 41.36 41.295 41.325 41.443 41.678 42.533 43.145 44.26 45.333 46.048 46.283 46.4 46.54 46.743 46.903 46.928 47.13 47.265
31.051 31.2 31.345 31.77 32.235 32.193 32.015 32.173 32.32 32.505 33.488 32.7 33.558 37.86 39.638 39.693 39.235 36.695 36.365 36.1 34.658 34.633 34.76 35.228 35.61 36.243 36.62 37.08 37.75 37.79 38.145 38.43 38.81 39.77 39.31 39.378 39.455 40.535 40.643 39.963 40.34 41.555 41.27 40.488 40.358 40.428 40.78 41.033 41.19 41.365 41.45 41.385 41.333 41.398 41.47 41.453 41.85 41.678 41.878 43.648 44.865 44.673 45.79 46.44 46.445 46.61 46.81 47.008 47.273 47.495 47.65 47.883
31.235 31.4 31.57 31.728 31.908 32.39 32.353 32.403 32.703 35.078 36.245 35.275 35.953 36.358 39.465 39.765 39.375 36.81 34.69 34.715 35.378 34.778 35.03 35.743 36.138 36.473 37.073 37.785 38.25 38.913 38.925 38.778 38.953 39.488 39.285 39.36 39.448 39.563 39.63 39.753 39.885 39.848 39.878 40.965 40.615 40.83 41.105 41.268 41.435 41.663 41.703 41.668 41.565 41.6 41.78 41.695 41.718 41.805 42.09 43.288 45.54 45.065 45.99 46.56 46.61 46.895 47.12 47.355 47.703 48.058 48.305 48.543
31.39 31.578 31.768 31.848 31.953 32.295 32.985 35.943 37.545 38.688 37.663 38.848 38.65 38.548 38.695 38.355 35.075 34.4 33.648 33.813 34.89 35.385 35.76 36.093 36.525 37.068 37.643 37.943 38.338 38.923 38.985 38.94 39.673 39.635 39.27 39.378 39.498 39.59 39.718 39.835 39.98 40.065 40.035 40.38 44.903 42.423 41.493 41.503 41.653 41.873 41.935 41.928 41.833 41.755 41.873 41.943 41.893 42.013 42.5 43.183 44.743 47.298 46.31 46.55 46.763 47.125 47.42 47.795 48.243 48.638 48.9 49.123
31.985 31.753 31.87 32.005 32.12 32.295 35.145 38.715 39.198 38.975 39.053 39.193 39.183 36.295 34.15 34.893 33.64 33.638 33.75 34.513 35.625 36.125 36.31 36.66 36.873 37.413 37.835 38.25 38.673 39.055 39.155 39.11 39.443 39.53 39.27 39.405 39.543 39.623 39.725 39.913 40.075 40.208 40.23 40.258 42.723 44.69 42.305 41.898 41.868 42.065 42.24 42.428 42.195 41.928 41.865 41.998 42.048 42.268 42.673 43.365 44.468 46.578 46.973 46.53 46.808 47.218 47.603 48.065 48.625 48.973 49.26 49.478
32.583 32.4 32.035 32.225 32.283 32.32 32.83 37.263 38.965 39.22 39.19 38.978 38.785 37.993 33.813 33.913 34.12 34.133 34.683 35.383 35.79 36.325 36.755 37.013 37.355 37.883 38.205 38.428 38.65 39.143 39.668 39.543 39.323 39.173 39.303 39.408 39.53 39.698 39.868 40.045 41.155 40.343 40.448 40.5 42.025 43.535 43.168 42.365 42.143 42.228 42.265 42.245 42.323 42.133 42.048 42.115 42.233 42.503 42.968 44.24 45.533 46.383 47.588 46.288 46.713 47.353 48.218 48.863 48.96 49.345 49.6 49.758
32.515 32.708 33.003 34.483 34.893 35.7 38.323 36.538 38.243 39.16 38.898 38.44 37.083 36.91 34.36 34.448 34.593 35.178 35.638 36.07 36.425 36.74 37.068 37.563 37.825 38.125 38.405 38.77 39.23 39.54 38.878 38.96 39.085 39.19 39.303 39.438 39.623 39.798 40.355 40.32 40.375 40.54 40.81 40.893 40.878 43.245 43.525 42.965 42.358 42.35 42.288 42.273 42.265 42.18 42.183 42.443 42.35 42.658 43.105 43.773 44.37 46.055 45.655 46.145 46.768 48.305 48.85 50.373 50.108 49.683 49.888 50.003
32.91 34.068 36.185 37.553 38.388 38.773 38.383 35.823 37.54 37.913 35.875 35.518 34.548 34.985 33.705 35.555 35.48 35.735 36.21 36.645 36.973 37.45 37.818 37.968 38.1 38.58 39.578 39.44 38.958 38.728 38.84 38.958 39.09 39.23 39.373 41.65 43.963 41.708 40.943 40.61 40.75 44.818 43.385 42.84 41.003 43.055 44.955 44.778 42.975 42.548 42.455 42.398 42.388 42.35 42.283 42.238 42.425 43.37 43.123 43.67 44.415 45.063 45.643 46.235 46.915 47.663 49.228 50.293 52.22 50.013 50.008 50.073
37.593 36.915 38.42 38.78 39.08 39.078 38.823 38.223 35.303 34.283 33.503 33.36 33.523 33.73 34.61 35.44 36.673 36.348 36.773 37.193 37.495 38.168 39.26 38.553 38.835 38.938 38.658 38.495 38.58 38.693 38.865 39.02 39.175 39.458 39.71 41.103 48.728 44.715 40.56 42.005 43.863 46.325 46.968 45.205 41.27 41.673 45.24 45.993 44.39 42.633 42.618 42.56 42.538 42.463 42.365 42.303 42.418 42.653 43.083 43.628 44.28 45.013 45.69 46.21 48.463 48.238 48.913 50.69 50.408 49.928 49.963 50.033
39.045 37.975 39.068 39.188 38.793 38.45 36.798 35.353 33.775 33.665 33.628 33.805 34.135 34.533 35.655 36.058 36.555 36.948 37.373 37.72 37.863 38.16 38.798 38.403 38.163 38.265 38.353 38.47 38.628 38.78 39.063 39.13 39.623 39.833 40.015 40.56 42.555 42.59 41.205 41.848 45.498 46.73 47.01 46.69 42.675 41.335 43.898 45.185 45.278 43.118 42.775 42.705 42.605 42.523 42.435 42.443 42.433 42.655 43.03 43.555 44.208 44.908 45.633 46.92 46.955 47.718 48.863 51.738 49.648 49.793 49.87 49.92
39.058 38.315 37.55 38.433 36.238 34.495 33.525 32.64 33.303 34.43 34.098 34.468 35.16 35.583 36.028 36.565 37.138 37.618 37.64 37.943 38.14 38.003 38.023 38.058 38.15 38.268 38.393 38.54 38.725 39.278 39.678 39.503 39.928 40.058 41.178 43.915 43.985 41.853 42.238 43.795 44.555 46.43 46.953 46.955 45.133 41.595 43.023 44.96 45.35 43.335 42.963 42.853 42.73 42.588 42.448 42.408 42.473 42.688 42.993 43.503 44.123 44.755 45.345 45.87 46.425 47.765 48.413 50.115 49.433 49.66 49.82 49.883
38.295 36.87 33.088 37.933 36.978 32.49 32.673 32.943 33.948 35.043 35.193 35.335 35.868 35.988 37.018 36.915 37.2 38.37 38.123 37.768 37.768 37.868 37.978 38.075 38.153 38.303 38.523 38.713 39.125 39.24 39.805 39.84 41.353 43.983 44.608 46.428 46.793 45.928 43.855 43.79 43.798 45.453 46.763 45.238 44.353 41.805 42.29 44.613 43.875 43.3 43.193 43.06 42.86 42.673 42.585 42.523 42.648 42.805 43.138 43.588 44.12 44.84 45.065 46.325 48.015 47.088 47.988 48.738 50.543 49.658 49.74 49.935
36.238 35.638 35.093 34.045 35.685 33.168 33.305 33.908 34.178 35.348 35.68 36.23 36.455 36.903 36.94 38.058 38.04 37.873 37.543 37.67 37.73 37.858 37.99 38.118 38.32 38.478 38.775 39 39.233 39.708 40.288 42.235 44.37 46.475 46.79 46.93 46.658 46.305 42.253 43.465 43.773 43.915 44.515 42.405 41.125 41.26 41.643 42.698 42.77 43.343 43.393 43.228 43.063 42.818 42.883 42.94 42.873 42.938 43.248 43.635 44.928 44.953 45.223 45.558 46.385 46.818 47.653 48.96 49.963 49.77 49.963 50.048
32.87 33.363 34.56 35.708 33.333 33.72 34.1 34.603 34.933 35.865 36.613 36.96 36.963 37.925 37.433 37.52 37.388 37.385 37.533 37.673 37.768 37.883 38.095 38.41 39.41 38.788 39.078 39.955 40.463 41.95 41.34 41.953 43.955 46.543 46.658 46.295 43.555 42.395 40.953 42.198 42.658 41.148 41.168 41.49 41.77 41.73 41.768 42.395 42.95 43.395 43.588 43.45 43.255 43.028 43.133 43.223 43.07 43.185 43.33 43.735 44 44.328 44.98 46.538 45.853 46.673 47.798 48.268 49.503 50.888 50.325 50.248
32.975 33.368 35.788 38.185 35.138 34.87 35.2 35.383 35.61 36.075 36.638 37.908 37.558 37.423 37.055 37.145 37.253 37.37 37.535 37.655 37.88 38.153 38.928 39.588 39.44 40.105 41.283 43.028 44.883 45.625 45.663 41.615 42.96 46 44.078 42.36 41.095 40.433 40.91 41.67 41.733 41.688 41.858 41.935 42.068 42.165 42.193 43.163 42.968 43.635 43.918 43.738 43.538 43.305 43.128 43.093 43.283 43.455 43.7 43.8 43.955 44.215 44.643 45.27 45.88 46.81 48.42 48.735 48.735 49.948 50.228 50.405
33.668 33.978 35.483 38.378 36.38 35.758 35.838 35.92 36.303 36.52 37.768 36.69 36.775 36.89 37.025 37.14 37.288 37.428 37.695 38.063 38.35 38.568 39.043 39.118 42.465 44.16 45.27 45.635 45.898 45.983 45.72 40.978 42.228 42.83 41.143 41.043 41.223 41.515 41.53 43.43 43.598 42.128 42.095 42.253 42.735 42.603 42.62 42.64 43.408 43.795 44.238 44.1 43.83 43.633 43.52 43.275 43.373 43.785 44.185 43.988 43.968 44.153 44.64 45.178 46.293 46.71 48.59 48.693 48.868 49.28 49.913 50.568
34.403 34.655 35.04 35.673 36.633 36.293 36.175 37.043 37.073 36.583 36.625 36.738 36.8 36.915 37.038 37.218 37.41 37.588 38.058 38.518 38.723 38.868 40.335 42.088 43.09 45.685 45.958 45.878 45.678 44.53 44.32 40.13 41.31 41.563 41.105 41.558 41.918 42.003 42.035 43.975 45.243 43.24 43.108 43.088 43.11 43.033 43.055 43.168 43.555 44.72 44.538 44.423 44.095 43.915 43.793 43.483 43.45 43.883 44.303 44.21 44.215 44.318 44.8 45.228 45.783 47.918 48.785 48.115 48.643 49.305 49.955 50.66
35.208 35.298 35.548 35.83 36.133 37.44 37.173 36.553 36.558 36.57 36.675 36.713 36.84 36.993 37.205 37.483 37.765 38.033 38.425 39.448 39.33 43.15 44.72 44.65 43.853 45.758 45.655 43.34 43.073 39.82 39.85 40.35 41.3 42.028 41.87 41.93 42.1 42.148 42.325 42.955 44.073 44.168 43.833 43.875 43.415 43.41 43.488 43.558 43.753 45.358 44.92 44.595 44.365 44.173 43.963 43.713 43.588 43.863 44.235 44.465 44.668 44.75 44.905 45.193 45.623 46.683 47.293 47.9 48.583 49.303 50.05 51.108
35.95 36.5 36.13 36.255 36.608 36.828 36.843 36.605 36.625 36.673 36.693 36.813 37.01 37.235 37.485 38.13 38.245 39.355 40.195 42.578 44.785 45.13 45.433 45.403 42.673 43.02 45.13 41.078 39.748 40.213 41.16 41.583 42.035 42.69 42.545 43.165 42.653 42.933 43.3 43.53 44.285 44.513 43.743 43.755 43.79 43.818 43.878 43.97 44.175 45.273 45.193 44.883 44.673 44.488 44.308 44.065 43.798 43.89 44.185 44.543 44.895 45.01 45.195 45.463 45.843 46.55 47.183 47.785 48.545 49.513 50.615 51.703
36.028 36.295 36.385 37.32 38.528 37.343 36.695 36.715 36.74 36.755 36.88 37.095 37.37 37.59 37.988 38.32 39.343 40.19 42.095 44.4 45.49 45.408 45.048 44.705 40.873 40.218 42.31 40.215 41.005 41.42 41.748 41.993 42.28 43.5 43.913 45.428 44.405 43.973 44.368 43.98 44.45 46.143 44.095 44.138 44.18 44.24 44.313 44.36 44.423 44.785 45.418 45.44 44.985 44.838 44.675 44.485 44.063 43.988 44.238 44.59 44.953 45.368 45.703 45.97 46.36 46.993 47.548 47.925 48.753 50.025 51.065 52.168
