data/LIDAR-DSM-2M-NZ24se/nz2840_DSM_2M.asc
ncols 500
nrows 500
xllcorner    428000
yllcorner    540000
cellsize     2
NODATA_value -9999
[rows 96 to 127 of 500, columns 0 to 71 of 500]
49.755 49.752 49.162 48.9 48.715 48.46 48.522 48.03 47.717 47.072 46.642 46.257 46.275 47.35 49.445 48.38 44.79 44.437 44.265 44.19 44.222 44.247 44.235 43.837 43.662 43.552 43.505 43.23 43.167 43.142 43.095 43.145 43 43.065 47.482 46.845 46.232 47.022 45.16 41.175 39.802 39.49 39.1 38.677 38.27 37.825 37.397 37.062 36.827 36.675 36.567 36.512 36.465 36.422 36.415 36.495 36.5 36.442 36.412 36.442 36.385 36.377 36.375 36.33 36.295 36.345 36.377 36.377 36.36 36.317 36.297 36.257
48.887 49 49.592 49.882 47.98 47.542 47.095 46.747 46.357 46.047 45.672 45.317 45.42 45.86 48.247 47.227 44.57 44.01 43.877 43.832 43.765 43.63 43.55 43.325 43.142 43.057 43.02 43.022 43.025 42.917 42.797 43.255 42.487 42.392 42.887 44.457 47.302 48.855 47.382 41.392 39.62 39.217 38.77 38.377 37.94 37.485 37.112 36.85 36.697 36.58 36.595 36.535 36.482 36.42 36.39 36.425 36.455 36.43 36.4 36.397 36.357 36.355 36.337 36.32 36.345 36.36 36.36 36.365 36.34 36.3 36.295 36.257
48.015 49.08 50.667 50.457 48.037 46.797 46.187 45.827 45.505 45.097 44.675 44.382 44.407 44.16 44.367 43.895 43.835 43.737 43.62 43.375 43.19 43.045 42.95 42.935 42.895 42.932 42.925 42.862 42.737 42.512 42.377 42.5 42.38 42.335 42.27 46.867 49.87 46.627 42.27 39.827 39.337 38.882 38.41 37.98 37.53 37.18 36.9 36.705 36.577 36.547 36.527 36.49 36.445 36.397 36.367 36.395 36.382 36.4 36.39 36.347 36.335 36.302 36.325 36.352 36.335 36.357 36.347 36.372 36.345 36.302 36.297 36.271
47.15 48.307 49.805 49.377 46.815 45.62 45.312 44.975 44.622 44.29 43.94 44.515 44.39 43.677 43.622 43.642 43.537 43.332 43.077 42.875 42.82 42.84 43.277 43.255 42.792 42.735 42.54 42.415 42.427 42.645 42.755 42.59 42.505 42.055 42.017 41.197 40.83 40.407 39.855 39.382 38.935 38.505 38.067 37.615 37.23 36.992 36.74 36.56 36.467 36.47 36.43 36.41 36.395 36.385 36.37 36.395 36.41 36.39 36.382 36.292 36.297 36.355 36.352 36.39 36.395 36.407 36.39 36.372 36.345 36.292 36.31 36.276
46.34 47.06 48.005 45.447 45.02 44.715 44.427 44.092 43.8 43.502 43.312 43.31 43.322 43.372 43.33 43.095 42.882 42.712 42.652 42.737 43.452 43.865 45.385 44.405 43.49 42.365 42.402 42.545 42.607 42.597 42.47 42.227 42.09 41.512 41.062 40.612 40.217 39.83 39.375 38.937 38.53 38.15 37.78 37.342 36.982 36.78 36.652 36.51 36.442 36.415 36.442 36.41 36.402 36.385 36.397 36.387 36.382 36.357 36.352 36.32 36.32 36.332 36.412 36.435 36.422 36.43 36.407 36.385 36.387 36.34 36.354 36.34
45.737 45.447 45.255 44.74 44.445 44.16 43.855 43.53 43.305 43.15 43.085 43.062 42.965 42.812 42.695 42.592 42.567 42.577 42.56 42.535 47.06 45.23 46.31 46.977 48.727 43.757 42.307 42.245 42.315 42.1 41.892 41.762 41.532 41.115 40.77 40.415 39.992 39.522 39.04 38.592 38.215 37.842 37.492 37.07 36.852 36.677 36.535 36.47 36.432 36.415 36.43 36.457 36.415 36.397 36.377 36.377 36.382 36.365 36.337 36.365 36.375 36.377 36.49 36.45 36.427 36.425 36.397 36.375 36.4 36.352 36.383 36.358
45.365 45.05 44.725 44.422 44.112 43.84 43.57 43.36 43.125 42.892 42.745 42.742 42.667 42.592 42.562 42.515 42.435 42.382 42.302 42.252 42.155 45.082 49.415 48.197 48.82 43.402 42.037 41.89 41.75 41.695 41.577 41.387 41.112 40.862 40.54 40.152 39.68 39.22 38.75 38.297 37.897 37.527 37.14 36.865 36.745 36.572 36.502 36.465 36.437 36.415 36.445 36.487 36.46 36.407 36.4 36.382 36.397 36.447 36.392 36.407 36.417 36.427 36.447 36.455 36.432 36.455 36.435 36.425 36.4 36.402 36.395 36.369
44.905 44.547 44.34 44.092 43.762 43.475 43.157 42.952 42.795 42.682 42.625 42.595 42.595 42.48 42.415 42.327 42.247 42.185 42.14 42.36 42.87 42.1 44.677 44.255 43.94 42.39 41.717 41.537 41.477 41.41 41.322 41.2 40.927 40.667 40.287 39.842 39.43 39 38.482 37.987 37.552 37.172 36.852 36.667 36.607 36.537 36.495 36.477 36.467 36.475 36.502 36.517 36.477 36.41 36.362 36.402 36.445 36.382 36.355 36.39 36.427 36.422 36.43 36.452 36.46 36.452 36.452 36.445 36.4 36.407 36.384 36.33
44.492 44.242 43.94 43.602 43.267 43.01 42.865 42.78 42.73 42.665 42.617 42.54 42.37 42.185 42.112 42.135 42.31 42.287 43.397 41.902 43.647 41.59 41.555 44.07 41.55 41.432 41.405 41.395 41.34 41.247 41.17 40.962 40.707 40.415 40.032 39.63 39.175 38.695 38.22 37.752 37.3 36.94 36.68 36.562 36.532 36.552 36.577 36.557 36.542 36.51 36.512 36.502 36.45 36.395 36.36 36.39 36.385 36.372 36.355 36.38 36.402 36.402 36.432 36.437 36.43 36.45 36.452 36.445 36.435 36.425 36.372 36.349
44.032 43.7 43.35 43.15 43.012 42.92 42.842 42.747 42.897 42.535 42.425 42.37 43.985 42.622 41.802 45.347 45.055 46.075 43.825 41.335 41.267 41.237 41.222 41.235 41.215 41.202 41.182 41.19 41.18 41.047 40.892 40.695 40.485 40.14 39.772 39.355 38.885 38.4 37.927 37.465 37.017 36.757 36.62 36.575 36.54 36.567 36.607 36.645 36.555 36.56 36.54 36.54 36.452 36.38 36.41 36.405 36.382 36.387 36.365 36.372 36.402 36.39 36.437 36.397 36.422 36.442 36.46 36.485 36.485 36.495 36.423 36.365
43.637 43.455 43.282 43.175 43.067 43.257 42.76 42.557 42.337 42.675 41.87 41.695 41.732 41.642 41.342 41.312 42.267 41.115 41.1 41.097 41.057 41.025 41.035 41.002 41.03 40.987 40.962 40.932 40.902 40.815 40.692 40.505 40.212 39.835 39.41 39.032 38.582 38.065 37.565 37.14 36.852 36.66 36.532 36.535 36.505 36.52 36.542 36.565 36.545 36.552 36.56 36.522 36.492 36.407 36.382 36.41 36.407 36.392 36.392 36.415 36.432 36.372 36.405 36.402 36.45 36.477 36.47 36.52 36.512 36.532 36.511 36.451
43.622 43.535 43.382 43.22 43.24 43.03 42.75 42.32 42.01 41.765 41.572 41.427 41.335 41.232 41.127 41.005 40.942 40.902 40.872 40.885 40.855 40.83 40.797 40.795 40.772 40.75 40.765 40.692 40.67 40.59 40.47 40.262 39.935 39.562 39.147 38.68 38.217 37.74 37.327 36.967 36.745 36.6 36.5 36.485 36.44 36.437 36.485 36.53 36.522 36.54 36.54 36.52 36.475 36.425 36.382 36.4 36.38 36.365 36.367 36.402 36.435 36.392 36.42 36.435 36.442 36.5 36.51 36.527 36.575 36.58 36.559 36.506
43.545 43.437 43.207 43.057 43.005 42.872 42.547 42.122 41.87 41.67 41.445 41.28 41.21 41.025 40.935 40.845 40.772 40.757 40.702 40.647 40.615 40.61 40.58 40.547 40.525 40.55 40.517 40.485 40.45 40.392 40.247 40.017 39.672 39.282 38.852 38.385 37.912 37.485 37.147 36.852 36.645 36.565 36.47 36.437 36.392 36.397 36.407 36.437 36.447 36.492 36.515 36.51 36.49 36.445 36.38 36.36 36.367 36.357 36.357 36.442 36.365 36.422 36.412 36.465 36.46 36.49 36.515 36.545 36.63 36.652 36.611 36.527
43.61 43.177 43.14 42.975 42.797 42.59 42.272 41.98 41.752 41.545 41.3 41.21 41.112 40.902 40.77 40.635 40.567 40.557 40.545 40.495 40.432 40.412 40.405 40.362 40.342 40.345 40.33 40.287 40.232 40.165 39.98 39.752 39.412 39.03 38.595 38.12 37.652 37.265 36.977 36.83 36.557 36.425 36.427 36.382 36.382 36.405 36.415 36.405 36.427 36.44 36.45 36.457 36.437 36.445 36.415 36.397 36.36 36.37 36.385 36.335 36.397 36.405 36.42 36.495 36.455 36.487 36.542 36.6 36.665 36.69 36.644 36.56
43.455 42.977 42.9 42.8 42.597 42.365 42.07 41.857 41.675 41.462 41.237 41.177 40.97 40.817 40.687 40.535 40.435 40.382 40.367 40.32 40.26 40.247 40.22 40.182 40.17 40.135 40.125 40.097 40.012 39.925 39.72 39.485 39.17 38.77 38.375 37.882 37.47 37.17 36.87 36.715 36.51 36.4 36.387 36.377 36.41 36.397 36.395 36.405 36.447 36.407 36.445 36.415 36.402 36.435 36.417 36.387 36.352 36.362 36.405 36.372 36.405 36.425 36.445 36.462 36.452 36.507 36.57 36.622 36.687 36.687 36.629 36.57
43.162 42.802 42.712 42.605 42.427 42.232 41.975 41.72 41.537 41.317 41.09 40.965 40.825 40.687 40.607 40.457 40.342 40.285 40.247 40.18 40.14 40.067 40.052 40.04 39.972 39.895 39.935 39.87 39.787 39.627 39.397 39.15 38.807 38.425 38.012 37.632 37.4 37.12 36.83 36.565 36.41 36.397 36.37 36.357 36.375 36.437 36.367 36.365 36.407 36.457 36.497 36.54 36.382 36.425 36.427 36.38 36.335 36.36 36.375 36.395 36.42 36.43 36.407 36.42 36.435 36.592 36.63 36.66 36.68 36.675 36.627 36.58
43.055 42.74 42.48 42.462 42.315 42.1 42.01 41.612 41.43 41.212 40.977 40.83 40.71 40.587 40.515 40.367 40.235 40.137 40.065 40.002 40.005 39.972 39.93 39.87 39.807 39.785 39.78 39.772 39.67 39.45 39.212 38.847 38.54 38.192 37.787 37.495 37.28 37.06 36.752 36.48 36.395 36.402 36.37 36.342 36.36 36.395 36.377 36.372 36.53 36.435 36.417 36.485 36.41 36.49 36.395 36.4 36.375 36.395 36.392 36.435 36.487 36.49 36.455 36.457 36.542 36.637 36.64 36.64 36.672 36.655 36.655 36.596
42.925 42.617 42.33 42.292 42.155 41.972 41.812 41.547 41.367 41.105 40.885 40.707 40.607 40.482 40.397 40.277 40.125 40.007 39.94 39.915 39.867 39.815 39.782 39.725 39.707 39.672 39.64 39.632 39.48 39.31 39.047 38.687 38.312 37.965 37.615 37.392 37.222 37.037 36.77 36.442 36.38 36.392 36.405 36.377 36.437 36.482 36.4 36.427 36.52 36.435 36.457 36.437 36.475 36.457 36.447 36.4 36.425 36.395 36.415 36.442 36.53 36.52 36.487 36.502 36.555 36.622 36.65 36.627 36.682 36.682 36.695 36.68
42.762 42.555 42.207 42.115 42.037 41.83 41.692 41.64 41.297 41.005 40.782 40.6 40.452 40.342 40.287 40.19 40.087 39.912 39.83 39.767 39.727 39.72 39.64 39.602 39.565 39.517 39.455 39.397 39.275 39.082 38.807 38.455 38.057 37.755 37.49 37.335 37.15 36.922 36.575 36.392 36.395 36.415 36.407 36.392 36.427 36.49 36.427 36.44 36.527 36.422 36.38 36.41 36.415 36.347 36.357 36.432 36.43 36.415 36.44 36.48 36.47 36.527 36.567 36.602 36.63 36.667 36.682 36.657 36.672 36.707 36.725 36.682
42.64 43.01 42.127 41.98 41.915 41.742 41.61 41.407 41.157 40.892 40.702 40.52 40.375 40.267 40.242 40.112 40.007 39.86 39.722 39.667 39.605 39.532 39.5 39.482 39.422 39.352 39.28 39.227 39.087 38.872 38.547 38.187 37.837 37.595 37.4 37.237 37.02 36.807 36.507 36.4 36.397 36.372 36.36 36.36 36.46 36.46 36.395 36.4 36.455 36.372 36.365 36.362 36.387 36.42 36.425 36.425 36.447 36.425 36.45 36.48 36.505 36.562 36.617 36.662 36.737 36.755 36.712 36.69 36.737 36.757 36.767 36.702
42.545 44.425 42.302 41.912 41.827 41.652 41.492 41.305 41.057 40.777 40.627 40.497 40.332 40.24 40.16 40.077 39.935 39.775 39.64 39.557 39.475 39.405 39.34 39.302 39.262 39.177 39.107 39.012 38.882 38.657 38.322 37.947 37.66 37.42 37.27 37.057 36.895 36.682 36.512 36.385 36.39 36.387 36.375 36.43 36.525 36.44 36.392 36.365 36.385 36.447 36.517 36.38 36.412 36.415 36.49 36.42 36.555 36.412 36.505 36.527 36.545 36.605 36.675 36.725 36.855 36.865 36.81 36.787 36.767 36.8 36.777 36.727
42.355 42.297 42.48 41.797 41.672 41.515 41.377 41.235 41.005 40.707 40.557 40.407 40.315 40.227 40.105 39.992 39.862 39.682 39.55 39.467 39.385 39.31 39.232 39.175 39.097 39.012 38.927 38.832 38.68 38.44 38.11 37.817 37.432 37.162 37.087 36.85 36.765 36.597 36.415 36.392 36.385 36.365 36.417 36.432 36.485 36.417 36.392 36.412 36.442 36.575 36.472 36.377 36.472 36.4 36.425 36.505 36.505 36.422 36.547 36.597 36.607 36.657 36.735 36.827 36.87 36.905 36.875 36.867 36.83 36.88 36.825 36.757
42.282 42.142 42.125 41.655 41.545 41.442 41.275 41.117 40.917 40.632 40.457 40.312 40.217 40.162 40.035 39.935 39.807 39.637 39.472 39.35 39.23 39.147 39.1 39.045 38.92 38.842 38.725 38.585 38.405 38.18 37.872 37.535 37.065 36.687 36.49 36.49 36.44 36.427 36.397 36.39 36.382 36.36 36.44 36.497 36.605 36.422 36.4 36.45 36.507 36.465 36.422 36.41 36.45 36.407 36.39 36.397 36.46 36.432 36.622 36.605 36.645 36.68 36.795 36.97 37.012 36.94 36.95 36.922 36.9 36.92 36.857 36.77
42.202 42.05 41.91 41.612 41.452 41.33 41.167 40.98 41.427 40.715 40.387 40.24 40.137 40.042 39.932 39.817 39.7 39.572 39.43 39.227 39.11 39.012 38.972 38.91 38.797 38.682 38.53 38.352 38.12 37.965 37.715 37.332 36.822 36.43 36.402 36.382 36.377 36.4 36.402 36.39 36.385 36.412 36.53 36.592 36.535 36.66 36.48 36.5 36.44 36.455 36.495 36.555 36.44 36.525 36.415 36.475 36.455 36.482 36.577 36.672 36.685 36.747 36.845 37 37.067 37.065 37.045 37.022 36.967 36.905 36.857 36.827
42.112 41.987 41.92 41.64 41.387 41.252 41.14 41.05 40.685 40.487 40.32 40.17 40.065 39.92 39.84 39.712 39.61 39.49 39.4 39.215 39.027 38.935 38.872 38.755 38.625 38.497 38.337 38.142 37.96 37.735 37.482 37.202 36.622 36.375 36.377 36.345 36.352 36.402 36.387 36.387 36.417 36.405 36.407 36.447 36.442 36.527 36.47 36.467 36.475 36.457 36.43 36.537 36.427 36.505 36.362 36.425 36.44 36.507 36.637 36.647 36.707 36.772 36.882 37.05 37.112 37.097 37.08 37.115 37.055 36.975 36.987 36.932
42.065 41.947 42.417 42.075 41.305 41.22 40.985 40.765 40.65 40.427 40.275 40.14 39.995 39.872 39.805 39.695 39.602 39.472 39.36 39.225 39.047 38.905 38.812 38.685 38.617 38.457 38.272 38.122 37.935 37.607 37.29 36.857 36.517 36.372 36.377 36.442 36.392 36.387 36.412 36.37 36.392 36.407 36.407 36.4 36.45 36.412 36.475 36.472 36.48 36.475 36.422 36.407 36.46 36.497 36.432 36.522 36.495 36.622 36.687 36.695 36.742 36.767 36.865 37.067 37.125 37.125 37.095 37.135 37.11 37.09 37.08 37.007
41.972 41.91 42.127 41.852 41.305 41.17 40.9 40.732 40.977 40.672 41.545 40.115 39.997 39.872 39.78 39.68 39.617 39.47 39.345 39.195 39.09 38.96 38.835 38.705 38.595 38.472 38.272 38.12 37.885 37.555 37.235 36.877 36.557 36.407 36.38 36.39 36.392 36.377 36.465 36.445 36.402 36.382 36.4 36.385 36.41 36.41 36.397 36.455 36.487 36.48 36.392 36.51 36.515 36.482 36.43 36.395 36.502 36.637 36.727 36.715 36.772 36.75 36.832 37.062 37.18 37.132 37.115 37.175 37.207 37.232 37.147 37.07
41.912 41.875 41.86 41.775 41.352 41.125 40.91 40.717 40.592 40.467 40.192 40.065 39.977 39.887 39.795 39.702 39.575 39.417 39.285 39.16 39.037 38.975 38.825 38.682 38.525 38.415 38.237 38.077 37.852 37.587 37.262 36.955 36.58 36.432 36.382 36.405 36.415 36.397 36.477 36.502 36.382 36.365 36.387 36.377 36.422 36.44 36.4 36.495 36.465 36.462 36.427 36.407 36.517 36.39 36.45 36.477 36.495 36.622 36.71 36.7 36.742 36.77 36.832 37.107 37.227 37.215 37.192 37.277 37.287 37.267 37.222 37.072
41.807 41.61 41.557 41.532 41.272 41.137 41.07 40.755 40.56 40.37 40.19 40.042 39.995 39.897 39.817 39.682 39.557 39.415 39.267 39.11 39.027 38.942 38.81 38.65 38.455 38.357 38.14 37.952 37.712 37.505 37.225 36.872 36.575 36.427 36.377 36.387 36.385 36.39 36.432 36.397 36.417 36.385 36.417 36.412 36.4 36.49 36.465 36.405 36.49 36.547 36.382 36.435 36.502 36.447 36.472 36.517 36.477 36.61 36.77 36.77 36.795 36.785 36.83 37.107 37.245 37.267 37.295 37.322 37.337 37.312 37.327 37.162
42.192 41.5 41.41 41.352 41.28 41.15 41.03 40.747 40.565 40.39 40.28 40.14 40.002 39.927 39.812 39.685 39.537 39.425 39.23 39.09 38.972 38.872 38.752 38.53 38.342 38.145 37.897 37.605 36.977 36.837 36.757 36.54 36.405 36.412 36.427 36.39 36.367 36.395 36.387 36.372 36.39 36.362 36.397 36.4 36.437 36.455 36.497 36.452 36.467 36.437 36.5 36.55 36.605 36.485 36.472 36.465 36.41 36.627 36.78 36.832 36.86 36.825 36.86 37.102 37.26 37.277 37.335 37.365 37.385 37.32 37.305 37.222
41.592 41.475 41.38 41.252 41.035 41.19 40.91 40.647 40.522 40.355 40.257 40.05 39.985 39.937 39.805 39.67 39.52 39.352 39.152 39.035 38.92 38.81 38.647 38.44 38.215 37.957 37.632 37.105 36.527 36.44 36.407 36.4 36.397 36.417 36.397 36.367 36.38 36.407 36.397 36.4 36.39 36.4 36.412 36.41 36.437 36.477 36.417 36.412 36.417 36.402 36.44 36.445 36.45 36.477 36.412 36.467 36.46 36.65 36.777 36.815 36.825 36.865 36.897 37.095 37.242 37.262 37.322 37.335 37.332 37.302 37.275 37.2
42.12 42.692 41.29 41.16 40.995 40.917 40.78 40.607 40.452 40.415 40.26 40.132 40.032 39.915 39.797 39.662 39.485 39.297 39.085 38.947 38.795 38.642 38.5 38.305 38.03 37.75 37.342 36.797 36.462 36.52 36.565 36.522 36.497 36.497 36.462 36.42 36.42 36.405 36.422 36.407 36.42 36.392 36.43 36.42 36.417 36.407 36.407 36.442 36.385 36.42 36.43 36.425 36.457 36.45 36.502 36.512 36.47 36.562 36.745 36.747 36.802 36.842 36.922 37.085 37.2 37.287 37.32 37.33 37.35 37.385 37.375 37.27
