data/LIDAR-DSM-2M-NZ24se/nz2841_DSM_2M.asc
ncols 500
nrows 500
xllcorner    428000
yllcorner    541000
cellsize     2
NODATA_value -9999
[rows 416 to 447 of 500, columns 219 to 291 of 500]
35.615 36.022 37.092 36.252 35.997 35.985 35.92 35.93 36.095 36.192 36.16 36.19 36.28 36.39 36.385 36.365 36.417 36.487 36.545 36.605 36.622 36.68 36.722 36.78 36.827 36.877 36.857 36.815 36.797 36.787 36.767 36.78 36.81 36.827 36.807 36.762 36.737 36.712 36.695 36.652 36.57 36.507 36.42 36.38 36.36 36.082 35.997 35.93 35.827 35.742 35.632 35.567 35.457 35.377 35.312 35.24 35.227 35.237 35.175 35.115 35.077 35.062 35.082 35.162 35.25 35.137 35.115 35.145 35.167 35.242 35.317 35.392 35.672
35.56 35.597 36.235 36.807 36.087 35.975 35.97 36.042 36.147 36.182 36.15 36.125 36.21 36.352 36.262 36.297 36.35 36.427 36.49 36.552 36.62 36.677 36.735 36.782 36.815 36.81 36.835 36.905 36.935 36.805 36.77 36.797 36.792 36.805 36.785 36.79 36.737 36.715 36.69 36.635 36.565 36.49 36.407 36.297 36.18 36.072 36.02 35.927 35.825 35.737 35.605 35.54 35.452 35.375 35.272 35.225 35.175 35.14 35.105 35.082 35.045 35.04 35.042 35.052 35.077 35.095 35.095 35.147 35.19 35.235 35.32 35.357 36.08
35.535 35.555 35.58 35.765 37.14 36.23 36.017 36.067 36.097 36.047 36.135 36.015 36.062 36.12 36.167 36.237 36.3 36.367 36.437 36.517 36.617 36.64 36.7 36.742 36.785 36.795 36.817 37.117 37.955 37.115 36.78 36.79 36.8 36.785 36.805 36.81 36.787 36.742 36.702 36.632 36.57 36.492 36.417 36.277 36.167 36.075 36.007 35.925 35.827 35.727 35.61 35.535 35.44 35.325 35.245 35.197 35.15 35.085 35.067 35.047 35.007 34.997 35.005 35.047 35.067 35.11 35.147 35.17 35.242 35.267 35.282 35.357 35.505
35.485 35.515 35.53 35.52 35.84 36.965 36.397 35.995 36.047 36.03 35.985 35.962 36.02 36.01 36.112 36.165 36.225 36.32 36.465 36.532 36.57 36.58 36.662 36.7 36.717 36.757 36.805 36.917 37.025 36.845 36.807 36.802 36.81 36.802 36.797 36.802 36.792 36.772 36.72 36.645 36.562 36.485 36.405 36.29 36.192 36.065 36 35.915 35.817 35.74 35.62 35.5 35.395 35.305 35.237 35.18 35.117 35.09 35.047 35.007 34.975 34.967 34.972 34.992 35.045 35.117 35.147 35.252 35.28 35.287 35.337 35.365 35.442
35.455 35.482 35.495 35.502 35.56 35.955 36.925 36.05 36.005 35.985 35.972 35.845 35.86 35.927 35.997 36.035 36.122 36.26 36.387 36.42 36.472 36.532 36.585 36.642 36.657 36.725 36.782 36.82 36.837 36.812 36.81 36.815 36.812 36.802 36.8 36.802 36.77 36.787 36.74 36.685 36.59 36.492 36.41 36.282 36.152 36.075 35.997 35.867 35.775 35.712 35.597 35.475 35.347 35.287 35.227 35.14 35.067 35.072 35.005 35.007 34.947 34.93 34.93 34.96 35.02 35.105 35.22 35.33 35.277 35.32 35.362 35.402 35.435
35.452 35.467 35.465 35.495 35.522 35.565 35.777 36.98 36.3 35.945 35.967 35.855 35.787 35.835 35.91 35.947 36.052 36.165 36.252 36.28 36.375 36.457 36.492 36.54 36.6 36.697 36.747 36.76 36.782 36.817 36.797 36.812 36.807 36.835 36.827 36.805 36.785 36.757 36.737 36.695 36.6 36.512 36.415 36.297 36.197 36.127 36.005 35.87 35.745 35.672 35.55 35.45 35.367 35.277 35.18 35.115 35.11 35.077 35.03 34.99 34.93 34.902 34.93 34.962 35.04 35.06 35.162 35.207 35.257 35.337 35.395 35.427 35.425
35.54 35.477 35.487 35.507 35.507 35.57 35.67 36.102 36.915 36.377 35.975 35.962 35.872 35.792 35.845 35.897 36.007 36.072 36.125 36.177 36.305 36.36 36.36 36.447 36.542 36.625 36.657 36.715 36.755 36.792 36.785 36.807 36.805 36.815 36.84 36.827 36.827 36.8 36.74 36.682 36.602 36.515 36.437 36.317 36.255 36.252 35.99 35.862 35.735 35.632 35.547 35.43 35.337 35.265 35.172 35.107 35.082 35.077 34.997 34.99 34.927 34.92 34.917 34.957 35.01 35.072 35.152 35.232 35.3 35.372 35.455 35.47 35.502
35.592 35.565 35.585 35.557 35.567 35.625 35.692 35.765 35.975 37.325 36.352 36.01 35.967 35.9 35.852 35.9 36.007 36.027 36.035 36.09 36.165 36.255 36.282 36.337 36.427 36.545 36.572 36.62 36.665 36.747 36.76 36.77 36.8 36.797 36.805 36.797 36.807 36.812 36.75 36.675 36.617 36.537 36.465 36.295 36.205 36.117 36 35.872 35.765 35.652 35.515 35.415 35.317 35.227 35.127 35.115 35.077 35.03 35.022 34.972 34.932 34.932 34.94 34.95 35.012 35.085 35.15 35.225 35.34 35.4 35.44 35.487 35.53
35.732 35.67 35.67 35.652 35.627 35.662 35.717 35.797 35.867 35.99 36.717 36.472 36.005 35.997 35.96 35.94 35.982 36.022 36.01 36.02 36.035 36.125 36.22 36.225 36.292 36.42 36.472 36.5 36.562 36.645 36.677 36.72 36.742 36.785 36.772 36.812 36.795 36.81 36.752 36.672 36.587 36.542 36.452 36.302 36.195 36.08 35.98 35.855 35.755 35.655 35.525 35.392 35.295 35.197 35.165 35.095 35.027 34.987 34.975 34.955 34.952 34.91 34.915 34.955 35.035 35.08 35.175 35.245 35.3 35.367 35.407 35.492 35.532
35.782 35.725 35.727 35.71 35.722 35.742 35.765 35.815 35.887 35.957 36.035 37.007 36.44 35.985 36.007 36.01 36.05 36.08 36.09 36.09 36.622 36.757 36.097 36.145 36.15 36.29 36.357 36.412 36.465 36.55 36.592 36.662 36.697 36.71 36.87 37.615 38.71 36.872 36.762 36.692 36.585 36.497 36.415 36.317 36.232 36.11 35.985 35.857 35.77 35.615 35.477 35.38 35.292 35.235 35.18 35.087 35.04 34.975 34.96 34.967 34.985 34.955 34.922 34.975 35.067 35.122 35.217 35.287 35.31 35.377 35.447 35.482 35.502
35.847 35.835 35.827 35.802 35.802 35.842 35.805 35.845 35.932 35.95 36.005 36.07 36.95 36.57 36.04 36.077 36.112 36.13 36.115 36.112 36.252 36.062 36.062 36.107 36.105 36.145 36.235 36.295 36.367 36.45 36.51 36.547 36.597 36.63 37.03 38.055 37.97 37.062 36.787 36.66 36.557 36.49 36.392 36.322 36.24 36.13 35.99 35.88 35.765 35.605 35.482 35.385 35.302 35.24 35.16 35.092 35.007 34.96 34.952 34.997 35.077 34.995 34.965 35.042 35.072 35.145 35.217 35.402 35.325 35.41 35.465 35.472 35.512
35.9 35.867 35.85 35.87 35.875 35.892 35.887 35.94 36.007 36.15 36.015 36.085 36.285 36.75 36.7 36.072 36.105 36.175 36.15 36.137 36.12 36.09 36.117 36.127 36.075 36.082 36.115 36.172 36.275 36.325 36.38 36.435 36.517 36.56 36.607 36.65 36.715 36.662 36.615 36.58 36.542 36.495 36.432 36.315 36.237 36.112 36.032 35.865 35.752 35.625 35.492 35.405 35.335 35.227 35.165 35.092 35.075 34.997 34.99 34.997 34.952 34.94 34.977 35.04 35.087 35.132 35.275 35.355 35.372 35.402 35.43 35.447 35.49
35.937 35.935 35.95 35.955 35.967 35.982 35.98 36.025 36.045 36.09 36.16 36.135 36.225 36.185 36.97 36.475 36.127 36.147 36.235 36.222 36.23 36.212 36.172 36.152 36.102 36.06 36.042 36.1 36.175 36.245 36.297 36.335 36.42 36.492 36.565 36.62 36.557 36.557 36.525 36.522 36.497 36.445 36.412 36.327 36.192 36.112 36.052 35.92 35.745 35.627 35.54 35.417 35.315 35.227 35.195 35.17 35.07 34.995 35.01 34.99 34.975 35.017 35.015 35.007 35.102 35.165 35.22 35.287 35.377 35.41 35.427 35.435 35.475
36.015 35.995 35.985 35.977 36.012 36.03 36.07 36.1 36.117 36.14 36.185 36.162 36.142 36.17 36.242 36.945 36.795 36.172 36.19 36.252 36.302 36.317 36.292 36.222 36.165 36.117 36.06 36.077 36.095 36.152 36.182 36.225 36.302 36.365 36.417 36.435 36.435 36.425 36.457 36.495 36.452 36.377 36.342 36.302 36.23 36.115 36.012 35.905 35.81 35.68 35.595 35.505 35.34 35.237 35.225 35.215 35.105 35.082 35.057 35.017 35.01 35.025 35.047 35.075 35.135 35.172 35.195 35.267 35.345 35.385 35.402 35.435 35.497
36.055 36.05 36.012 36.045 36.097 36.115 36.175 36.135 36.157 36.165 36.2 36.222 36.2 36.222 36.252 36.337 36.742 36.77 36.235 36.2 36.32 36.387 36.422 36.317 36.24 36.16 36.147 36.102 36.09 36.132 36.11 36.135 36.225 36.272 36.282 36.302 36.295 36.332 36.4 36.417 36.41 36.355 36.282 36.215 36.192 36.115 35.942 35.867 35.845 35.72 35.557 35.492 35.407 35.32 35.29 35.24 35.145 35.137 35.07 35.067 35.06 35.067 35.09 35.14 35.157 35.185 35.232 35.285 35.33 35.35 35.392 35.435 35.51
36.082 36.09 36.132 36.107 36.15 36.18 36.212 36.197 36.182 36.165 36.222 36.21 36.252 36.282 36.285 36.32 36.362 37.03 36.672 36.212 36.27 36.382 36.42 36.425 36.327 36.265 36.217 36.16 36.177 36.135 36.037 36.03 36.095 36.155 36.172 36.175 36.185 36.257 36.302 36.32 36.342 36.317 36.24 36.172 36.142 36.09 36 35.855 35.817 35.725 35.627 35.525 35.45 35.365 35.335 35.29 35.192 35.155 35.127 35.202 35.157 35.562 35.12 35.142 35.177 35.222 35.272 35.302 35.327 35.337 35.39 35.432 35.505
36.125 36.155 36.23 36.245 36.26 36.222 36.22 36.232 36.237 36.215 36.195 36.235 36.285 36.285 36.302 36.35 36.402 36.402 36.812 36.905 36.28 36.31 36.407 36.432 36.38 36.295 36.272 36.24 36.22 36.092 36.005 35.987 36.027 36.027 36.035 36.045 36.1 36.145 36.182 36.23 36.247 36.25 36.205 36.152 36.092 36.025 35.992 35.92 35.822 35.745 35.75 35.635 35.512 35.445 35.385 35.307 35.207 35.205 35.19 35.832 36.925 36.747 35.265 35.157 35.185 35.235 35.265 35.31 35.34 35.385 35.417 35.467 35.547
36.2 36.205 36.295 36.502 36.37 36.207 36.227 36.202 36.265 36.242 36.23 36.275 36.292 36.325 36.335 36.36 36.4 36.447 36.425 36.967 36.947 36.36 36.345 36.437 36.437 36.37 36.34 36.295 36.245 36.122 36.02 35.97 35.967 35.94 35.955 35.965 35.97 36.027 36.095 36.162 36.182 36.187 36.182 36.15 36.08 36 35.957 35.932 35.862 35.747 35.682 35.64 35.585 35.502 35.412 35.337 35.295 35.247 35.23 36.337 36.695 38.09 35.807 35.195 35.197 35.225 35.257 35.307 35.772 35.452 35.502 35.517 35.57
36.352 36.43 36.382 36.367 36.407 36.262 36.23 36.245 36.322 36.277 36.35 36.975 36.332 36.33 36.675 37.675 36.465 36.465 36.45 36.46 37.165 37.115 36.365 36.397 36.462 36.465 36.42 36.362 36.282 36.175 36.067 35.95 35.84 35.825 35.865 35.87 35.875 35.922 35.992 36.075 36.075 36.127 36.147 36.13 36.075 36.015 35.952 35.91 35.88 35.81 35.705 35.662 35.63 35.555 35.457 35.407 35.335 35.307 35.27 35.407 35.662 35.792 35.18 35.185 35.2 35.22 35.267 35.317 35.46 35.51 35.527 35.547 35.595
36.397 36.365 36.505 36.395 36.437 36.242 36.242 36.292 36.25 36.29 36.365 36.352 36.357 36.382 37.925 38.63 37.017 36.487 36.482 36.49 36.477 37.032 37.292 36.42 36.44 36.47 36.492 36.44 36.367 36.27 36.112 36.005 35.892 35.81 35.812 35.817 35.82 35.865 35.922 35.967 35.97 36.022 36.072 36.1 36.057 36.022 35.97 35.922 35.875 35.845 35.785 35.68 35.64 35.587 35.505 35.45 35.4 35.45 35.385 35.3 35.217 35.205 35.212 35.18 35.207 35.245 35.317 35.402 35.44 35.515 35.55 35.572 35.632
36.622 36.422 36.387 36.337 36.277 36.29 36.287 36.305 36.32 36.335 36.347 36.362 36.5 38.41 39.912 37.202 36.587 36.49 36.492 36.485 36.48 36.5 37.032 37.135 36.472 36.462 36.472 36.472 36.485 36.315 36.18 36.062 35.99 35.857 35.8 35.805 35.805 35.825 35.862 35.885 35.905 35.965 36.042 36.045 36.04 36.002 35.98 35.93 35.862 35.825 35.82 35.762 35.675 35.61 35.54 35.477 35.445 35.505 35.515 35.305 35.22 35.222 35.202 35.175 35.197 35.252 35.315 35.39 35.467 35.515 35.572 35.597 35.635
36.447 37.102 36.33 36.302 36.3 36.335 36.355 36.37 36.357 36.387 36.392 36.767 37.927 38.382 38.245 36.807 36.555 36.482 36.457 36.467 36.492 36.485 36.512 36.917 37.405 36.502 36.472 36.485 36.435 36.365 36.257 36.237 36.107 35.92 35.84 35.822 35.82 35.835 35.82 35.852 35.91 35.925 35.972 36.007 36.02 35.997 35.97 35.952 35.905 35.827 35.775 35.76 35.727 35.647 35.572 35.512 35.427 35.402 35.375 35.285 35.262 35.222 35.167 35.197 35.26 35.297 35.347 35.4 35.462 35.537 35.58 35.625 35.66
36.935 36.877 36.37 36.312 36.347 36.332 36.345 36.337 36.355 36.355 36.762 38.227 38.565 36.787 36.64 36.632 36.562 36.5 36.477 36.46 36.455 36.472 36.497 36.527 36.937 37.462 36.497 36.467 36.455 36.43 36.42 36.457 36.247 36.037 35.912 35.86 35.782 35.83 35.82 35.835 35.842 35.872 35.917 35.967 35.995 35.987 35.952 35.925 35.91 35.842 35.785 35.767 35.735 35.682 35.572 35.49 35.43 35.337 35.3 35.28 35.245 35.212 35.18 35.24 35.312 35.34 35.39 35.41 35.465 35.535 35.607 35.635 35.675
36.502 36.357 36.375 36.375 36.395 36.367 36.34 36.362 36.372 36.497 38.982 40.01 38.352 36.672 36.552 36.627 36.602 36.582 36.537 36.467 36.44 36.455 36.48 36.502 36.54 36.942 37.215 36.535 36.445 36.462 36.47 36.437 36.34 36.277 36.067 35.925 35.812 35.785 35.817 35.807 35.8 35.827 35.882 35.902 35.955 35.967 35.93 35.94 35.915 35.9 35.832 35.742 35.685 35.675 35.605 35.5 35.422 35.375 35.31 35.282 35.25 35.205 35.23 35.285 35.325 35.365 35.43 35.477 35.49 35.535 35.61 35.64 35.707
36.357 36.38 36.42 36.397 36.382 36.385 36.357 36.347 36.437 38.722 40.3 39.692 36.932 37.152 36.877 36.597 36.605 36.592 36.56 36.502 36.447 36.462 36.435 36.445 36.497 36.527 36.822 37.277 36.597 36.452 36.42 36.402 36.347 36.295 36.15 36.03 35.907 35.83 35.802 35.802 35.827 35.83 35.852 35.837 35.87 35.905 35.917 35.91 35.902 35.902 35.875 35.765 35.68 35.62 35.562 35.51 35.432 35.382 35.325 35.28 35.25 35.245 35.28 35.312 35.337 35.407 35.445 35.475 35.522 35.567 35.62 35.65 35.697
36.355 36.395 36.407 36.392 36.392 36.39 36.42 36.63 38.62 40.347 39.332 37.305 36.975 36.657 36.822 37.022 36.75 36.597 36.572 36.485 36.417 36.395 36.465 36.427 36.45 36.482 36.512 36.745 37.487 36.64 36.392 36.397 36.362 36.267 36.182 36.08 35.99 35.875 35.842 35.835 35.837 35.832 35.807 35.795 35.815 35.82 35.85 35.855 35.885 35.87 35.845 35.805 35.715 35.607 35.54 35.522 35.555 35.382 35.317 35.27 35.28 35.295 35.322 35.332 35.35 35.397 35.437 35.48 35.5 35.557 35.607 35.66 35.657
36.317 36.37 36.395 36.427 36.435 36.412 36.477 38.587 39.17 37.432 36.747 37.462 37.34 36.967 36.6 37.027 36.735 36.577 36.53 36.472 36.482 36.44 36.562 36.517 36.42 36.447 36.452 36.487 36.565 37.14 36.49 36.42 36.395 36.335 36.24 36.15 36.05 35.957 35.895 35.847 35.837 35.782 35.78 35.757 35.75 35.795 35.815 35.827 35.84 35.86 35.827 35.775 35.717 35.627 35.527 35.472 35.427 35.33 35.295 35.297 35.322 35.32 35.337 35.352 35.38 35.425 35.457 35.497 35.515 35.562 35.605 35.625 35.61
36.342 36.37 36.43 36.425 36.457 36.605 38.705 40.155 37.057 36.85 37.352 37.787 37.337 36.925 36.645 36.617 36.662 36.782 36.552 36.47 36.475 36.432 36.437 36.535 36.467 36.425 36.447 36.47 36.497 36.585 37.515 36.625 36.397 36.39 36.325 36.217 36.095 36.045 35.922 35.86 35.817 35.78 35.762 35.752 35.72 35.722 35.747 35.777 35.802 35.785 35.77 35.717 35.662 35.585 35.535 35.462 35.372 35.322 35.335 35.327 35.302 35.312 35.31 35.355 35.4 35.44 35.465 35.51 35.56 35.582 35.587 35.61 35.592
36.382 36.395 36.415 36.427 36.535 38.127 40.455 37.817 36.632 36.705 37.287 38.235 37.345 37.26 36.69 36.66 36.625 36.592 36.525 36.55 36.41 36.44 36.435 36.46 36.537 36.49 36.42 36.46 36.487 36.487 36.642 37.487 36.59 36.35 36.31 36.27 36.21 36.095 35.98 35.897 35.857 35.792 35.74 35.74 35.69 35.705 35.702 35.747 35.725 35.737 35.72 35.655 35.577 35.542 35.505 35.445 35.402 35.385 35.35 35.337 35.32 35.317 35.317 35.35 35.39 35.437 35.47 35.527 35.585 35.587 35.612 35.595 35.597
36.385 36.39 36.397 36.427 38.315 40.017 37.92 36.6 36.647 36.76 37.01 37.97 37.765 36.962 36.602 36.702 36.582 36.51 36.517 36.5 36.445 36.435 36.427 36.4 36.43 36.692 36.502 36.49 36.822 39.545 36.8 36.517 37.227 36.392 36.272 36.272 36.24 36.16 36.09 35.987 35.87 35.82 35.755 35.7 35.675 35.685 35.677 35.72 35.7 35.692 35.622 35.577 35.537 35.48 35.427 35.405 35.377 35.372 35.395 35.362 35.352 35.34 35.327 35.362 35.412 35.442 35.492 35.542 35.557 35.597 35.62 35.6 35.62
36.38 36.427 36.435 37.5 39.852 38.182 36.615 36.645 36.565 36.605 36.657 37.265 37.772 37.045 36.955 36.552 36.492 36.517 36.47 36.442 36.417 36.385 36.42 36.37 36.405 36.677 36.477 37.107 39.64 38.535 36.405 36.442 36.512 37.212 36.527 36.235 36.227 36.175 36.107 36.01 35.912 35.845 35.777 35.732 35.655 35.622 35.657 35.677 35.807 35.63 35.58 35.542 35.507 35.425 35.412 35.397 35.385 35.372 35.372 35.357 35.372 35.407 35.38 35.445 35.42 35.45 35.5 35.532 35.54 35.6 35.63 35.617 35.632
36.405 36.45 37.835 39.557 38.99 36.645 36.587 36.557 36.605 36.557 36.552 36.702 36.802 37.05 36.91 36.487 36.487 36.475 36.43 36.41 36.372 36.347 36.38 36.38 36.407 36.437 37.8 40.465 39.232 36.427 36.412 36.557 36.455 36.56 37.325 36.61 36.197 36.165 36.127 36.067 36.01 35.902 35.835 35.727 35.65 35.62 35.62 35.695 35.657 35.51 35.517 35.49 35.425 35.42 35.467 35.475 35.41 35.4 35.35 35.327 35.327 35.322 35.372 35.422 35.43 35.485 35.502 35.512 35.545 35.597 35.605 35.615 35.637
