data/LIDAR-DSM-2M-NZ24se/nz2844_DSM_2M.asc
ncols 500
nrows 500
xllcorner    428000
yllcorner    544000
cellsize     2
NODATA_value -9999
[rows 256 to 287 of 500, columns 0 to 70 of 500]
55.558 55.381 55.248 55.136 55.006 54.918 54.816 54.718 54.633 54.551 54.481 54.391 54.311 54.206 54.083 54.006 53.868 53.703 53.588 53.453 53.361 53.266 53.143 52.986 52.886 52.736 52.653 52.538 52.381 52.256 52.178 52.088 51.976 51.846 51.678 51.621 51.688 51.626 52.866 52.076 51.671 51.476 51.358 51.266 51.186 51.083 51.018 50.938 50.871 50.778 50.718 50.651 50.576 50.513 50.458 50.391 50.316 50.248 50.193 50.146 50.121 50.091 50.073 50.058 50.031 49.996 49.973 49.936 49.883 49.856 49.838
55.448 55.316 55.166 55.006 54.916 54.776 54.688 54.596 54.496 54.408 54.333 54.256 54.198 54.101 54.003 53.881 53.748 53.616 53.481 53.371 53.273 53.181 53.078 52.921 52.846 52.688 52.581 52.456 52.346 52.203 52.093 52.028 51.933 51.858 51.701 51.553 51.471 51.458 52.193 52.566 51.696 51.451 51.276 51.163 51.073 50.993 50.916 50.868 50.821 50.731 50.681 50.601 50.543 50.468 50.408 50.358 50.281 50.233 50.146 50.096 50.061 50.013 50.001 50.003 49.971 49.903 49.923 49.903 49.858 49.818 49.783
55.373 55.223 55.053 54.923 54.793 54.676 54.563 54.466 54.346 54.293 54.208 54.146 54.058 53.956 53.876 53.796 53.653 53.528 53.418 53.301 53.181 53.051 52.991 52.856 52.786 52.661 52.576 52.436 52.301 52.186 52.061 51.926 51.858 51.776 51.701 51.578 51.443 51.401 51.578 52.031 51.853 51.498 51.221 51.066 50.971 50.928 50.851 50.791 50.746 50.696 50.648 50.591 50.511 50.421 50.398 50.311 50.248 50.181 50.136 50.091 50.023 49.996 49.956 49.921 49.928 49.863 49.866 49.831 49.833 49.781 49.758
55.278 55.126 54.968 54.813 54.681 54.581 54.448 54.363 54.258 54.211 54.116 54.038 53.956 53.853 53.751 53.658 53.528 53.428 53.331 53.206 53.116 53.001 52.918 52.821 52.718 52.606 52.491 52.371 52.228 52.093 51.988 51.848 51.778 51.696 51.613 51.531 51.468 51.316 51.251 51.321 51.598 52.078 51.263 51.048 50.926 50.828 50.778 50.713 50.706 50.666 50.611 50.526 50.463 50.381 50.351 50.288 50.221 50.176 50.116 50.048 49.988 49.951 49.928 49.886 49.853 49.851 49.826 49.791 49.783 49.748 49.711
55.183 55.018 54.866 54.733 54.593 54.463 54.356 54.271 54.188 54.126 54.018 53.931 53.816 53.743 53.613 53.531 53.411 53.328 53.211 53.121 53.048 52.953 52.851 52.771 52.666 52.581 52.431 52.308 52.178 52.043 51.941 51.846 51.708 51.606 51.563 51.483 51.386 51.323 51.161 51.171 51.223 51.871 51.573 51.081 50.901 50.778 50.703 50.673 50.628 50.573 50.541 50.503 50.406 50.358 50.308 50.236 50.186 50.123 50.093 50.021 49.961 49.916 49.886 49.871 49.843 49.771 49.766 49.756 49.731 49.708 49.678
55.091 54.901 54.738 54.618 54.493 54.373 54.258 54.166 54.083 53.991 53.901 53.801 53.733 53.608 53.531 53.433 53.316 53.218 53.088 53.011 52.958 52.881 52.761 52.701 52.583 52.493 52.381 52.243 52.128 52.001 51.871 51.748 51.663 51.578 51.496 51.431 51.353 51.291 51.198 51.028 50.951 51.016 51.293 51.456 50.896 50.761 50.661 50.598 50.558 50.491 50.483 50.438 50.353 50.318 50.256 50.213 50.171 50.088 50.061 49.996 49.948 49.893 49.863 49.841 49.801 49.741 49.701 49.698 49.673 49.668 49.638
54.951 54.821 54.656 54.521 54.408 54.258 54.151 54.073 53.996 53.881 53.793 53.713 53.616 53.521 53.403 53.313 53.183 53.086 53.021 52.943 52.861 52.801 52.706 52.623 52.548 52.423 52.313 52.211 52.056 51.948 51.841 51.683 51.603 51.516 51.408 51.308 51.283 51.231 51.171 51.033 50.873 50.858 50.783 51.891 51.071 50.733 50.631 50.541 50.513 50.473 50.416 50.368 50.338 50.283 50.231 50.178 50.133 50.051 50.023 49.978 49.913 49.861 49.806 49.796 49.773 49.701 49.668 49.646 49.623 49.586 49.578
54.868 54.718 54.558 54.418 54.283 54.186 54.066 53.961 53.861 53.776 53.681 53.616 53.513 53.398 53.288 53.198 53.078 53.003 52.933 52.863 52.771 52.703 52.626 52.538 52.448 52.376 52.248 52.131 52.021 51.921 51.773 51.636 51.548 51.423 51.346 51.293 51.173 51.136 51.093 50.993 50.888 50.756 50.781 50.811 51.501 51.136 50.611 50.526 50.461 50.441 50.353 50.286 50.286 50.263 50.181 50.131 50.066 50.023 49.986 49.926 49.903 49.836 49.796 49.716 49.696 49.648 49.603 49.566 49.543 49.516 49.543
54.773 54.626 54.461 54.333 54.188 54.083 53.986 53.893 53.743 53.681 53.586 53.513 53.388 53.276 53.201 53.088 52.983 52.913 52.838 52.753 52.661 52.631 52.528 52.463 52.386 52.286 52.166 52.068 51.953 51.838 51.733 51.626 51.491 51.368 51.313 51.238 51.161 51.098 51.056 50.986 50.903 50.778 50.618 50.666 51.258 51.428 50.788 50.491 50.398 50.376 50.318 50.241 50.213 50.198 50.156 50.093 50.046 50.011 49.956 49.928 49.863 49.801 49.751 49.681 49.633 49.601 49.576 49.521 49.481 49.443 49.436
54.681 54.516 54.371 54.246 54.136 53.983 53.883 53.778 53.701 53.588 53.493 53.368 53.298 53.191 53.093 52.993 52.886 52.811 52.723 52.673 52.596 52.531 52.448 52.381 52.286 52.178 52.093 52.003 51.901 51.763 51.691 51.586 51.476 51.356 51.283 51.208 51.133 51.083 50.996 50.946 50.886 50.808 50.661 50.538 50.586 50.761 51.443 50.691 50.363 50.298 50.258 50.198 50.111 50.113 50.078 50.043 50.008 49.963 49.916 49.891 49.821 49.763 49.746 49.666 49.591 49.566 49.523 49.483 49.428 49.388 49.348
54.586 54.416 54.286 54.158 54.046 53.908 53.798 53.701 53.578 53.488 53.376 53.278 53.161 53.056 52.981 52.873 52.803 52.698 52.628 52.571 52.481 52.451 52.366 52.278 52.198 52.108 52.011 51.891 51.818 51.721 51.611 51.513 51.403 51.341 51.256 51.171 51.116 51.063 50.961 50.876 50.828 50.743 50.676 50.531 50.456 50.458 50.868 51.278 50.528 50.233 50.221 50.173 50.111 50.031 50.031 50.021 49.973 49.921 49.876 49.848 49.791 49.726 49.681 49.626 49.573 49.511 49.463 49.396 49.363 49.318 49.281
54.511 54.338 54.193 54.071 53.938 53.848 53.736 53.626 53.501 53.393 53.298 53.173 53.068 52.968 52.856 52.791 52.728 52.656 52.586 52.516 52.426 52.378 52.308 52.221 52.143 52.031 51.916 51.796 51.711 51.633 51.523 51.463 51.383 51.303 51.258 51.156 51.071 51.006 50.931 50.828 50.763 50.716 50.656 50.526 50.356 50.318 50.263 51.001 51.011 50.336 50.158 50.113 50.093 50.003 49.958 49.978 49.938 49.896 49.836 49.798 49.748 49.696 49.646 49.591 49.528 49.453 49.388 49.351 49.301 49.268 49.226
54.408 54.271 54.133 53.998 53.871 53.756 53.621 53.503 53.396 53.303 53.208 53.096 52.956 52.883 52.778 52.683 52.618 52.571 52.531 52.436 52.373 52.298 52.208 52.138 52.033 51.948 51.811 51.726 51.633 51.548 51.471 51.386 51.323 51.253 51.193 51.128 51.031 50.971 50.876 50.816 50.726 50.683 50.626 50.536 50.421 50.288 50.278 50.296 51.366 50.776 50.196 50.076 49.996 49.991 49.908 49.878 49.883 49.843 49.813 49.771 49.726 49.678 49.598 49.533 49.481 49.433 49.363 49.293 49.256 49.201 49.156
54.323 54.176 54.068 53.901 53.776 53.638 53.566 53.446 53.313 53.211 53.081 52.968 52.878 52.788 52.693 52.626 52.541 52.478 52.441 52.348 52.306 52.218 52.143 52.043 51.938 51.853 51.753 51.646 51.561 51.483 51.366 51.296 51.233 51.166 51.146 51.078 51.018 50.946 50.856 50.791 50.711 50.641 50.566 50.506 50.428 50.303 50.201 50.253 50.536 51.236 50.478 50.056 49.956 49.938 49.893 49.818 49.806 49.803 49.766 49.718 49.668 49.628 49.556 49.498 49.438 49.396 49.353 49.248 49.208 49.151 49.116
54.253 54.128 54.001 53.866 53.713 53.621 53.483 53.373 53.228 53.101 52.986 52.876 52.778 52.686 52.588 52.503 52.451 52.388 52.338 52.276 52.221 52.138 52.041 51.976 51.873 51.761 51.661 51.583 51.483 51.391 51.288 51.216 51.146 51.111 51.076 51.031 50.963 50.908 50.796 50.728 50.663 50.561 50.493 50.461 50.391 50.361 50.271 50.148 50.186 50.793 51.176 50.196 49.911 49.841 49.826 49.793 49.756 49.733 49.706 49.668 49.631 49.571 49.523 49.446 49.386 49.308 49.258 49.196 49.148 49.101 49.078
54.218 54.076 53.958 53.806 53.676 53.523 53.398 53.271 53.138 52.996 52.888 52.778 52.678 52.598 52.501 52.451 52.401 52.298 52.238 52.191 52.118 52.051 51.968 51.868 51.781 51.661 51.601 51.506 51.433 51.338 51.241 51.148 51.093 51.036 50.996 50.946 50.883 50.856 50.773 50.668 50.596 50.523 50.458 50.398 50.373 50.326 50.296 50.146 50.083 50.116 50.793 50.796 49.968 49.791 49.736 49.731 49.708 49.658 49.638 49.588 49.571 49.511 49.461 49.383 49.321 49.248 49.213 49.161 49.106 49.063 49.033
54.171 54.016 53.871 53.743 53.658 53.486 53.331 53.181 53.016 52.901 52.788 52.686 52.596 52.498 52.408 52.358 52.293 52.243 52.163 52.093 52.021 51.943 51.863 51.773 51.686 51.578 51.486 51.418 51.341 51.268 51.188 51.108 51.038 50.991 50.951 50.916 50.843 50.788 50.693 50.628 50.561 50.496 50.416 50.346 50.313 50.293 50.273 50.183 50.033 49.998 50.098 50.666 50.406 49.801 49.698 49.658 49.636 49.591 49.591 49.546 49.503 49.468 49.408 49.371 49.291 49.238 49.173 49.123 49.078 49.046 48.991
54.076 53.973 53.821 53.706 53.556 53.421 53.298 53.126 52.958 52.836 52.706 52.601 52.498 52.403 52.328 52.253 52.196 52.133 52.081 52.011 51.961 51.891 51.786 51.688 51.588 51.498 51.408 51.353 51.266 51.213 51.131 51.056 51.021 50.913 50.866 50.826 50.761 50.723 50.661 50.571 50.503 50.453 50.401 50.308 50.231 50.201 50.193 50.158 50.061 49.953 49.946 50.088 51.013 50.056 49.721 49.618 49.556 49.561 49.496 49.448 49.448 49.418 49.371 49.328 49.258 49.188 49.123 49.063 49.033 49.006 48.968
54.013 53.896 53.753 53.648 53.508 53.361 53.236 53.081 52.923 52.763 52.613 52.526 52.408 52.303 52.233 52.168 52.088 52.051 51.973 51.916 51.851 51.773 51.671 51.603 51.508 51.411 51.328 51.251 51.188 51.131 51.066 51.018 50.931 50.893 50.833 50.791 50.716 50.651 50.608 50.533 50.453 50.388 50.328 50.278 50.223 50.143 50.113 50.118 50.078 49.971 49.846 49.841 50.216 50.601 49.821 49.606 49.518 49.483 49.448 49.421 49.381 49.351 49.321 49.273 49.211 49.138 49.086 49.023 48.966 48.938 48.946
53.948 53.796 53.688 53.606 53.466 53.331 53.176 53.028 52.868 52.673 52.568 52.448 52.346 52.236 52.146 52.096 51.998 51.943 51.881 51.823 51.731 51.666 51.566 51.503 51.403 51.336 51.248 51.188 51.111 51.043 51.011 50.968 50.901 50.851 50.783 50.761 50.706 50.601 50.546 50.518 50.426 50.336 50.273 50.223 50.188 50.116 50.041 50.056 50.041 49.991 49.886 49.768 49.763 50.138 50.141 49.646 49.493 49.431 49.406 49.398 49.313 49.276 49.238 49.211 49.183 49.126 49.056 48.981 48.928 48.896 48.873
53.853 53.753 53.616 53.511 53.376 53.246 53.113 52.946 52.798 52.626 52.491 52.378 52.268 52.168 52.093 51.993 51.916 51.861 51.798 51.696 51.626 51.523 51.426 51.376 51.298 51.238 51.151 51.068 51.011 50.973 50.921 50.901 50.858 50.798 50.748 50.701 50.638 50.591 50.508 50.426 50.358 50.313 50.248 50.173 50.143 50.086 50.026 49.988 49.973 49.966 49.863 49.731 49.658 49.648 51.066 50.098 49.513 49.378 49.338 49.298 49.266 49.228 49.196 49.126 49.123 49.108 49.033 48.963 48.906 48.856 48.811
53.808 53.681 53.551 53.418 53.276 53.166 53.023 52.886 52.728 52.598 52.428 52.306 52.211 52.113 52.026 51.918 51.833 51.773 51.718 51.611 51.538 51.441 51.358 51.263 51.171 51.106 51.038 50.988 50.938 50.896 50.868 50.843 50.801 50.761 50.711 50.621 50.593 50.513 50.428 50.368 50.321 50.248 50.203 50.143 50.093 50.031 50.013 49.956 49.918 49.896 49.846 49.788 49.623 49.631 50.026 50.853 49.681 49.376 49.273 49.221 49.213 49.171 49.153 49.116 49.061 49.051 49.016 48.941 48.896 48.841 48.783
53.746 53.606 53.498 53.326 53.201 53.071 52.913 52.753 52.658 52.531 52.396 52.248 52.146 52.028 51.941 51.866 51.766 51.698 51.606 51.543 51.421 51.346 51.228 51.176 51.088 51.016 50.966 50.911 50.856 50.828 50.796 50.761 50.728 50.686 50.641 50.591 50.551 50.481 50.401 50.343 50.256 50.188 50.123 50.091 50.028 50.011 49.973 49.928 49.876 49.876 49.828 49.773 49.701 49.576 49.658 50.258 50.338 49.598 49.246 49.158 49.141 49.151 49.118 49.066 49.028 49.011 48.973 48.911 48.861 48.833 48.766
53.691 53.546 53.438 53.273 53.103 52.961 52.833 52.686 52.533 52.413 52.308 52.176 52.073 51.986 51.896 51.798 51.733 51.638 51.503 51.456 51.351 51.241 51.148 51.071 50.988 50.918 50.876 50.821 50.768 50.726 50.708 50.688 50.661 50.623 50.596 50.546 50.498 50.428 50.383 50.273 50.208 50.136 50.061 50.043 49.988 49.931 49.921 49.886 49.851 49.768 49.786 49.761 49.696 49.626 49.471 49.671 49.841 50.043 49.418 49.148 49.058 49.031 49.063 49.016 48.971 48.946 48.923 48.898 48.843 48.793 48.773
53.636 53.511 53.356 53.221 53.056 52.891 52.756 52.603 52.473 52.338 52.218 52.116 51.991 51.921 51.836 51.753 51.668 51.563 51.473 51.371 51.296 51.178 51.073 50.981 50.898 50.831 50.766 50.706 50.678 50.638 50.636 50.591 50.563 50.541 50.511 50.478 50.413 50.368 50.321 50.208 50.171 50.098 50.038 50.008 49.946 49.891 49.861 49.813 49.783 49.736 49.686 49.696 49.623 49.591 49.486 49.428 49.541 50.031 49.646 49.221 49.058 48.958 48.926 48.958 48.918 48.893 48.873 48.856 48.826 48.778 48.721
53.553 53.443 53.306 53.156 52.993 52.831 52.668 52.528 52.391 52.238 52.156 52.041 51.923 51.833 51.763 51.671 51.583 51.491 51.398 51.303 51.211 51.108 51.011 50.921 50.821 50.731 50.716 50.653 50.618 50.563 50.541 50.516 50.488 50.463 50.433 50.406 50.348 50.293 50.248 50.186 50.098 50.058 50.013 49.968 49.911 49.876 49.831 49.783 49.728 49.681 49.628 49.621 49.608 49.551 49.513 49.453 49.428 49.551 50.433 49.503 49.093 48.961 48.868 48.896 48.881 48.856 48.811 48.798 48.753 48.728 48.691
53.498 53.358 53.233 53.081 52.928 52.756 52.583 52.451 52.311 52.171 52.051 51.931 51.848 51.766 51.681 51.578 51.493 51.423 51.333 51.248 51.143 51.021 50.936 50.841 50.766 50.703 50.648 50.611 50.533 50.521 50.483 50.456 50.416 50.376 50.341 50.303 50.258 50.218 50.166 50.123 50.053 50.003 49.961 49.923 49.868 49.828 49.778 49.741 49.698 49.648 49.618 49.571 49.561 49.526 49.486 49.431 49.333 49.383 49.723 50.266 49.286 48.958 48.823 48.796 48.836 48.811 48.766 48.758 48.731 48.686 48.668
53.403 53.293 53.141 53.013 52.858 52.686 52.538 52.401 52.266 52.108 51.978 51.881 51.766 51.676 51.603 51.501 51.413 51.326 51.248 51.158 51.068 50.976 50.871 50.781 50.703 50.633 50.598 50.526 50.496 50.473 50.433 50.406 50.368 50.331 50.308 50.233 50.171 50.116 50.076 50.028 49.993 49.943 49.903 49.863 49.823 49.778 49.768 49.706 49.668 49.616 49.583 49.541 49.486 49.496 49.471 49.421 49.378 49.226 49.383 50.071 50.046 49.161 48.868 48.766 48.721 48.786 48.716 48.696 48.673 48.641 48.621
53.341 53.208 53.063 52.928 52.756 52.593 52.466 52.318 52.183 52.046 51.916 51.793 51.656 51.593 51.531 51.428 51.343 51.246 51.151 51.071 50.958 50.863 50.798 50.711 50.638 50.586 50.548 50.481 50.443 50.406 50.381 50.376 50.326 50.238 50.233 50.173 50.128 50.071 49.993 49.956 49.928 49.903 49.846 49.788 49.756 49.746 49.713 49.673 49.623 49.583 49.556 49.508 49.441 49.423 49.411 49.383 49.323 49.208 49.116 49.321 50.143 49.543 48.878 48.728 48.668 48.656 48.653 48.628 48.608 48.596 48.568
53.218 53.131 52.983 52.821 52.656 52.521 52.403 52.223 52.098 51.963 51.853 51.721 51.633 51.546 51.423 51.343 51.271 51.193 51.071 50.988 50.881 50.778 50.693 50.636 50.583 50.543 50.496 50.461 50.436 50.376 50.356 50.336 50.298 50.241 50.186 50.108 50.078 50.033 49.941 49.891 49.868 49.811 49.768 49.716 49.701 49.691 49.646 49.588 49.603 49.571 49.511 49.461 49.423 49.378 49.346 49.336 49.283 49.203 49.063 49.016 49.363 49.858 49.116 48.758 48.618 48.571 48.586 48.583 48.568 48.538 48.503
53.173 53.053 52.908 52.738 52.608 52.436 52.323 52.181 52.048 51.886 51.763 51.673 51.566 51.463 51.363 51.286 51.203 51.083 50.993 50.903 50.808 50.723 50.653 50.553 50.511 50.463 50.428 50.406 50.396 50.336 50.321 50.311 50.258 50.193 50.126 50.073 50.021 49.943 49.896 49.858 49.801 49.741 49.711 49.668 49.598 49.603 49.603 49.571 49.511 49.498 49.451 49.418 49.383 49.346 49.318 49.283 49.238 49.143 49.071 48.926 48.968 49.136 49.528 48.926 48.596 48.548 48.511 48.538 48.523 48.481 48.461
53.108 52.971 52.823 52.681 52.531 52.373 52.226 52.081 51.961 51.821 51.716 51.603 51.481 51.391 51.298 51.223 51.133 51.011 50.926 50.823 50.723 50.616 50.556 50.496 50.426 50.398 50.368 50.366 50.356 50.326 50.278 50.246 50.211 50.148 50.103 50.033 49.966 49.906 49.831 49.788 49.753 49.688 49.653 49.596 49.581 49.548 49.533 49.508 49.486 49.453 49.398 49.388 49.348 49.298 49.253 49.203 49.186 49.116 49.053 48.938 48.803 48.871 48.783 49.156 48.646 48.491 48.423 48.471 48.483 48.441 48.398
