data/LIDAR-DSM-2M-NZ24se/nz2842_DSM_2M.asc
ncols 500
nrows 500
xllcorner    428000
yllcorner    542000
cellsize     2
NODATA_value -9999
[rows 128 to 159 of 500, columns 365 to 437 of 500]
91.286 91.378 91.276 91.366 91.296 91.336 91.356 91.366 91.281 91.281 91.318 92.298 94.211 91.891 97.121 100.058 100.653 101.003 100.396 99.776 99.141 98.908 99.453 100.063 99.743 91.878 91.036 90.978 90.971 90.931 90.868 90.628 90.598 90.888 90.851 95.143 97.441 97.473 94.496 90.133 90.171 90.171 90.181 90.713 96.046 98.143 96.886 90.993 90.623 90.213 89.838 89.818 89.888 89.843 89.853 92.388 93.561 94.151 93.286 90.881 89.788 89.786 89.763 89.751 89.728 89.786 89.871 91.071 92.886 90.371 90.051 91.061 90.456
91.273 91.251 91.293 91.311 91.321 91.371 91.341 91.333 91.296 91.271 91.271 91.243 91.281 91.336 91.413 92.526 94.983 100.496 100.196 99.566 98.883 99.066 99.638 100.266 100.588 97.186 94.238 91.351 90.948 90.903 90.781 90.593 90.858 90.361 91.913 95.266 97.286 97.333 94.643 90.131 90.168 90.163 90.441 90.931 96.041 97.578 96.813 95.788 94.323 91.553 89.863 89.813 89.876 89.823 89.796 92.388 93.583 94.131 93.218 90.403 89.786 89.791 89.736 89.746 89.716 89.761 89.838 91.063 92.971 90.658 90.833 91.001 90.341
95.353 92.436 91.306 91.276 91.313 91.273 91.283 91.343 91.291 91.316 91.276 91.266 91.246 91.236 91.208 91.223 91.828 95.588 99.796 99.053 95.166 99.268 99.888 100.481 100.713 100.076 99.488 97.591 96.046 94.863 92.346 90.556 91.066 91.481 94.983 96.106 97.218 97.386 95.341 90.306 90.288 90.186 90.638 91.113 95.983 97.533 96.978 95.683 92.568 91.138 89.808 89.773 89.863 89.831 89.963 92.476 93.638 94.123 93.176 90.366 89.801 89.788 89.698 89.738 89.698 89.763 89.851 91.111 93.056 91.148 90.073 90.496 90.223
98.461 98.033 96.316 93.291 91.693 91.311 91.243 91.258 91.256 91.291 91.288 91.213 91.181 91.203 91.118 91.133 91.148 91.181 92.311 93.193 93.881 98.908 100.083 100.688 100.521 99.896 99.311 98.726 98.893 99.486 100.106 95.401 91.016 91.188 94.808 95.928 97.188 97.441 95.248 90.496 90.598 90.163 90.273 90.656 95.928 97.533 97.048 95.553 91.506 89.988 89.788 89.776 89.866 89.836 89.968 92.468 93.691 94.096 93.143 90.273 89.776 89.783 89.711 89.731 89.706 89.791 89.831 91.181 92.851 91.636 90.313 89.883 90.376
99.698 99.528 98.783 98.361 97.678 96.006 94.043 91.563 91.191 91.173 91.206 91.196 91.116 91.186 91.153 91.118 91.113 91.146 91.068 91.111 91.153 91.558 96.761 100.338 100.273 99.683 99.106 98.428 99.108 99.721 100.298 94.291 90.783 90.791 92.316 94.473 97.121 97.663 95.713 90.308 90.261 90.171 90.498 90.863 95.626 97.668 97.103 93.361 90.481 90.031 89.776 89.756 89.848 89.831 89.843 92.488 93.723 94.101 93.088 90.328 89.736 89.831 89.703 89.713 89.706 89.791 89.873 90.566 91.863 91.653 91.488 91.426 91.458
98.896 99.408 99.488 99.341 99.131 98.658 97.538 91.496 91.168 91.131 91.096 91.116 91.081 91.086 91.096 91.091 91.128 91.166 91.058 90.983 91.073 91.068 91.448 96.211 98.853 99.501 95.621 97.003 99.326 99.921 100.006 92.443 90.468 90.538 90.863 94.236 97.451 97.958 95.466 90.221 90.233 90.148 90.191 90.443 95.593 97.506 97.128 93.643 90.376 89.981 89.758 89.691 89.816 89.823 90.001 92.651 93.746 94.083 93.068 90.398 89.781 90.051 89.696 89.721 89.711 89.791 89.823 90.546 90.898 89.646 89.688 89.758 90.686
97.248 98.101 98.598 99.078 99.371 99.641 99.166 91.351 91.131 91.131 91.031 91.053 91.098 91.078 91.028 91.041 91.058 91.048 91.061 91.066 91.013 90.976 90.946 90.968 91.173 92.726 92.038 95.713 99.208 100.121 98.873 90.661 90.453 90.418 93.016 95.263 97.013 97.581 94.806 90.446 90.573 90.113 90.078 90.088 95.496 97.503 97.206 95.916 91.528 90.778 89.818 89.676 89.748 89.766 89.963 91.946 92.116 92.996 91.833 91.358 90.058 89.733 89.696 89.696 89.688 89.763 89.771 90.653 90.768 89.513 89.511 89.551 90.868
92.093 93.926 96.698 97.878 98.266 98.736 97.368 91.893 91.101 91.091 91.008 91.116 91.376 91.146 91.061 90.993 90.973 90.991 90.976 90.993 90.971 90.983 90.948 90.918 90.896 90.913 90.896 90.946 92.358 97.211 94.158 90.668 90.436 90.401 94.538 96.071 96.966 97.636 94.641 90.223 90.243 90.146 90.071 90.026 95.346 97.476 97.251 95.963 92.248 90.216 89.733 89.648 89.693 89.681 89.673 89.693 89.683 89.681 89.693 89.746 89.731 89.708 89.723 89.723 89.926 89.721 89.736 90.453 90.706 89.483 89.493 89.501 90.688
91.323 94.538 97.033 97.498 96.576 97.216 95.631 91.621 91.083 91.036 91.096 92.006 96.106 92.873 91.328 91.328 91.786 90.951 90.918 90.918 90.883 90.881 90.863 90.876 90.898 90.881 90.788 90.801 90.828 90.886 90.818 90.688 90.473 90.836 93.858 96.258 96.951 97.621 95.666 90.138 90.116 90.101 90.421 90.661 95.211 97.438 97.251 95.811 92.073 90.043 89.818 89.616 89.658 89.603 89.616 89.746 89.673 89.793 90.068 89.821 89.686 89.658 89.748 89.721 89.703 89.856 89.723 90.478 90.506 89.476 89.498 89.471 90.918
91.273 93.471 96.118 97.201 93.138 91.473 92.073 91.863 91.043 90.988 91.331 96.356 98.541 97.951 97.218 96.343 97.386 94.516 91.926 90.881 90.851 90.816 90.831 90.818 90.843 90.858 90.778 90.756 90.721 90.668 90.706 90.653 90.648 92.331 93.066 95.178 96.843 97.636 96.231 90.186 90.096 90.098 90.346 90.758 95.068 97.526 97.356 94.553 90.818 90.201 89.653 89.586 89.621 89.938 89.711 89.616 89.631 89.576 89.936 89.913 89.686 89.668 89.668 90.473 89.713 90.073 89.711 90.516 90.436 89.491 89.508 89.478 90.521
91.338 93.333 94.983 95.778 91.741 91.323 91.373 91.183 91.046 91.011 91.526 97.473 98.708 98.898 98.686 98.591 98.631 98.151 96.661 93.571 91.528 91.023 90.821 90.751 90.751 90.763 90.746 90.738 90.743 90.671 90.618 90.576 90.541 91.013 91.583 94.048 96.708 97.873 96.348 90.551 90.086 90.046 90.041 89.943 94.856 97.313 97.293 96.083 92.463 89.696 89.646 89.563 89.621 90.108 90.146 90.523 90.408 89.873 89.536 89.596 89.733 89.526 89.593 90.636 89.796 89.901 89.656 90.301 90.671 90.268 90.546 89.396 90.513
91.148 91.996 94.146 94.006 93.906 92.791 91.363 90.996 91.018 91.033 91.351 95.528 97.456 97.983 98.448 97.971 98.538 98.953 98.768 94.926 96.183 96.228 94.446 92.343 91.103 91.461 91.013 90.701 90.703 90.676 90.618 90.616 90.516 90.503 90.431 91.038 93.363 96.256 96.286 90.431 90.081 90.048 90.001 89.896 94.038 97.243 97.328 95.568 92.053 89.678 89.611 89.531 89.596 90.746 92.833 92.851 92.876 92.421 91.396 92.053 91.503 90.341 89.783 90.383 90.256 89.783 89.613 90.768 91.853 91.951 90.713 89.291 90.438
91.011 90.996 91.383 92.671 93.223 91.988 91.093 90.986 90.973 91.011 91.133 91.671 93.216 96.048 96.761 96.163 96.981 97.826 97.538 93.351 97.326 97.691 97.588 96.421 94.516 91.526 90.691 90.618 91.043 90.803 90.573 90.641 90.548 90.533 90.443 90.358 90.313 90.701 93.551 90.428 90.098 90.036 90.018 89.903 92.388 97.208 97.331 95.081 91.891 89.668 89.563 89.513 89.608 90.823 93.761 93.788 93.791 93.538 93.248 93.263 93.231 92.778 92.688 92.748 92.028 91.821 91.856 91.588 90.896 92.011 91.646 90.356 90.233
91.623 91.098 91.103 91.108 91.161 91.288 91.488 91.616 90.991 91.001 91.806 91.553 91.301 92.623 93.838 92.133 92.308 93.588 92.486 93.151 96.211 96.923 98.106 97.648 97.103 96.576 93.406 91.091 90.823 91.216 90.603 90.566 90.538 90.538 90.483 90.416 90.316 90.263 90.211 90.136 90.136 90.096 90.018 89.868 92.206 97.151 97.376 95.196 91.813 89.753 89.661 89.478 89.591 90.988 93.923 93.878 93.888 94.131 94.061 94.051 94.026 93.681 93.676 93.701 93.488 93.261 93.278 90.788 89.756 91.238 93.121 90.336 90.313
92.383 91.566 91.166 91.888 91.523 91.081 91.136 92.123 90.978 91.141 91.508 91.476 91.276 91.293 91.288 91.308 91.483 91.363 91.576 92.346 96.026 96.661 97.663 98.388 98.256 97.838 97.581 96.906 95.223 93.348 91.023 90.498 90.486 90.466 90.431 90.448 90.393 90.343 90.333 90.233 90.113 90.071 90.031 89.901 93.746 97.138 97.411 95.363 92.168 90.043 89.638 89.471 89.573 90.928 92.998 92.986 92.963 93.576 93.501 93.493 93.688 94.086 94.001 93.956 93.878 93.493 93.423 90.928 89.831 90.786 95.518 95.506 94.481
93.986 93.936 91.546 92.441 92.353 91.353 91.643 91.123 90.978 91.068 91.653 91.998 91.331 91.406 91.378 91.366 91.348 91.281 91.533 92.043 95.746 96.511 97.218 97.678 98.148 97.813 97.756 97.948 97.591 96.971 94.961 92.046 90.708 90.406 90.386 90.363 90.358 90.321 90.376 90.301 90.188 90.143 90.058 89.923 91.458 94.653 96.186 95.103 92.136 89.833 89.831 89.473 89.646 90.376 91.163 90.563 91.363 91.876 92.598 92.436 92.416 93.123 93.083 93.078 92.648 92.486 92.388 90.948 93.021 95.548 96.046 96.726 96.648
96.406 94.103 92.391 96.091 95.071 92.628 91.571 91.406 91.001 91.213 92.041 91.616 91.378 91.476 91.481 91.478 91.433 91.313 92.948 91.516 91.668 94.671 96.026 96.723 95.671 94.956 96.481 97.093 97.656 97.876 97.643 95.308 93.378 91.768 90.471 90.388 90.283 90.263 90.256 90.236 90.288 90.203 90.108 90.033 89.958 89.858 90.548 91.036 90.686 89.933 89.873 89.501 89.558 89.623 89.553 89.513 89.543 89.751 90.178 89.791 90.641 91.176 90.916 91.233 90.613 90.011 90.341 90.026 95.241 96.503 96.591 97.351 97.863
98.373 97.853 97.608 97.288 95.158 91.588 91.598 91.781 90.996 91.016 91.233 91.361 91.971 94.521 91.993 91.528 91.508 91.373 91.941 92.093 91.446 93.706 94.098 94.651 91.943 91.948 93.716 94.518 95.691 96.636 97.381 96.458 96.496 96.333 92.141 90.378 90.243 90.198 90.208 90.173 90.173 90.171 90.133 90.091 90.008 89.921 89.866 89.778 89.723 89.716 89.671 89.498 89.496 89.698 89.678 89.528 89.536 89.548 89.471 89.508 89.501 89.526 89.486 89.721 89.471 90.173 90.621 89.678 94.146 95.691 95.941 96.191 96.453
99.296 99.138 98.761 98.388 97.613 96.018 92.033 91.413 90.991 91.036 91.251 91.466 93.686 95.198 95.931 94.858 91.666 91.476 91.761 92.263 91.071 91.513 92.981 93.701 90.808 92.421 92.718 92.356 92.958 93.673 95.788 96.158 96.656 96.453 91.818 90.776 90.561 90.203 90.143 90.126 90.121 90.098 90.083 90.041 90.016 89.946 89.878 89.858 89.713 89.666 89.558 89.483 89.491 89.556 89.698 89.881 89.721 89.548 89.523 89.403 89.421 89.418 89.416 89.613 89.468 90.283 90.171 90.108 90.256 90.651 92.381 93.931 94.521
98.396 98.841 99.206 99.358 99.173 98.246 91.373 91.263 90.998 91.081 91.308 91.801 94.646 95.523 96.038 92.731 91.561 91.408 91.471 92.228 91.106 90.976 92.926 93.326 90.798 92.328 92.456 90.848 91.241 92.511 93.123 94.856 96.626 96.556 92.543 90.861 91.346 90.256 90.133 90.113 90.081 90.046 90.048 89.998 89.968 89.926 89.876 89.798 89.781 89.723 89.671 89.601 89.571 89.501 89.448 89.456 89.446 89.411 89.391 89.348 89.493 89.508 89.368 89.376 89.523 90.136 89.578 89.961 89.781 89.206 89.221 89.311 89.531
95.253 96.386 97.553 98.511 98.883 98.458 91.638 91.953 91.031 91.126 91.356 93.266 95.098 95.851 95.843 94.903 92.861 91.431 91.446 92.121 91.051 91.153 92.861 93.533 90.806 91.891 92.546 91.053 91.008 90.823 92.191 94.863 96.566 96.538 93.943 90.491 90.571 90.178 90.151 90.096 90.043 90.008 89.948 89.948 89.911 89.888 89.851 89.793 89.741 89.706 89.641 89.651 89.581 89.538 89.491 89.496 89.408 89.373 89.301 89.281 89.311 89.281 89.263 89.273 89.308 89.378 89.288 89.893 89.378 89.191 89.233 89.251 89.183
91.343 91.291 92.043 94.953 97.633 96.506 91.343 91.631 91.068 91.168 91.338 93.016 95.408 96.031 95.538 94.708 92.388 91.433 91.436 92.088 91.091 91.246 91.868 92.016 91.156 91.581 94.133 92.226 90.888 91.793 93.913 95.243 96.491 96.563 92.436 90.421 90.296 90.213 90.163 90.103 90.063 90.003 89.938 89.898 89.838 89.811 89.783 89.768 89.696 89.721 89.591 89.598 89.653 89.603 89.553 89.556 89.498 89.461 89.373 89.328 89.336 89.198 89.218 89.213 89.148 89.156 89.151 89.208 89.146 89.136 89.131 89.618 89.816
91.308 91.383 91.378 91.396 92.593 93.303 91.131 91.108 91.073 91.191 91.386 91.553 93.943 95.476 95.433 93.771 91.551 91.483 91.431 91.883 91.111 91.138 91.553 91.738 91.073 91.891 93.276 90.901 91.086 94.586 93.863 95.718 94.716 95.523 92.093 90.448 90.341 90.236 90.221 90.141 90.071 90.546 90.576 90.046 89.873 89.786 89.728 89.703 89.663 89.711 89.653 89.583 89.603 89.546 89.501 89.476 89.466 89.396 89.381 89.363 89.436 89.326 89.296 89.251 89.211 89.123 89.151 89.116 89.063 89.053 89.048 89.033 89.033
91.346 91.898 91.266 91.243 91.921 93.248 91.896 91.138 91.103 91.241 91.401 91.968 94.496 95.328 96.048 92.843 91.631 91.508 91.793 92.203 91.293 91.156 91.503 91.071 91.036 91.906 92.638 90.871 91.398 94.213 95.558 95.866 93.603 93.353 91.793 90.463 90.288 90.193 90.163 90.126 90.386 90.128 90.028 90.148 90.753 90.011 89.748 89.736 89.676 89.661 89.578 89.551 89.561 90.148 90.006 89.798 89.496 89.388 89.313 89.383 89.286 89.366 89.343 89.291 89.276 89.263 89.231 89.196 89.128 89.128 89.096 89.138 88.988
91.333 92.556 91.266 91.298 91.341 91.706 92.441 91.196 91.131 91.253 91.426 92.848 94.893 95.648 95.093 92.221 91.941 91.553 91.583 91.861 91.238 91.078 91.646 91.031 90.996 91.751 92.098 90.788 90.781 91.516 92.573 93.473 92.416 92.566 90.706 90.691 90.248 90.841 90.688 90.478 90.456 90.416 90.443 90.333 90.213 89.893 89.756 89.716 89.668 89.678 89.576 89.551 89.516 89.481 89.686 89.478 89.443 89.398 89.398 89.363 89.283 89.263 89.238 89.213 89.208 89.208 89.203 89.203 89.118 89.153 89.118 89.021 89.038
91.388 91.881 91.753 91.293 91.393 91.933 93.276 92.196 91.201 91.266 91.528 93.961 95.223 95.918 95.738 94.906 92.323 91.461 92.101 92.013 91.033 91.091 91.541 91.113 91.661 91.536 91.523 90.741 90.756 90.888 91.356 91.901 91.181 90.743 90.576 91.181 90.228 90.628 90.646 90.411 90.046 90.053 89.998 90.021 90.191 90.316 90.333 89.943 89.771 89.661 89.573 89.546 89.493 89.476 89.416 89.403 89.386 89.338 89.331 89.306 89.283 89.246 89.226 89.183 89.193 89.166 89.113 89.076 89.098 89.076 89.093 89.116 89.043
91.273 91.196 91.276 91.301 91.361 92.188 93.303 92.273 91.266 91.233 91.693 94.186 95.548 96.001 95.401 94.648 91.536 91.433 92.341 92.176 91.041 91.076 91.806 91.066 90.911 91.246 91.246 90.761 90.743 91.683 90.803 91.038 91.026 90.796 90.853 91.338 90.638 90.276 90.346 89.916 89.898 89.921 89.931 89.921 89.888 89.886 89.851 89.843 90.121 90.236 90.126 89.753 89.543 89.488 89.443 89.416 89.383 89.343 89.316 89.263 89.243 89.206 89.148 89.106 89.088 89.098 89.068 89.068 89.066 89.066 88.986 88.968 89.021
91.273 91.156 91.173 91.276 91.451 92.338 92.946 91.556 91.276 91.281 91.301 91.373 92.021 93.281 94.933 93.081 91.473 91.411 92.248 92.176 91.076 91.141 91.208 90.953 90.798 92.021 91.533 90.816 90.731 91.088 90.788 91.388 92.348 90.768 90.876 91.723 92.211 92.466 91.801 90.366 90.006 89.838 89.846 89.848 89.843 89.868 89.833 89.801 89.803 89.763 89.818 89.948 89.873 89.708 89.683 89.461 89.361 89.343 89.323 89.293 89.256 89.231 89.183 89.171 89.106 89.076 89.026 89.008 88.978 88.953 88.906 88.906 88.876
91.408 91.183 91.251 91.293 91.301 92.168 92.998 91.648 91.326 91.308 91.323 91.338 91.841 91.948 92.556 91.556 91.618 91.451 91.671 91.731 91.091 91.136 91.088 90.828 90.803 92.456 90.846 90.713 90.706 90.791 90.723 91.283 91.968 90.758 90.868 92.191 92.558 92.448 92.476 90.891 90.806 95.151 93.496 92.273 90.231 90.243 90.258 89.873 89.781 89.753 89.706 89.668 89.641 89.611 89.736 89.746 90.226 89.476 89.328 89.328 89.278 89.251 89.183 89.223 89.888 89.856 89.211 89.128 88.998 88.983 88.953 88.911 88.883
91.458 91.258 91.268 91.391 91.318 92.728 92.931 91.673 91.361 91.341 91.346 91.393 91.796 91.818 91.661 91.461 91.488 91.481 91.573 91.921 91.036 91.058 91.001 90.843 90.798 92.053 91.183 90.751 90.698 90.713 90.661 91.768 92.253 90.766 90.816 92.861 91.496 91.091 92.018 92.756 93.581 96.041 96.776 96.523 96.081 94.688 92.903 92.221 89.831 89.786 89.701 89.673 89.638 89.623 89.558 89.586 90.103 89.396 89.378 89.631 89.896 89.418 89.548 89.581 89.521 89.311 89.288 89.838 89.318 89.058 89.386 89.241 88.901
91.606 92.356 91.928 91.821 92.881 92.983 92.276 91.371 91.406 91.396 91.376 91.961 91.818 91.751 91.493 91.443 91.406 91.363 91.976 91.816 91.011 91.038 90.956 90.853 90.798 91.703 91.686 90.786 90.741 91.106 90.681 91.231 91.656 90.841 90.803 92.488 90.388 90.253 90.483 91.558 93.566 95.638 96.311 96.636 96.443 95.326 92.958 95.428 95.793 93.538 92.161 89.988 89.658 89.631 89.596 89.643 89.826 89.821 89.246 89.121 89.146 89.108 89.091 89.286 89.958 90.126 89.876 89.811 89.578 89.398 89.601 89.566 88.911
92.133 93.936 94.216 93.243 92.743 93.383 92.131 91.421 91.438 91.531 91.536 92.081 92.326 91.538 91.443 91.348 91.366 91.393 92.161 92.101 91.098 91.156 91.668 90.821 90.778 92.126 90.968 90.853 90.761 90.913 90.688 91.706 94.061 92.171 90.756 92.063 90.418 90.931 92.076 89.936 90.071 90.881 92.118 93.886 95.146 93.343 92.051 96.311 96.813 96.901 96.536 94.261 90.148 89.648 89.611 89.686 89.428 89.131 88.903 88.996 88.958 88.993 88.993 88.961 89.431 90.191 89.491 88.966 88.938 89.301 89.651 89.738 89.476
