data/LIDAR-DSM-2M-NZ24se/nz2841_DSM_2M.asc
ncols 500
nrows 500
xllcorner    428000
yllcorner    541000
cellsize     2
NODATA_value -9999
[rows 224 to 255 of 500, columns 146 to 218 of 500]
40.187 37.927 36.347 36.22 36.137 36.107 36.107 36.087 36.072 36.04 36.002 35.96 35.925 35.89 35.867 35.805 35.75 35.695 35.647 35.597 35.562 35.522 35.48 35.42 35.375 35.322 35.272 35.237 35.23 35.185 35.165 35.15 35.12 35.08 35.08 35.087 35.04 35.027 35.03 35.03 35.017 35.02 35.005 35.035 35.017 35 34.975 34.95 34.927 34.935 34.942 34.932 34.937 34.982 35.01 35.047 35.08 35.132 35.145 35.175 35.207 35.225 35.255 35.277 35.262 35.26 35.262 35.272 35.262 35.28 35.327 35.362 35.405
39.042 36.672 36.29 36.34 36.14 36.117 36.107 36.087 36.06 36.047 35.987 35.947 35.89 35.87 35.827 35.777 35.717 35.672 35.652 35.592 35.555 35.53 35.482 35.442 35.387 35.322 35.315 35.265 35.25 35.185 35.157 35.16 35.12 35.117 35.105 35.097 35.092 35.06 35.007 35.01 35.007 35.012 35.01 35.022 35.012 34.982 34.962 34.937 34.927 34.937 34.915 34.907 34.93 34.96 34.992 35.042 35.09 35.127 35.157 35.185 35.217 35.22 35.25 35.287 35.26 35.272 35.257 35.257 35.287 35.285 35.295 35.347 35.39
37.487 36.44 36.292 36.255 36.127 36.13 36.087 36.062 36.037 36.012 35.985 35.94 35.87 35.837 35.815 35.75 35.695 35.65 35.625 35.605 35.572 35.512 35.485 35.422 35.402 35.347 35.332 35.272 35.255 35.195 35.17 35.175 35.157 35.127 35.117 35.087 35.075 35.06 35.022 35.002 34.985 34.98 34.975 35.01 35 34.965 34.975 34.962 34.91 34.952 34.95 34.945 34.957 34.992 34.997 35.042 35.087 35.142 35.182 35.202 35.24 35.262 35.277 35.277 35.28 35.28 35.287 35.272 35.292 35.272 35.275 35.345 35.397
36.187 36.277 36.355 36.145 36.107 36.092 36.062 36.05 36.037 36.01 35.977 35.915 35.877 35.792 35.787 35.752 35.702 35.64 35.622 35.605 35.577 35.527 35.495 35.467 35.427 35.385 35.317 35.272 35.227 35.222 35.187 35.18 35.185 35.142 35.107 35.092 35.055 35.047 35.02 35.02 35.005 34.987 34.99 34.992 34.96 34.952 34.957 34.945 34.93 34.95 34.98 34.985 35.005 35 34.997 35.035 35.09 35.145 35.195 35.247 35.282 35.272 35.262 35.262 35.287 35.282 35.272 35.29 35.272 35.24 35.282 35.315 35.367
36.142 36.145 36.15 36.122 36.087 36.09 36.072 36.055 36.027 35.982 35.957 35.907 35.84 35.782 35.767 35.742 35.71 35.682 35.625 35.61 35.565 35.532 35.502 35.505 35.44 35.412 35.355 35.32 35.272 35.215 35.212 35.19 35.16 35.132 35.137 35.107 35.072 35.057 35.035 35.012 34.99 34.975 34.977 34.975 34.972 34.962 34.947 34.945 34.962 34.962 34.99 35.025 35.017 35.002 35.032 35.06 35.11 35.145 35.187 35.25 35.25 35.28 35.29 35.28 35.297 35.28 35.282 35.28 35.265 35.255 35.28 35.272 35.317
36.19 36.18 36.152 36.12 36.127 36.092 36.05 36.05 36 35.94 35.927 35.877 35.837 35.777 35.76 35.742 35.695 35.645 35.63 35.585 35.557 35.55 35.522 35.495 35.45 35.432 35.39 35.342 35.295 35.227 35.217 35.205 35.18 35.145 35.125 35.095 35.085 35.052 35.027 34.987 34.985 34.957 34.96 34.972 34.955 34.972 34.982 34.995 35.01 35.002 34.995 35.01 35.01 35.042 35.06 35.097 35.107 35.157 35.205 35.227 35.265 35.27 35.302 35.282 35.295 35.277 35.28 35.267 35.272 35.267 35.277 35.255 35.282
36.207 36.19 36.157 36.13 36.105 36.08 36.052 36.035 35.992 35.957 35.93 35.897 35.855 35.82 35.775 35.73 35.675 35.63 35.61 35.57 35.55 35.535 35.51 35.475 35.452 35.437 35.4 35.375 35.302 35.267 35.235 35.19 35.185 35.16 35.127 35.08 35.062 35.04 35.02 35.002 34.982 34.972 34.962 34.97 34.975 34.992 35.01 35.042 35.032 35.025 35.002 35.002 35.017 35.055 35.065 35.11 35.117 35.135 35.152 35.185 35.225 35.272 35.295 35.292 35.28 35.275 35.277 35.277 35.28 35.277 35.247 35.275 35.27
36.23 36.212 36.162 36.122 36.087 36.077 36.042 36.002 35.985 35.947 35.935 35.907 35.89 35.842 35.79 35.732 35.682 35.65 35.63 35.587 35.567 35.54 35.525 35.495 35.462 35.412 35.385 35.352 35.292 35.252 35.23 35.152 35.18 35.155 35.097 35.087 35.062 35.042 35.037 34.99 34.967 34.987 34.987 34.987 35.007 35.022 35.035 35.042 35.042 35.03 35.032 35.017 35.025 35.047 35.08 35.092 35.08 35.115 35.152 35.182 35.24 35.277 35.285 35.282 35.27 35.28 35.277 35.282 35.265 35.265 35.277 35.3 35.297
36.252 36.21 36.182 36.117 36.107 36.09 36.062 36.01 35.99 35.975 35.947 35.912 35.872 35.835 35.805 35.735 35.692 35.665 35.64 35.605 35.592 35.56 35.532 35.505 35.492 35.432 35.37 35.347 35.297 35.275 35.215 35.16 35.145 35.132 35.11 35.09 35.082 35.047 35.025 35.022 34.995 35.015 35.017 35.032 35.042 35.045 35.05 35.087 35.06 35.04 35.042 35.012 35.027 35.025 35.05 35.062 35.092 35.12 35.155 35.195 35.24 35.265 35.237 35.265 35.26 35.255 35.275 35.28 35.28 35.275 35.282 35.305 35.307
36.23 36.207 36.167 36.135 36.1 36.077 36.05 36.03 36.01 35.995 35.957 35.902 35.88 35.852 35.807 35.755 35.707 35.665 35.642 35.625 35.62 35.572 35.55 35.502 35.472 35.43 35.38 35.345 35.317 35.29 35.225 35.175 35.155 35.117 35.075 35.08 35.052 35.062 35.05 35.04 35.05 35.05 35.047 35.077 35.08 35.072 35.065 35.072 35.09 35.09 35.06 35.055 35.075 35.035 35.012 35.022 35.087 35.125 35.165 35.21 35.22 35.242 35.24 35.252 35.272 35.277 35.277 35.282 35.267 35.295 35.265 35.285 35.315
36.225 36.2 36.145 36.125 36.097 36.067 36.045 36.047 36.007 36 35.962 35.912 35.887 35.867 35.822 35.785 35.74 35.7 35.667 35.63 35.592 35.557 35.522 35.477 35.447 35.42 35.39 35.36 35.3 35.25 35.215 35.2 35.162 35.127 35.075 35.077 35.065 35.072 35.075 35.065 35.07 35.072 35.07 35.077 35.072 35.092 35.092 35.105 35.107 35.092 35.06 35.042 35.042 35.025 35.042 35.035 35.082 35.125 35.137 35.192 35.215 35.217 35.23 35.25 35.27 35.28 35.282 35.302 35.3 35.267 35.252 35.232 35.285
36.24 36.232 36.202 36.122 36.115 36.095 36.072 36.045 36.03 35.997 35.962 35.942 35.902 35.865 35.835 35.805 35.76 35.73 35.685 35.637 35.592 35.56 35.527 35.477 35.44 35.415 35.365 35.34 35.31 35.257 35.245 35.207 35.157 35.14 35.11 35.08 35.107 35.105 35.097 35.08 35.062 35.08 35.087 35.087 35.07 35.097 35.12 35.097 35.065 35.067 35.075 35.067 35.055 35.062 35.075 35.09 35.1 35.13 35.16 35.182 35.2 35.207 35.247 35.27 35.275 35.302 35.305 35.275 35.287 35.295 35.285 35.307 35.317
36.245 36.257 36.232 36.165 36.135 36.117 36.102 36.05 36.04 36.025 35.992 35.952 35.932 35.887 35.852 35.815 35.765 35.727 35.675 35.635 35.602 35.56 35.515 35.472 35.442 35.407 35.367 35.337 35.312 35.292 35.262 35.222 35.19 35.16 35.152 35.14 35.127 35.127 35.12 35.11 35.087 35.097 35.105 35.09 35.11 35.112 35.112 35.075 35.052 35.067 35.085 35.062 35.067 35.065 35.062 35.075 35.092 35.112 35.157 35.187 35.177 35.215 35.255 35.272 35.29 35.307 35.302 35.302 35.312 35.327 35.345 35.34 35.342
36.275 36.267 36.237 36.197 36.17 36.122 36.112 36.095 36.062 36.012 35.982 35.98 35.957 35.927 35.875 35.835 35.805 35.71 35.672 35.62 35.585 35.547 35.495 35.47 35.432 35.382 35.367 35.332 35.322 35.295 35.265 35.217 35.192 35.202 35.197 35.172 35.137 35.137 35.11 35.15 35.127 35.13 35.135 35.122 35.112 35.102 35.092 35.057 35.047 35.065 35.072 35.085 35.077 35.057 35.077 35.105 35.08 35.117 35.12 35.16 35.222 35.235 35.252 35.287 35.315 35.32 35.305 35.325 35.315 35.345 35.38 35.347 35.357
36.28 36.277 36.252 36.217 36.192 36.15 36.122 36.102 36.067 36.03 35.992 36.012 35.967 35.915 35.87 35.84 35.782 35.732 35.67 35.63 35.577 35.557 35.51 35.452 35.415 35.387 35.375 35.34 35.325 35.31 35.297 35.255 35.227 35.24 35.187 35.19 35.15 35.142 35.132 35.152 35.157 35.137 35.127 35.107 35.092 35.097 35.087 35.082 35.082 35.09 35.082 35.105 35.097 35.075 35.092 35.097 35.105 35.135 35.15 35.2 35.242 35.26 35.275 35.292 35.29 35.275 35.29 35.335 35.332 35.352 35.362 35.372 35.362
36.3 36.267 36.25 36.227 36.207 36.19 36.167 36.13 36.087 36.042 36.027 36 35.957 35.91 35.905 35.842 35.787 35.727 35.682 35.65 35.602 35.562 35.5 35.447 35.41 35.392 35.357 35.37 35.34 35.327 35.33 35.302 35.297 35.265 35.22 35.202 35.19 35.157 35.165 35.165 35.17 35.135 35.117 35.1 35.077 35.09 35.085 35.1 35.075 35.072 35.095 35.09 35.117 35.125 35.11 35.08 35.12 35.147 35.177 35.207 35.222 35.25 35.295 35.26 35.26 35.295 35.3 35.302 35.337 35.355 35.375 35.395 35.41
36.28 36.272 36.245 36.222 36.222 36.202 36.175 36.16 36.102 36.062 36.03 36 35.945 35.925 35.892 35.852 35.79 35.762 35.71 35.66 35.605 35.55 35.485 35.45 35.427 35.39 35.39 35.367 35.387 35.387 35.375 35.342 35.31 35.277 35.222 35.205 35.192 35.182 35.162 35.137 35.145 35.125 35.105 35.115 35.137 35.13 35.092 35.092 35.082 35.082 35.085 35.087 35.117 35.125 35.107 35.097 35.137 35.17 35.19 35.207 35.235 35.277 35.29 35.307 35.292 35.26 35.305 35.305 35.345 35.367 35.4 35.397 35.41
36.275 36.275 36.262 36.25 36.237 36.207 36.18 36.18 36.157 36.09 36.045 35.985 35.967 35.927 35.905 35.872 35.82 35.767 35.712 35.66 35.597 35.57 35.52 35.502 35.457 35.442 35.425 35.405 35.405 35.407 35.385 35.35 35.325 35.297 35.245 35.232 35.207 35.187 35.165 35.122 35.107 35.095 35.132 35.162 35.177 35.19 35.125 35.1 35.08 35.1 35.087 35.095 35.122 35.15 35.132 35.15 35.157 35.167 35.192 35.21 35.245 35.275 35.31 35.317 35.312 35.307 35.31 35.31 35.337 35.36 35.392 35.417 35.442
36.28 36.282 36.275 36.25 36.235 36.187 36.162 36.175 36.14 36.07 36.035 35.997 35.972 35.952 35.907 35.872 35.845 35.78 35.722 35.69 35.655 35.6 35.572 35.51 35.512 35.47 35.457 35.427 35.425 35.402 35.377 35.35 35.33 35.3 35.282 35.255 35.205 35.177 35.152 35.137 35.132 35.152 35.195 35.202 35.215 35.21 35.162 35.08 35.065 35.085 35.087 35.112 35.13 35.145 35.165 35.155 35.165 35.185 35.212 35.23 35.255 35.29 35.33 35.352 35.337 35.362 35.35 35.355 35.337 35.372 35.41 35.42 35.445
36.27 36.277 36.282 36.24 36.232 36.185 36.162 36.142 36.127 36.082 36.027 36.012 36 35.952 35.92 35.897 35.867 35.815 35.757 35.695 35.652 35.617 35.582 35.557 35.512 35.487 35.455 35.447 35.435 35.422 35.412 35.35 35.337 35.28 35.267 35.235 35.205 35.182 35.182 35.16 35.167 35.217 35.22 35.227 35.235 35.227 35.2 35.125 35.055 35.1 35.117 35.135 35.137 35.15 35.192 35.187 35.197 35.222 35.227 35.267 35.287 35.31 35.35 35.377 35.365 35.37 35.367 35.38 35.37 35.38 35.435 35.425 35.45
36.27 36.275 36.272 36.25 36.227 36.192 36.185 36.125 36.105 36.102 36.047 36.035 35.985 35.947 35.95 35.887 35.865 35.84 35.785 35.725 35.692 35.652 35.592 35.567 35.552 35.5 35.472 35.45 35.42 35.42 35.402 35.377 35.335 35.267 35.275 35.247 35.207 35.232 35.22 35.237 35.245 35.245 35.24 35.222 35.25 35.235 35.23 35.137 35.07 35.11 35.13 35.142 35.17 35.17 35.187 35.2 35.195 35.21 35.265 35.282 35.295 35.31 35.357 35.392 35.407 35.375 35.37 35.357 35.38 35.39 35.395 35.43 35.467
36.277 36.252 36.217 36.205 36.207 36.21 36.197 36.15 36.125 36.105 36.04 36.027 35.997 35.975 35.925 35.882 35.862 35.84 35.82 35.765 35.71 35.67 35.62 35.58 35.555 35.492 35.507 35.465 35.41 35.407 35.405 35.38 35.332 35.297 35.275 35.262 35.262 35.277 35.265 35.272 35.255 35.272 35.232 35.247 35.267 35.26 35.267 35.202 35.105 35.127 35.142 35.165 35.177 35.17 35.19 35.202 35.222 35.227 35.28 35.282 35.322 35.302 35.352 35.397 35.425 35.412 35.417 35.377 35.41 35.385 35.395 35.43 35.47
36.242 36.23 36.185 36.22 36.2 36.192 36.172 36.182 36.157 36.112 36.052 36.032 36.015 35.965 35.915 35.895 35.88 35.852 35.822 35.772 35.72 35.67 35.642 35.605 35.552 35.525 35.477 35.457 35.437 35.395 35.377 35.37 35.335 35.305 35.277 35.302 35.285 35.272 35.282 35.257 35.277 35.267 35.267 35.26 35.237 35.237 35.245 35.242 35.197 35.157 35.167 35.197 35.225 35.225 35.217 35.245 35.25 35.247 35.29 35.29 35.32 35.332 35.362 35.387 35.405 35.387 35.397 35.39 35.4 35.39 35.407 35.447 35.465
36.222 36.197 36.18 36.185 36.177 36.18 36.167 36.17 36.137 36.09 36.05 36.04 35.987 35.975 35.962 35.912 35.905 35.862 35.825 35.787 35.742 35.682 35.645 35.607 35.582 35.507 35.497 35.455 35.42 35.405 35.395 35.357 35.335 35.31 35.317 35.305 35.287 35.27 35.287 35.272 35.272 35.27 35.265 35.247 35.24 35.25 35.242 35.235 35.227 35.2 35.205 35.212 35.237 35.24 35.27 35.275 35.29 35.292 35.292 35.297 35.322 35.342 35.372 35.415 35.412 35.4 35.405 35.395 35.4 35.4 35.407 35.432 35.467
36.215 36.212 36.187 36.165 36.182 36.172 36.157 36.162 36.132 36.102 36.055 36.05 36.012 36.01 35.972 35.91 35.895 35.862 35.832 35.782 35.747 35.697 35.635 35.617 35.59 35.517 35.495 35.47 35.415 35.392 35.392 35.35 35.325 35.295 35.302 35.302 35.3 35.275 35.285 35.26 35.272 35.27 35.245 35.24 35.235 35.23 35.232 35.245 35.23 35.237 35.21 35.227 35.255 35.277 35.307 35.327 35.33 35.332 35.342 35.342 35.355 35.37 35.395 35.395 35.405 35.415 35.407 35.397 35.405 35.42 35.46 35.422 35.447
36.215 36.207 36.187 36.157 36.155 36.167 36.167 36.155 36.115 36.1 36.047 36.05 36.02 36.02 35.955 35.92 35.89 35.86 35.825 35.78 35.742 35.72 35.662 35.635 35.58 35.535 35.492 35.465 35.435 35.407 35.377 35.365 35.337 35.317 35.282 35.292 35.295 35.275 35.255 35.257 35.275 35.277 35.265 35.255 35.235 35.242 35.227 35.235 35.257 35.247 35.222 35.227 35.257 35.29 35.325 35.342 35.33 35.335 35.337 35.35 35.355 35.377 35.387 35.385 35.387 35.412 35.417 35.415 35.422 35.417 35.46 35.422 35.442
36.197 36.197 36.167 36.157 36.14 36.105 36.122 36.112 36.097 36.09 36.06 36.052 36.02 35.985 35.97 35.912 35.885 35.85 35.807 35.765 35.73 35.722 35.652 35.622 35.577 35.532 35.502 35.467 35.43 35.422 35.375 35.35 35.315 35.297 35.28 35.302 35.29 35.295 35.282 35.267 35.277 35.277 35.272 35.24 35.245 35.23 35.24 35.22 35.245 35.257 35.237 35.25 35.267 35.305 35.345 35.335 35.345 35.35 35.36 35.362 35.38 35.395 35.395 35.37 35.39 35.387 35.39 35.395 35.43 35.437 35.432 35.41 35.435
36.207 36.182 36.172 36.137 36.117 36.075 36.11 36.105 36.12 36.117 36.077 36.027 36.01 35.98 35.94 35.917 35.87 35.84 35.79 35.752 35.735 35.71 35.647 35.635 35.607 35.547 35.52 35.465 35.44 35.415 35.375 35.34 35.292 35.265 35.27 35.29 35.29 35.272 35.282 35.3 35.28 35.23 35.237 35.245 35.242 35.212 35.257 35.235 35.247 35.25 35.27 35.265 35.312 35.317 35.337 35.325 35.345 35.357 35.36 35.375 35.382 35.387 35.375 35.382 35.38 35.392 35.425 35.425 35.42 35.425 35.407 35.407 35.425
36.205 36.165 36.162 36.15 36.14 36.122 36.11 36.13 36.15 36.115 36.075 36.042 35.985 35.957 35.927 35.88 35.867 35.832 35.795 35.735 35.697 35.7 35.672 35.625 35.585 35.535 35.507 35.46 35.437 35.42 35.352 35.28 35.267 35.257 35.225 35.26 35.275 35.257 35.285 35.262 35.262 35.245 35.232 35.255 35.247 35.24 35.245 35.227 35.25 35.242 35.255 35.295 35.28 35.317 35.32 35.332 35.335 35.347 35.352 35.35 35.367 35.367 35.387 35.36 35.365 35.382 35.402 35.4 35.407 35.432 35.42 35.427 35.455
36.207 36.152 36.15 36.172 36.165 36.152 36.132 36.15 36.125 36.097 36.055 36.047 36.007 35.96 35.91 35.872 35.865 35.802 35.745 35.717 35.69 35.667 35.642 35.612 35.577 35.53 35.472 35.447 35.412 35.392 35.347 35.305 35.3 35.262 35.225 35.227 35.242 35.267 35.257 35.265 35.257 35.247 35.242 35.247 35.247 35.237 35.222 35.225 35.242 35.252 35.262 35.277 35.29 35.307 35.322 35.337 35.337 35.35 35.347 35.36 35.37 35.365 35.37 35.365 35.41 35.407 35.397 35.415 35.415 35.425 35.42 35.46 35.462
36.205 36.195 36.175 36.165 36.157 36.16 36.127 36.127 36.112 36.085 36.04 36.002 35.972 35.922 35.895 35.85 35.83 35.777 35.75 35.707 35.655 35.64 35.627 35.59 35.567 35.522 35.467 35.435 35.39 35.37 35.352 35.292 35.275 35.257 35.212 35.18 35.2 35.28 35.26 35.277 35.272 35.262 35.252 35.245 35.242 35.215 35.207 35.212 35.22 35.257 35.25 35.252 35.29 35.315 35.315 35.335 35.345 35.345 35.35 35.372 35.365 35.36 35.387 35.377 35.39 35.41 35.415 35.402 35.407 35.43 35.445 35.467 35.457
36.24 36.232 36.207 36.192 36.152 36.155 36.13 36.12 36.122 36.07 36.03 35.997 35.977 35.927 35.865 35.827 35.802 35.792 35.767 35.7 35.64 35.617 35.595 35.585 35.577 35.525 35.447 35.427 35.385 35.35 35.322 35.295 35.26 35.24 35.205 35.177 35.16 35.267 35.277 35.267 35.255 35.245 35.235 35.215 35.195 35.202 35.2 35.205 35.217 35.252 35.255 35.267 35.285 35.322 35.337 35.322 35.357 35.352 35.355 35.357 35.36 35.382 35.397 35.355 35.382 35.377 35.395 35.4 35.427 35.425 35.42 35.427 35.442
