data/LIDAR-DSM-2M-NZ24se/nz2843_DSM_2M.asc
ncols 500
nrows 500
xllcorner    428000
yllcorner    543000
cellsize     2
NODATA_value -9999
[rows 224 to 255 of 500, columns 72 to 143 of 500]
30.018 30.028 30.028 30.03 30.015 29.98 29.948 29.875 29.785 29.665 29.545 29.403 29.285 29.155 29.088 29.048 29.055 29.09 29.193 29.325 29.46 29.623 29.765 29.885 29.943 30.038 30.058 30.098 30.113 30.148 30.188 30.205 30.21 30.27 30.243 30.23 30.24 30.24 30.26 30.258 30.263 30.265 30.268 30.278 30.28 30.258 30.243 30.228 30.245 30.265 30.26 30.26 30.273 30.28 30.283 30.293 30.3 30.295 30.313 30.31 30.318 30.31 30.318 30.313 30.308 30.323 30.348 30.375 30.43 30.483 30.53 30.545
30.048 30.058 30.068 30.06 30.045 30 29.943 29.873 29.763 29.635 29.48 29.35 29.23 29.138 29.093 29.08 29.11 29.185 29.288 29.415 29.555 29.713 29.848 29.96 30.033 30.095 30.138 30.175 30.18 30.203 30.205 30.225 30.215 30.215 30.268 30.24 30.24 30.263 30.248 30.273 30.268 30.255 30.27 30.243 30.22 30.223 30.225 30.225 30.26 30.243 30.27 30.278 30.293 30.278 30.263 30.295 30.285 30.3 30.328 30.31 30.308 30.295 30.303 30.31 30.305 30.338 30.373 30.413 30.47 30.485 30.5 30.53
30.05 30.055 30.063 30.053 30.035 30.013 29.94 29.87 29.745 29.62 29.473 29.325 29.228 29.145 29.113 29.088 29.148 29.258 29.37 29.495 29.655 29.85 29.98 30.07 30.135 30.155 30.165 30.205 30.21 30.22 30.238 30.245 30.253 30.293 30.258 30.263 30.248 30.23 30.235 30.238 30.245 30.255 30.23 30.223 30.205 30.213 30.225 30.228 30.233 30.265 30.26 30.258 30.258 30.265 30.273 30.255 30.27 30.28 30.265 30.283 30.288 30.285 30.27 30.295 30.303 30.345 30.38 30.43 30.46 30.503 30.52 30.505
30.103 30.108 30.088 30.07 30.05 30.015 29.93 29.843 29.725 29.598 29.503 29.355 29.275 29.18 29.135 29.175 29.245 29.345 29.475 29.623 29.788 29.905 30.055 30.13 30.18 30.205 30.203 30.218 30.235 30.243 30.265 30.285 30.275 30.27 30.278 30.275 30.255 30.258 30.273 30.258 30.268 30.263 30.253 30.238 30.218 30.21 30.215 30.215 30.228 30.233 30.23 30.248 30.235 30.235 30.223 30.225 30.235 30.235 30.228 30.265 30.27 30.273 30.27 30.28 30.303 30.348 30.408 30.478 30.513 30.538 30.553 30.54
30.125 30.108 30.1 30.108 30.073 30.04 29.965 29.86 29.74 29.593 29.475 29.375 29.283 29.238 29.213 29.245 29.325 29.43 29.563 29.718 29.898 30.035 30.133 30.188 30.24 30.25 30.25 30.255 30.265 30.245 30.255 30.27 30.285 30.28 30.283 30.265 30.27 30.268 30.278 30.278 30.28 30.263 30.285 30.265 30.235 30.205 30.238 30.238 30.235 30.228 30.238 30.25 30.238 30.233 30.23 30.215 30.238 30.24 30.225 30.245 30.25 30.258 30.278 30.273 30.31 30.348 30.418 30.468 30.5 30.545 30.563 30.548
30.143 30.138 30.135 30.12 30.098 30.078 30 29.918 29.793 29.653 29.53 29.425 29.358 29.303 29.27 29.263 29.358 29.485 29.623 29.795 29.955 30.098 30.213 30.263 30.288 30.308 30.318 30.318 30.303 30.298 30.285 30.293 30.275 30.248 30.26 30.26 30.265 30.268 30.285 30.295 30.29 30.278 30.285 30.263 30.245 30.24 30.23 30.25 30.265 30.263 30.28 30.25 30.238 30.22 30.22 30.22 30.235 30.245 30.218 30.26 30.258 30.258 30.25 30.273 30.315 30.368 30.44 30.48 30.52 30.518 30.543 30.523
30.133 30.16 30.165 30.168 30.16 30.073 30.013 29.925 29.833 29.698 29.578 29.473 29.398 29.358 29.323 29.35 29.418 29.57 29.71 29.895 30.055 30.18 30.248 30.298 30.323 30.323 30.328 30.32 30.33 30.31 30.338 30.318 30.298 30.288 30.285 30.273 30.255 30.285 30.298 30.29 30.308 30.283 30.295 30.285 30.245 30.273 30.265 30.25 30.27 30.25 30.258 30.24 30.243 30.243 30.228 30.205 30.215 30.228 30.248 30.263 30.25 30.25 30.258 30.26 30.303 30.34 30.41 30.485 30.52 30.545 30.545 30.535
30.123 30.12 30.133 30.16 30.138 30.1 30.048 29.92 29.848 29.73 29.608 29.503 29.448 29.385 29.378 29.413 29.47 29.61 29.775 29.933 30.103 30.253 30.318 30.385 30.403 30.39 30.383 30.355 30.335 30.323 30.323 30.315 30.298 30.305 30.303 30.285 30.298 30.318 30.323 30.305 30.333 30.313 30.29 30.283 30.265 30.245 30.25 30.27 30.258 30.26 30.255 30.238 30.253 30.245 30.245 30.253 30.258 30.258 30.275 30.27 30.258 30.275 30.275 30.278 30.34 30.363 30.438 30.463 30.51 30.528 30.528 30.55
30.153 30.148 30.155 30.158 30.17 30.125 30.038 29.895 29.833 29.725 29.588 29.505 29.448 29.4 29.403 29.423 29.51 29.668 29.845 30.025 30.183 30.303 30.388 30.443 30.455 30.453 30.423 30.41 30.365 30.373 30.36 30.333 30.303 30.305 30.293 30.298 30.295 30.303 30.325 30.313 30.335 30.325 30.315 30.313 30.288 30.3 30.295 30.265 30.28 30.275 30.28 30.258 30.265 30.263 30.263 30.285 30.29 30.283 30.295 30.29 30.26 30.265 30.273 30.298 30.343 30.383 30.468 30.508 30.54 30.55 30.528 30.503
30.168 30.17 30.18 30.188 30.178 30.135 30.058 29.958 29.85 29.748 29.615 29.52 29.46 29.415 29.413 29.455 29.563 29.695 29.868 30.063 30.25 30.375 30.443 30.475 30.485 30.465 30.485 30.45 30.405 30.39 30.348 30.333 30.33 30.328 30.323 30.325 30.325 30.283 30.305 30.325 30.31 30.313 30.305 30.295 30.313 30.325 30.34 30.313 30.298 30.283 30.28 30.273 30.28 30.29 30.288 30.328 30.315 30.313 30.31 30.295 30.288 30.288 30.29 30.32 30.385 30.435 30.495 30.538 30.565 30.578 30.533 30.505
30.22 30.228 30.23 30.235 30.195 30.143 30.07 29.983 29.845 29.728 29.635 29.533 29.465 29.428 29.425 29.483 29.61 29.788 29.985 30.138 30.28 30.375 30.438 30.485 30.485 30.48 30.51 30.513 30.455 30.408 30.373 30.365 30.343 30.343 30.358 30.363 30.353 30.35 30.37 30.368 30.353 30.31 30.293 30.315 30.31 30.298 30.313 30.323 30.288 30.318 30.293 30.29 30.303 30.31 30.32 30.315 30.323 30.305 30.345 30.328 30.31 30.323 30.33 30.358 30.388 30.47 30.543 30.59 30.605 30.613 30.573 30.533
30.248 30.278 30.273 30.275 30.233 30.195 30.103 30.015 29.905 29.778 29.643 29.545 29.478 29.443 29.465 29.5 29.64 29.79 30.01 30.175 30.33 30.423 30.475 30.48 30.458 30.468 30.493 30.485 30.41 30.405 30.393 30.363 30.37 30.37 30.375 30.398 30.39 30.385 30.385 30.383 30.348 30.34 30.335 30.323 30.323 30.325 30.335 30.34 30.31 30.29 30.29 30.29 30.305 30.308 30.325 30.31 30.325 30.28 30.313 30.318 30.33 30.333 30.37 30.39 30.433 30.49 30.56 30.598 30.613 30.613 30.583 30.52
30.28 30.29 30.323 30.308 30.285 30.195 30.113 30.005 29.903 29.8 29.683 29.59 29.525 29.49 29.503 29.545 29.708 29.875 30.065 30.213 30.375 30.458 30.513 30.523 30.508 30.475 30.455 30.443 30.39 30.358 30.343 30.335 30.345 30.373 30.365 30.373 30.395 30.423 30.408 30.39 30.4 30.37 30.355 30.35 30.358 30.343 30.345 30.343 30.333 30.325 30.34 30.328 30.34 30.338 30.325 30.325 30.335 30.315 30.325 30.315 30.308 30.333 30.378 30.403 30.48 30.533 30.573 30.643 30.64 30.615 30.588 30.543
30.31 30.348 30.353 30.32 30.278 30.213 30.11 30.018 29.893 29.78 29.645 29.57 29.503 29.508 29.51 29.623 29.783 29.983 30.155 30.3 30.433 30.5 30.518 30.52 30.503 30.483 30.465 30.43 30.38 30.353 30.343 30.32 30.328 30.315 30.338 30.36 30.393 30.393 30.383 30.37 30.363 30.348 30.37 30.388 30.405 30.41 30.395 30.365 30.36 30.35 30.345 30.333 30.365 30.343 30.36 30.355 30.34 30.325 30.328 30.338 30.348 30.335 30.378 30.425 30.49 30.533 30.575 30.63 30.633 30.64 30.58 30.525
30.353 30.35 30.365 30.313 30.278 30.198 30.113 30.008 29.915 29.793 29.668 29.578 29.505 29.508 29.558 29.673 29.843 30.008 30.185 30.328 30.465 30.52 30.543 30.53 30.508 30.488 30.48 30.433 30.383 30.355 30.323 30.33 30.343 30.303 30.343 30.383 30.37 30.373 30.36 30.335 30.335 30.355 30.363 30.373 30.393 30.4 30.388 30.39 30.39 30.35 30.363 30.363 30.353 30.36 30.373 30.368 30.338 30.353 30.355 30.343 30.353 30.348 30.388 30.43 30.493 30.565 30.595 30.65 30.648 30.63 30.585 30.498
30.373 30.385 30.393 30.355 30.298 30.22 30.123 30.03 29.925 29.8 29.683 29.593 29.543 29.54 29.6 29.72 29.868 30.048 30.233 30.36 30.438 30.493 30.55 30.528 30.5 30.488 30.48 30.435 30.4 30.383 30.335 30.353 30.345 30.345 30.375 30.383 30.365 30.36 30.363 30.35 30.35 30.345 30.348 30.365 30.353 30.383 30.363 30.38 30.37 30.355 30.353 30.348 30.358 30.388 30.398 30.385 30.39 30.37 30.353 30.328 30.343 30.39 30.41 30.463 30.508 30.545 30.59 30.653 30.645 30.613 30.53 30.475
30.428 30.425 30.38 30.338 30.29 30.205 30.108 30.028 29.935 29.833 29.728 29.623 29.59 29.555 29.653 29.795 29.968 30.123 30.27 30.393 30.493 30.525 30.558 30.565 30.535 30.495 30.45 30.42 30.375 30.353 30.328 30.35 30.365 30.368 30.39 30.395 30.4 30.385 30.38 30.345 30.343 30.353 30.35 30.345 30.365 30.363 30.34 30.355 30.35 30.338 30.36 30.368 30.373 30.355 30.365 30.383 30.368 30.37 30.348 30.35 30.365 30.4 30.423 30.478 30.54 30.583 30.64 30.658 30.653 30.6 30.543 30.453
30.455 30.438 30.41 30.378 30.3 30.21 30.1 30.025 29.895 29.805 29.705 29.625 29.61 29.628 29.755 29.893 30.028 30.19 30.343 30.4 30.485 30.54 30.56 30.553 30.54 30.505 30.453 30.413 30.375 30.343 30.35 30.358 30.353 30.383 30.39 30.395 30.38 30.368 30.365 30.35 30.34 30.34 30.368 30.38 30.383 30.355 30.358 30.345 30.328 30.323 30.338 30.333 30.348 30.373 30.35 30.368 30.35 30.358 30.345 30.363 30.38 30.408 30.468 30.485 30.558 30.603 30.608 30.66 30.63 30.593 30.528 30.44
30.455 30.443 30.395 30.345 30.293 30.23 30.153 30.04 29.94 29.808 29.718 29.658 29.64 29.683 29.81 29.955 30.1 30.215 30.36 30.435 30.5 30.54 30.565 30.553 30.538 30.48 30.405 30.38 30.348 30.34 30.328 30.338 30.358 30.35 30.378 30.368 30.345 30.343 30.33 30.32 30.325 30.35 30.36 30.373 30.385 30.375 30.363 30.363 30.358 30.35 30.355 30.365 30.36 30.35 30.363 30.31 30.35 30.328 30.343 30.348 30.385 30.435 30.468 30.503 30.563 30.605 30.61 30.633 30.593 30.533 30.465 30.415
30.423 30.405 30.393 30.343 30.298 30.205 30.12 29.998 29.905 29.793 29.725 29.68 29.723 29.783 29.865 30.015 30.15 30.273 30.398 30.478 30.533 30.535 30.565 30.555 30.53 30.518 30.453 30.388 30.355 30.32 30.343 30.36 30.37 30.343 30.373 30.358 30.338 30.335 30.33 30.31 30.315 30.34 30.34 30.353 30.363 30.36 30.37 30.37 30.34 30.348 30.375 30.393 30.395 30.393 30.395 30.378 30.37 30.343 30.34 30.34 30.378 30.41 30.46 30.518 30.555 30.625 30.603 30.568 30.548 30.493 30.423 30.398
30.41 30.375 30.363 30.34 30.275 30.17 30.083 29.983 29.895 29.793 29.733 29.705 29.725 29.838 29.963 30.098 30.235 30.34 30.425 30.525 30.538 30.575 30.573 30.555 30.54 30.498 30.42 30.388 30.34 30.333 30.373 30.38 30.373 30.378 30.385 30.383 30.353 30.318 30.3 30.303 30.3 30.33 30.315 30.31 30.32 30.345 30.338 30.333 30.31 30.343 30.355 30.358 30.358 30.38 30.413 30.368 30.378 30.368 30.373 30.375 30.408 30.455 30.483 30.523 30.558 30.588 30.588 30.573 30.513 30.473 30.4 30.365
30.39 30.355 30.295 30.268 30.2 30.138 30.038 29.95 29.848 29.743 29.695 29.683 29.75 29.853 30.008 30.188 30.315 30.405 30.485 30.538 30.573 30.598 30.593 30.57 30.543 30.515 30.448 30.385 30.358 30.333 30.375 30.378 30.383 30.395 30.38 30.38 30.373 30.36 30.345 30.35 30.33 30.325 30.333 30.333 30.313 30.318 30.328 30.325 30.31 30.323 30.34 30.343 30.348 30.34 30.358 30.338 30.348 30.323 30.348 30.388 30.408 30.428 30.51 30.558 30.598 30.618 30.625 30.56 30.5 30.435 30.378 30.345
30.365 30.348 30.298 30.253 30.175 30.1 29.98 29.91 29.788 29.705 29.653 29.65 29.745 29.853 29.993 30.188 30.338 30.445 30.53 30.575 30.58 30.578 30.585 30.56 30.535 30.485 30.425 30.383 30.378 30.363 30.375 30.393 30.395 30.41 30.403 30.4 30.37 30.358 30.328 30.34 30.338 30.328 30.36 30.328 30.315 30.325 30.323 30.323 30.303 30.313 30.308 30.315 30.32 30.328 30.318 30.303 30.313 30.34 30.353 30.36 30.4 30.435 30.493 30.54 30.598 30.608 30.6 30.563 30.508 30.423 30.373 30.33
30.35 30.31 30.27 30.213 30.133 30.035 29.93 29.843 29.735 29.693 29.655 29.655 29.718 29.853 30.013 30.17 30.29 30.415 30.5 30.56 30.595 30.595 30.563 30.528 30.515 30.49 30.44 30.4 30.373 30.39 30.395 30.398 30.42 30.433 30.418 30.4 30.383 30.38 30.365 30.373 30.36 30.36 30.353 30.338 30.33 30.325 30.333 30.298 30.328 30.355 30.353 30.345 30.305 30.308 30.288 30.278 30.27 30.273 30.313 30.345 30.398 30.445 30.488 30.535 30.593 30.593 30.588 30.555 30.485 30.425 30.36 30.3
30.393 30.338 30.288 30.205 30.108 30.01 29.885 29.788 29.678 29.613 29.618 29.68 29.748 29.868 30.01 30.15 30.283 30.39 30.463 30.523 30.505 30.528 30.55 30.518 30.458 30.475 30.45 30.408 30.395 30.408 30.423 30.443 30.455 30.46 30.44 30.423 30.405 30.39 30.378 30.375 30.39 30.373 30.345 30.333 30.368 30.333 30.33 30.353 30.348 30.338 30.34 30.348 30.33 30.328 30.313 30.293 30.3 30.303 30.305 30.323 30.37 30.423 30.478 30.528 30.558 30.555 30.545 30.495 30.443 30.385 30.343 30.29
30.41 30.368 30.288 30.205 30.13 30.008 29.89 29.775 29.675 29.613 29.6 29.66 29.768 29.875 30.033 30.17 30.285 30.368 30.44 30.483 30.463 30.485 30.493 30.495 30.478 30.44 30.41 30.398 30.4 30.418 30.43 30.468 30.48 30.483 30.47 30.453 30.42 30.435 30.418 30.393 30.403 30.395 30.36 30.375 30.37 30.39 30.338 30.355 30.365 30.373 30.353 30.37 30.348 30.335 30.3 30.285 30.285 30.293 30.335 30.348 30.385 30.435 30.475 30.518 30.555 30.55 30.488 30.443 30.4 30.33 30.278 30.25
30.455 30.378 30.32 30.215 30.133 30.028 29.905 29.783 29.718 29.65 29.643 29.708 29.823 29.953 30.09 30.21 30.315 30.373 30.388 30.415 30.428 30.433 30.433 30.45 30.418 30.398 30.378 30.383 30.368 30.393 30.43 30.435 30.45 30.465 30.478 30.45 30.448 30.443 30.425 30.44 30.44 30.433 30.42 30.408 30.398 30.4 30.398 30.373 30.38 30.39 30.383 30.368 30.378 30.335 30.315 30.305 30.315 30.315 30.35 30.353 30.385 30.443 30.483 30.5 30.543 30.523 30.468 30.405 30.343 30.293 30.245 30.238
30.455 30.41 30.338 30.248 30.15 30.03 29.928 29.823 29.743 29.69 29.708 29.78 29.905 30.033 30.163 30.253 30.318 30.388 30.395 30.43 30.435 30.435 30.468 30.433 30.4 30.373 30.335 30.328 30.345 30.38 30.393 30.42 30.435 30.438 30.465 30.433 30.41 30.42 30.415 30.415 30.453 30.453 30.448 30.43 30.418 30.423 30.445 30.43 30.405 30.395 30.405 30.393 30.383 30.35 30.348 30.335 30.323 30.323 30.36 30.39 30.443 30.453 30.493 30.498 30.498 30.483 30.428 30.353 30.298 30.26 30.238 30.198
30.375 30.35 30.293 30.233 30.133 30.005 29.923 29.803 29.725 29.718 29.77 29.843 29.968 30.095 30.218 30.313 30.37 30.403 30.43 30.453 30.475 30.46 30.485 30.46 30.435 30.405 30.373 30.353 30.358 30.36 30.383 30.375 30.4 30.398 30.4 30.38 30.395 30.38 30.385 30.413 30.423 30.435 30.415 30.435 30.42 30.425 30.443 30.445 30.438 30.425 30.423 30.398 30.385 30.365 30.365 30.395 30.38 30.365 30.383 30.43 30.448 30.465 30.51 30.515 30.518 30.478 30.41 30.343 30.275 30.243 30.19 30.17
30.363 30.328 30.25 30.19 30.085 29.975 29.89 29.798 29.733 29.73 29.788 29.893 30.005 30.143 30.26 30.345 30.4 30.438 30.47 30.5 30.523 30.538 30.513 30.495 30.455 30.415 30.395 30.378 30.385 30.375 30.388 30.398 30.408 30.408 30.388 30.383 30.368 30.358 30.378 30.388 30.4 30.415 30.41 30.415 30.408 30.423 30.425 30.43 30.44 30.42 30.413 30.413 30.393 30.373 30.37 30.383 30.388 30.388 30.415 30.445 30.478 30.52 30.535 30.525 30.503 30.443 30.393 30.328 30.27 30.248 30.225 30.2
30.338 30.285 30.235 30.153 30.068 29.963 29.875 29.803 29.76 29.765 29.81 29.908 30.038 30.143 30.263 30.365 30.428 30.473 30.51 30.513 30.548 30.538 30.545 30.53 30.498 30.483 30.458 30.45 30.435 30.428 30.413 30.418 30.425 30.41 30.408 30.393 30.393 30.39 30.383 30.393 30.38 30.39 30.4 30.39 30.393 30.41 30.425 30.415 30.425 30.418 30.4 30.4 30.373 30.4 30.385 30.378 30.385 30.405 30.408 30.453 30.478 30.525 30.563 30.55 30.513 30.47 30.38 30.31 30.273 30.253 30.225 30.208
30.31 30.265 30.198 30.12 30.025 29.92 29.855 29.778 29.75 29.765 29.845 29.978 30.08 30.18 30.29 30.355 30.433 30.465 30.498 30.535 30.553 30.568 30.558 30.535 30.515 30.503 30.498 30.49 30.498 30.478 30.503 30.495 30.473 30.45 30.41 30.415 30.393 30.405 30.393 30.408 30.403 30.398 30.413 30.398 30.413 30.415 30.418 30.403 30.393 30.383 30.385 30.365 30.373 30.37 30.355 30.383 30.393 30.418 30.448 30.465 30.515 30.518 30.553 30.518 30.48 30.435 30.373 30.325 30.3 30.26 30.22 30.225
