data/LIDAR-DSM-2M-NZ24se/nz2842_DSM_2M.asc
ncols 500
nrows 500
xllcorner    428000
yllcorner    542000
cellsize     2
NODATA_value -9999
[rows 32 to 63 of 500, columns 219 to 291 of 500]
84.603 85.226 85.578 86.613 87.385 87.858 88.043 92.016 93.26 91.963 88.105 86.068 85.976 86.018 86.023 86.048 86.068 86.09 86.113 86.165 86.181 86.243 86.296 86.323 86.343 86.403 86.418 86.433 86.48 86.531 86.585 86.606 86.668 86.708 86.728 86.736 86.736 86.801 86.798 86.776 86.761 86.773 86.838 86.866 86.836 86.841 86.848 86.848 86.803 86.766 86.771 86.896 86.918 86.946 86.938 88.026 90.971 93.158 94.013 92.291 88.196 88.741 87.168 87.191 87.273 86.858 87.951 87.431 86.908 86.968 88.973 89.001 87.521
84.656 84.923 85.258 85.451 86.963 87.808 87.703 91.995 93.251 91.993 87.668 85.983 86.048 86.111 86.003 86.023 86.05 86.083 86.115 86.148 86.175 86.568 86.503 86.368 86.333 86.383 86.428 86.473 86.501 86.546 86.581 86.611 86.661 86.728 86.766 86.766 86.783 86.816 86.813 86.838 86.851 86.868 86.863 86.871 86.858 86.863 86.826 86.813 86.798 86.836 86.953 86.993 87.001 87.031 90.143 92.761 93.751 94.488 94.433 93.413 88.288 88.018 88.336 88.536 87.146 86.913 87.321 88.081 86.973 87.041 87.863 87.931 87.283
84.695 85.043 85.383 85.338 85.44 85.485 85.813 91.985 93.318 92.01 87.623 86.063 86.171 86.035 86.105 87.04 86.126 86.178 86.213 86.248 86.353 86.896 87.031 86.771 86.478 86.51 86.521 86.596 86.603 86.66 86.69 86.748 86.791 86.776 86.796 86.791 86.803 86.811 86.866 86.871 86.891 86.878 86.863 86.873 86.866 86.861 86.876 86.916 86.978 87.081 87.166 86.971 87.528 91.181 93.491 94.296 94.576 93.951 93.063 90.311 87.756 88.968 88.491 89.406 87.578 87.216 87.003 88.308 88.253 87.196 87.398 87.163 87.336
84.933 85.128 85.728 85.328 85.453 85.55 86.07 91.995 93.258 92.018 87.3 86.186 86.283 86.04 86.683 86.953 86.296 86.376 86.4 87.205 86.51 86.565 86.633 86.84 86.705 86.69 87.213 86.978 87.478 86.775 86.906 86.986 87.928 87.008 86.843 86.838 86.861 86.838 86.903 86.911 86.893 86.883 86.901 86.898 86.928 86.956 87.071 87.388 87.428 87.501 87.741 88.003 93.191 94.091 94.783 94.143 93.376 91.443 88.846 87.151 87.146 87.301 87.451 88.236 88.321 87.928 87.321 88.403 87.883 87.508 87.188 87.321 87.261
85.631 85.833 85.385 85.4 85.538 85.665 86.031 91.228 92.965 92.023 87.11 86.363 86.538 86.226 86.455 86.323 86.48 86.588 86.573 87.613 86.781 86.751 86.818 86.938 86.883 86.811 87.603 86.928 87.643 86.85 87.26 89.803 90.031 87.001 86.951 86.901 86.898 86.891 86.896 86.891 86.933 87.001 87.026 87.058 87.091 87.133 87.158 87.246 87.241 87.231 87.936 87.541 92.048 94.403 93.681 92.746 90.543 89.373 87.976 87.061 87.121 87.168 87.133 87.458 89.001 89.211 88.896 88.226 87.698 87.718 87.418 87.258 87.286
85.475 85.788 85.518 85.478 85.565 85.673 85.758 85.993 86.283 86.061 88.063 89.8 89.308 89.668 87.921 86.463 86.641 87.58 87.34 87.468 86.978 86.873 87.565 90.218 90.493 89.248 89.171 87.43 87.695 88.915 93.105 94.248 92.431 87.953 87.216 87.053 86.948 86.948 86.958 86.993 87.078 87.143 87.076 87.128 87.153 87.191 87.196 87.361 87.468 87.368 87.533 87.856 88.291 92.636 89.916 89.638 89.568 89.376 88.576 87.118 87.188 87.176 87.168 87.261 87.566 88.081 87.886 87.631 87.373 88.116 88.176 87.351 87.293
85.971 86.455 85.51 85.573 85.698 85.763 85.823 86.021 86.756 86.135 92.701 93.01 92.998 93.01 92.105 91.858 91.158 92.208 91.953 92.028 92.083 91.373 91.833 93.758 93.806 93.798 93.783 89.233 87.963 88.226 93.035 94.446 93.673 90.696 87.448 87.111 86.956 86.983 86.963 87.066 87.201 87.203 87.133 87.113 87.153 87.193 87.223 87.266 87.886 87.526 87.313 87.451 87.251 88.411 87.511 88.496 89.496 88.721 87.861 87.273 87.211 87.206 87.166 87.156 87.176 87.251 88.103 87.496 87.398 87.488 88.743 88.368 87.921
85.521 86.771 86.413 85.743 85.768 85.828 85.998 86.108 89.05 87.233 93.163 93.835 93.921 93.728 93.98 93.973 93.963 94.023 94.033 94.006 94.146 93.98 94.031 94.383 94.561 94.57 94.398 90.993 87.433 87.158 89.406 93.791 94.301 92.953 87.971 87.116 87.053 87.053 87.031 87.153 87.246 87.258 87.238 87.133 87.191 87.253 87.296 87.288 87.753 87.421 87.363 88.028 91.366 92.293 88.053 87.401 87.878 87.343 87.481 87.456 87.303 87.226 87.193 87.193 87.206 87.213 87.571 88.026 87.741 87.446 87.693 89.226 89.021
85.425 85.546 85.928 87.138 86.448 87.025 86.951 87.123 88.41 86.79 91.543 92.205 90.688 92.068 93.3 93.596 93.605 93.57 93.58 93.548 93.558 93.543 93.538 93.015 91.863 91.96 92.72 88.796 87.878 87.201 87.243 92.981 93.556 91.743 87.918 87.123 87.086 87.096 87.113 87.261 87.326 87.341 87.273 87.216 87.208 87.258 87.313 87.301 87.376 88.398 91.548 93.693 94.528 94.976 90.883 88.261 87.351 87.461 87.428 87.443 87.358 87.241 87.253 87.231 87.226 87.776 87.311 87.908 87.988 88.838 89.783 89.058 87.936
85.543 85.65 85.771 85.953 86.798 88.105 87.448 86.523 86.228 86.303 86.33 86.398 86.59 88.57 90.053 89.436 89.818 89.82 89.448 90.671 89.078 89.476 90.001 89.936 87.61 87.383 87.16 87.805 87.451 87.361 87.546 88.526 88.416 88.286 87.241 87.153 87.148 87.131 87.166 87.363 87.388 87.383 87.331 87.321 87.243 87.253 87.366 87.843 89.568 93.381 94.283 95.101 94.976 94.076 92.726 88.606 87.521 87.358 87.531 87.573 87.461 87.333 87.328 87.313 87.326 87.731 87.386 87.401 89.748 91.203 91.048 87.646 87.581
85.61 85.736 86.088 85.953 86.038 88.398 88.073 88.735 86.836 86.373 86.543 86.581 86.603 88.813 87.728 87.221 87.546 88.698 89.01 88.558 86.898 86.868 87.073 89.473 87.76 88.07 90.658 90.82 87.563 87.611 87.84 87.756 88.856 88.933 87.281 87.181 87.208 87.191 87.288 87.433 87.403 87.426 87.383 87.378 87.326 87.281 88.948 92.273 94.018 94.826 95.028 94.331 93.486 90.471 88.118 87.881 88.106 87.483 87.501 87.603 87.636 87.461 87.431 87.418 87.411 87.403 87.423 87.486 88.008 87.828 87.823 87.601 87.728
85.635 85.701 85.848 85.98 86.3 88.443 88.336 90.873 87.048 86.54 86.665 87.01 87.008 88.468 88.37 87.296 87.745 88.006 91.448 91.486 89.888 87.073 87.131 87.525 87.533 92.315 95.57 92.881 88.531 87.838 87.418 88.198 89.156 87.391 87.281 87.228 87.221 87.238 87.356 87.453 87.556 87.656 87.471 87.478 87.446 87.386 91.758 94.603 95.266 94.683 94.071 92.176 89.193 87.643 87.611 87.716 88.211 87.891 87.571 87.626 87.668 87.751 87.533 87.496 87.516 87.483 88.613 87.898 87.596 87.601 87.693 88.018 90.293
85.726 85.868 85.933 86.01 86.333 87.088 87.958 90.47 86.811 86.738 88.98 88.748 87.018 88.123 88.583 87.326 87.333 87.318 89.698 91.986 90.885 87.203 87.263 87.738 87.613 91.025 92.04 89.418 88.373 89.695 89.048 88.313 88.118 87.396 87.318 87.298 87.218 87.303 87.688 88.103 87.753 87.593 87.508 87.538 87.558 87.528 88.116 94.808 94.003 93.503 94.031 92.291 89.901 87.901 87.741 87.761 87.978 87.951 87.696 87.706 87.708 87.853 87.628 87.566 87.648 89.108 89.371 87.556 87.618 87.748 88.576 90.231 92.138
87.333 86.318 86.238 86.271 86.43 86.94 87.925 89.063 86.681 87.363 87.703 87.578 87.138 88.278 88.448 87.355 87.348 87.348 88.893 89.711 87.876 88.611 89.146 88.29 87.808 87.61 87.51 88.531 88 93.973 95.396 94.158 91.481 87.401 87.336 87.328 87.303 87.341 87.803 88.111 87.998 87.521 87.541 87.573 87.643 87.616 87.533 89.776 89.731 88.681 91.548 91.013 89.951 88.133 87.843 87.851 87.816 87.901 87.926 87.853 87.846 87.878 87.836 87.881 88.113 88.976 88.128 87.641 87.748 88.056 90.418 92.108 93.158
87.588 86.613 86.748 86.44 86.473 87.133 87.565 90.233 87.633 87.275 87.175 87.421 87.308 87.725 89.906 87.391 87.373 87.385 91.853 94.565 91.038 88.718 88.188 87.875 87.378 87.501 87.523 87.756 90.046 94.421 95.48 94.173 89.803 87.453 87.356 87.378 87.353 87.528 87.941 88.053 87.693 87.578 87.583 87.601 87.648 87.626 87.648 89.518 88.263 87.616 88.366 89.278 88.003 88.121 87.936 87.891 87.853 87.868 87.956 87.993 87.983 88.021 88.158 89.868 88.958 87.753 87.703 87.791 88.103 90.433 92.148 93.296 92.698
89.565 87.468 86.566 86.49 86.613 86.663 87.798 88.8 87.561 88.033 89.66 89.385 88.713 88.863 89.641 87.588 87.568 87.805 90.148 92.863 89.288 89.046 87.908 87.713 87.558 87.503 87.603 88.076 91.238 94.906 95.503 93.681 89.608 87.456 87.426 87.416 87.418 87.823 88.648 88.276 87.636 87.648 87.638 87.631 87.871 89.236 92.646 94.141 92.721 87.993 87.851 87.981 88.263 88.286 88.008 87.906 87.928 87.911 88.451 88.503 88.046 88.156 88.306 88.536 87.718 87.771 87.846 87.903 90.096 92.193 93.203 92.648 91.651
86.933 86.305 86.366 86.555 86.868 87.766 87.116 87.241 87.458 87.543 88.205 88.891 90.513 91.743 88.913 88.826 88.451 87.576 87.518 87.483 87.826 88.458 87.595 87.568 87.57 87.588 87.605 87.983 93.73 95.353 94.98 92.573 87.593 87.493 87.481 87.478 87.501 87.533 87.528 87.598 87.641 87.678 87.676 89.146 92.348 93.928 94.916 95.158 94.251 89.046 87.988 87.973 88.058 88.196 89.061 88.056 87.926 87.963 88.048 88.673 88.891 88.386 88.036 87.933 87.793 87.891 88.166 90.216 92.131 93.186 92.641 91.508 89.401
86.4 86.321 86.438 86.633 87.563 87.156 87.328 87.233 87.373 87.381 87.828 87.543 88.001 88.613 87.578 88.6 88.093 87.608 87.563 87.491 87.718 88.733 87.665 87.61 87.623 87.883 87.705 88.293 94.18 95.471 94.451 90.978 87.606 87.528 87.531 87.503 87.563 88.086 88.256 87.903 87.693 87.923 91.446 93.468 94.533 95.133 95.011 94.178 91.951 88.756 88.136 88.056 88.083 88.096 88.151 88.463 87.998 87.981 88.048 88.326 89.521 88.641 87.936 87.876 87.906 88.328 90.058 92.136 93.191 92.681 91.498 88.716 88.148
86.453 86.418 86.643 87.37 87.28 87.125 87.268 87.355 87.403 87.393 87.663 87.56 87.655 87.605 87.613 87.633 87.638 87.613 87.598 87.573 87.608 88.748 88.235 87.678 87.663 87.713 88.243 90.52 94.003 95.42 93.985 88.813 87.658 87.571 87.591 87.583 87.661 87.911 88.266 88.028 88.473 91.953 94.263 95.171 95.163 94.413 93.488 90.128 88.258 87.873 87.998 88.096 88.328 88.446 88.178 88.648 88.561 89.098 89.928 88.621 88.368 88.021 87.991 88.016 88.036 90.423 92.193 93.188 92.678 91.301 89.768 88.173 88.181
87.143 86.605 87.55 87.23 87.145 87.41 87.553 87.468 87.505 87.465 87.57 87.573 87.708 87.733 87.69 87.635 87.66 88.293 87.725 87.665 87.668 87.95 90.163 88.098 87.773 87.788 88.235 89.165 89.13 88.228 90.725 87.903 87.656 87.641 87.643 87.678 87.821 87.891 87.873 87.851 88.748 94.651 95.223 95.006 93.846 91.523 90.723 88.271 87.918 87.998 88.018 88.296 89.436 88.618 88.238 88.276 89.311 89.988 89.721 88.586 88.103 88.071 88.226 88.126 90.673 92.133 93.253 92.658 91.443 89.383 88.168 88.193 88.211
87.078 86.708 87.295 87.175 87.263 88.748 89.343 88.598 87.49 87.443 87.595 87.625 87.645 87.95 87.73 87.728 87.75 89 89.15 87.97 87.728 87.748 88.658 89.8 91.51 92.553 93.328 88.588 88.578 87.888 87.85 87.753 87.683 87.701 87.678 87.738 87.913 88.003 88.038 87.961 87.903 91.258 94.113 92.778 88.933 89.083 90.196 89.463 88.266 88.086 88.118 88.186 88.323 88.241 88.273 88.441 89.596 89.853 88.776 88.256 88.181 89.006 88.868 90.403 92.148 93.258 92.696 91.288 88.886 88.171 88.213 88.248 88.268
86.75 90.305 92.99 90.74 88.64 89.793 89.853 88.035 87.778 87.518 87.603 87.66 88.135 88.57 87.825 87.808 87.75 90.09 90.118 88.218 87.73 88.1 91.158 94.13 94.61 95.128 95.343 90.285 87.963 88.01 87.943 87.811 87.758 87.748 87.748 87.858 87.986 88.066 88.063 88.053 88.003 87.896 88.868 88.061 87.886 88.441 89.743 88.506 88.178 88.118 88.201 88.453 88.656 88.343 88.548 90.818 89.773 88.818 88.398 88.346 88.286 88.548 90.773 92.173 93.203 92.668 91.676 89.418 88.238 88.208 88.216 88.276 88.278
86.91 93.96 94.67 94.068 93.358 90.67 89.138 87.593 87.625 87.65 87.895 87.693 88.73 89.98 88.185 87.91 87.835 88.428 89.748 90.27 91.62 92.88 94.308 95.325 95.295 94.928 94.303 91.808 87.978 88.168 87.993 87.846 87.806 87.781 87.823 87.983 88.021 88.046 88.118 88.253 88.293 90.161 91.961 88.796 88.178 88.146 88.083 88.813 89.101 88.183 88.303 89.078 89.691 88.666 89.706 89.358 88.673 88.426 88.793 88.576 88.321 88.936 91.831 93.163 92.683 90.793 89.423 88.183 88.206 88.268 88.298 88.303 88.306
88.105 93.705 94.415 94.865 94.833 94.178 93.243 91.403 89.77 87.703 87.81 87.795 88.553 90.373 89.583 89.3 90.853 92.073 93.883 94.36 94.833 95.268 95.278 94.628 93.62 91.06 89.778 88.605 87.94 88 87.875 87.866 87.863 87.816 87.903 88.056 88.073 88.131 88.656 90.696 93.673 94.633 95.363 90.316 88.496 88.248 88.138 88.176 88.643 88.341 88.341 88.528 88.628 89.518 92.873 91.913 88.748 88.468 88.608 88.888 89.788 88.853 89.631 92.398 91.108 89.088 88.253 88.263 88.268 88.303 88.293 88.321 88.363
87.105 89.165 90.488 93.575 94.268 94.748 94.833 94.323 93.613 89.318 88.538 90.755 93.2 94.045 93.75 94 94.498 94.933 95.288 95.295 94.988 94.548 94.02 92.57 89.06 87.985 88.058 88.133 87.94 87.89 87.885 87.891 87.846 87.916 88.031 88.103 88.148 88.726 92.893 94.173 95.211 95.506 95.028 92.271 88.588 88.228 88.206 88.206 88.478 88.571 88.546 88.836 90.003 92.268 93.336 92.463 92.718 89.326 88.548 88.461 88.421 88.521 88.371 89.736 89.178 88.283 88.308 88.353 88.366 88.326 88.381 88.383 88.371
86.905 87.113 87.293 89.56 91.903 93.478 94.165 94.818 93.308 87.828 92.118 94.69 95.33 95.323 95.11 95.268 95.225 94.88 94.405 93.908 92.83 91.383 88.133 87.975 87.923 88.023 87.923 87.898 87.883 87.89 87.855 87.851 87.926 87.998 88.058 88.788 91.053 94.101 94.958 95.531 95.278 94.476 92.813 89.143 88.246 88.491 88.278 88.253 88.261 88.851 91.998 92.513 92.336 93.316 92.418 90.863 92.178 91.191 88.726 88.556 88.473 88.483 88.951 88.453 88.348 88.408 88.346 88.376 88.348 88.376 88.386 88.381 88.411
87.13 87.155 87.185 87.24 87.42 88.415 88.703 93.045 91 87.705 91.883 95.095 94.695 94.215 93.878 93.973 93.763 91.975 90.905 89.148 88.22 88.043 87.905 87.88 87.858 87.873 87.873 87.893 87.883 87.883 87.865 87.928 88.071 88.211 88.083 92.211 94.671 95.446 95.478 94.731 93.493 91.138 88.581 88.236 88.291 88.541 88.293 88.273 89.073 91.606 92.866 92.856 92.213 92.063 89.646 89.551 91.018 92.641 89.608 88.551 88.501 88.783 90.801 90.706 88.668 88.401 88.376 88.363 88.416 88.441 88.413 88.421 88.396
87.34 87.323 87.363 87.333 87.368 87.445 87.6 88.138 87.703 87.735 88.315 92.288 91.06 89.535 88.655 88.945 88.178 87.935 87.903 87.883 87.87 87.845 87.865 87.87 87.853 87.948 88.498 88.648 87.89 87.883 87.963 88.083 88.163 88.463 88.138 90.266 95.573 95.021 94.138 91.918 90.483 90.058 88.298 88.351 88.341 88.313 88.346 88.633 89.296 91.518 92.503 92.273 91.108 89.586 89.643 89.738 89.363 91.798 89.518 88.661 88.566 89.583 93.613 92.633 91.183 88.951 88.421 88.431 88.386 88.436 88.448 88.448 88.448
87.248 87.383 87.473 87.563 87.56 87.53 87.573 87.645 87.755 87.783 89.39 89.943 88.248 87.933 87.9 87.85 87.86 87.848 87.84 87.838 87.863 87.865 87.84 88.243 88.773 88.02 88.135 88.033 88.003 88.045 88.115 88.163 88.231 88.251 88.591 88.323 92.541 92.086 89.278 88.526 90.413 90.523 88.923 88.338 88.363 88.346 88.736 89.066 90.601 93.076 90.421 90.088 89.711 89.693 89.716 89.583 89.306 89.953 90.596 89.343 89.763 91.491 93.148 93.623 92.573 90.528 89.266 88.418 88.433 88.408 88.458 88.488 88.426
87.265 87.363 87.853 88.045 87.723 87.738 87.738 87.74 87.763 87.843 88.283 87.93 87.975 87.843 87.82 87.828 87.823 87.813 87.828 88.345 88.725 88.148 87.868 87.968 88.193 88.245 88.033 88.11 88.17 88.253 89.575 89.591 90.068 91.518 92.933 88.831 88.233 88.178 88.356 88.376 88.898 89.816 88.686 88.361 88.453 88.536 89.098 88.501 91.701 92.671 90.966 92.771 89.913 89.823 89.781 89.356 89.446 89.228 90.346 91.511 89.218 90.123 91.596 93.206 93.621 92.643 90.443 88.876 88.486 88.451 88.446 88.531 88.516
87.323 87.41 87.828 88.463 87.733 87.763 87.8 87.795 87.788 87.785 87.805 87.783 87.8 87.8 87.818 87.983 88.475 88.283 87.81 88.113 87.933 87.923 87.998 88.05 88.79 89.85 89.82 91.065 92.405 93.713 94.323 94.098 94.561 95.058 95.453 90.828 88.471 88.303 88.441 88.461 88.376 89.443 88.648 88.503 88.816 88.851 88.953 90.893 91.641 91.023 90.703 94.111 89.981 89.593 89.626 89.238 89.208 88.901 89.318 91.291 89.083 88.578 89.258 91.908 93.426 93.776 92.473 90.441 88.493 88.516 88.471 88.478 88.523
87.413 87.475 87.523 87.615 87.713 87.783 87.813 87.8 87.768 87.75 87.775 87.785 87.805 87.818 87.828 88.258 88.533 88.015 87.918 87.96 88.003 88.133 88.383 89.585 92.408 93.345 94.238 94.715 95.245 95.505 95.513 95.548 95.608 95.411 94.821 92.571 88.578 88.358 88.446 88.468 88.488 88.836 89.623 88.601 88.551 88.936 90.191 91.986 90.141 92.126 93.538 93.178 90.858 89.041 89.136 88.896 88.848 88.896 88.901 90.808 91.153 88.623 88.626 89.696 92.123 93.316 93.478 92.433 90.556 88.553 88.483 88.493 88.513
