data/LIDAR-DSM-2M-NZ24se/nz2841_DSM_2M.asc
ncols 500
nrows 500
xllcorner    428000
yllcorner    541000
cellsize     2
NODATA_value -9999
[rows 320 to 351 of 500, columns 219 to 291 of 500]
35.57 35.545 35.562 35.547 35.567 35.572 35.547 35.545 35.542 35.555 35.542 35.557 35.557 35.572 36.615 39.35 38.41 39.265 38.967 38.677 35.827 35.865 35.927 35.955 36.027 36.062 36.037 36.055 36.057 36.057 36.1 36.04 36.057 36.107 36.12 36.09 36.095 36.062 36.052 36.06 36.04 36.037 36.02 35.99 35.997 35.985 35.972 35.955 35.955 35.935 35.94 35.91 35.915 35.907 35.905 35.882 35.88 35.855 35.87 35.837 35.81 35.835 35.815 35.802 35.802 35.785 35.782 35.765 35.74 35.752 35.727 35.68 35.62
35.602 35.605 35.595 35.63 35.607 35.57 35.585 35.592 35.562 35.572 35.567 35.567 35.587 35.575 36.217 39.47 37.822 37.935 39.025 36.847 35.832 35.88 35.96 36.007 36.055 36.03 36.05 36.12 36.092 36.067 36.08 36.06 36.115 36.115 36.13 36.15 36.112 36.075 36.077 36.075 36.045 36.047 36.042 36.03 36.012 35.982 35.995 35.98 35.967 35.955 35.952 35.935 35.925 35.935 35.92 35.9 35.89 35.875 35.835 35.857 35.845 35.84 35.84 35.835 35.807 35.797 35.802 35.775 35.77 35.75 35.715 35.675 35.625
35.665 35.665 35.69 35.665 35.645 35.637 35.617 35.65 35.602 35.605 35.592 35.575 35.602 35.592 36.02 38.175 39.01 40.967 38.52 36.3 35.872 35.95 36.01 36.047 36.077 36.092 36.125 36.13 36.105 36.085 36.092 36.1 36.12 36.13 36.147 36.147 36.122 36.12 36.112 36.085 36.062 36.08 36.06 36.06 36.04 36.027 35.992 35.99 35.987 35.967 35.977 35.945 35.945 35.945 35.915 35.927 35.897 35.905 35.902 35.872 35.855 35.842 35.852 35.847 35.81 35.817 35.797 35.787 35.79 35.79 35.725 35.647 35.627
35.707 35.695 35.695 35.67 35.687 35.682 35.655 35.655 35.645 35.607 35.627 35.622 35.615 35.592 35.725 36.205 36.677 36.245 36.07 35.902 35.91 36.022 36.025 36.057 36.107 36.135 36.142 36.162 36.117 36.125 36.142 36.175 36.155 36.16 36.172 36.127 36.125 36.135 36.107 36.087 36.1 36.09 36.067 36.055 36.062 36.035 36.02 36.005 35.992 36 35.967 35.962 35.965 35.967 35.945 35.942 35.92 35.92 35.905 35.907 35.875 35.87 35.857 35.862 35.827 35.807 35.817 35.8 35.805 35.777 35.697 35.652 35.655
35.745 35.762 35.747 35.74 35.732 35.715 35.702 35.687 35.65 35.64 35.627 35.645 35.63 38.462 38.05 37.717 37.09 36.022 35.897 35.907 35.937 35.977 36.052 36.115 36.125 36.155 36.177 36.165 36.18 36.18 36.215 36.21 36.192 36.182 36.17 36.177 36.137 36.13 36.115 36.12 36.122 36.107 36.077 36.072 36.067 36.04 36.04 36.047 36.037 36.012 36.007 36.007 35.99 35.98 35.975 35.942 35.937 35.92 35.91 35.895 35.91 35.887 35.882 35.867 35.857 35.82 35.817 35.82 35.787 35.757 35.72 35.667 35.645
35.78 35.792 35.767 35.787 35.787 35.767 35.727 35.705 35.687 35.66 35.64 35.652 36.155 37.695 37.475 38.622 37.802 35.942 35.957 35.987 36.01 36.007 36.067 36.115 36.162 36.202 36.202 36.19 36.21 36.22 36.195 36.215 36.202 36.195 36.2 36.172 36.175 36.172 36.142 36.145 36.145 36.132 36.125 36.087 36.092 36.072 36.067 36.052 36.037 36.05 36.022 36.002 36 36.015 35.99 35.967 35.96 35.935 35.935 35.9 35.917 35.92 35.917 35.885 35.885 35.875 35.837 35.847 35.8 35.755 35.71 35.62 35.667
35.87 35.857 35.817 35.812 35.83 35.81 35.777 35.74 35.722 35.697 35.68 35.685 36.335 36.302 37.812 38.16 37.29 35.967 36.032 36.037 36.047 36.065 36.125 36.2 36.195 36.197 36.222 36.22 36.25 36.262 36.242 36.24 36.222 36.212 36.215 36.185 36.167 36.17 36.167 36.142 36.17 36.162 36.132 36.1 36.12 36.1 36.08 36.085 36.042 36.06 36.047 36.03 36.025 36.02 36.01 35.997 35.98 35.967 35.957 35.952 35.922 35.932 35.932 35.895 35.89 35.877 35.885 35.817 35.77 35.727 35.71 35.68 35.747
35.917 35.892 35.872 35.855 35.84 35.815 35.812 35.76 35.73 35.715 35.712 35.742 36.537 36.19 36.22 36.982 36.537 36.005 36.01 36.035 36.027 36.1 36.14 36.255 36.237 36.19 36.23 36.247 36.267 36.282 36.255 36.275 36.235 36.207 36.222 36.222 36.21 36.187 36.17 36.18 36.152 36.132 36.132 36.127 36.132 36.115 36.102 36.085 36.082 36.06 36.052 36.065 36.06 36.03 36.027 36.007 36.002 35.99 35.977 35.972 35.947 35.942 35.915 35.925 35.905 35.91 35.882 35.832 35.787 35.78 35.722 35.745 35.77
35.932 35.915 35.897 35.885 35.865 35.837 35.807 35.775 35.74 35.735 35.695 36.605 36.84 36.155 37.097 36.025 36.027 36.055 36.017 36.11 36.07 36.12 36.2 36.245 36.245 36.22 36.242 36.292 36.245 36.282 36.29 36.28 36.277 36.257 36.26 36.24 36.227 36.212 36.197 36.19 36.172 36.172 36.155 36.165 36.152 36.137 36.112 36.1 36.097 36.105 36.07 36.065 36.065 36.05 36.022 36.03 36.012 35.995 35.987 35.98 35.967 35.955 35.952 35.94 35.925 35.905 35.837 35.782 35.767 35.777 35.79 35.77 35.787
35.955 35.922 35.92 35.885 35.892 35.852 35.82 35.79 35.777 35.79 36.777 38.28 37.202 36.34 36.1 36.057 36.022 36.062 36.11 36.027 36.107 36.185 36.247 36.28 36.275 36.237 36.23 36.235 36.27 36.265 36.265 36.29 36.29 36.28 36.285 36.257 36.235 36.217 36.212 36.205 36.177 36.195 36.182 36.16 36.157 36.13 36.132 36.125 36.11 36.1 36.085 36.072 36.07 36.06 36.057 36.047 36.027 36.007 36.01 35.99 35.987 35.962 35.935 35.972 35.917 35.92 35.872 35.81 35.732 35.76 35.797 35.812 35.792
35.982 35.935 35.937 35.9 35.882 35.855 35.845 35.835 35.89 36.275 36.562 36.812 36.41 37.557 36.422 36.095 36.055 36.037 36.02 36.045 36.145 36.235 36.297 36.287 36.262 36.245 36.222 36.22 36.25 36.245 36.245 36.252 36.295 36.27 36.265 36.282 36.26 36.255 36.245 36.222 36.197 36.2 36.187 36.167 36.172 36.167 36.155 36.142 36.13 36.14 36.107 36.087 36.077 36.067 36.08 36.065 36.06 36.04 36.01 35.995 35.997 35.99 35.975 35.965 35.965 35.89 35.842 35.797 35.827 35.82 35.815 35.787 35.76
35.962 35.917 35.925 35.92 35.907 35.862 35.86 35.885 35.987 36.942 36.307 36.517 36.395 36.262 36.202 36.092 36.05 36.012 36.012 36.092 36.185 36.255 36.277 36.29 36.235 36.175 36.255 36.265 36.255 36.232 36.24 36.252 36.297 36.292 36.28 36.295 36.282 36.27 36.247 36.24 36.24 36.23 36.207 36.205 36.182 36.19 36.165 36.162 36.157 36.142 36.11 36.097 36.107 36.085 36.102 36.067 36.05 36.055 36.035 36.042 36.01 36 35.992 35.935 35.912 35.885 35.825 35.825 35.805 35.792 35.807 35.782 35.79
35.945 35.897 35.875 35.897 35.925 35.9 35.885 36.202 36.38 36.422 36.51 36.512 36.497 36.272 36.127 36.11 36.105 36.072 36.107 36.17 36.182 36.24 36.305 36.32 36.275 36.167 36.15 36.237 36.28 36.265 36.207 36.215 36.22 36.275 36.277 36.295 36.295 36.297 36.287 36.272 36.247 36.25 36.222 36.21 36.22 36.197 36.182 36.182 36.16 36.162 36.142 36.122 36.12 36.117 36.122 36.102 36.077 36.062 36.035 36.04 36.025 36.03 36.027 36.01 35.917 35.91 35.855 35.855 35.83 35.85 35.81 35.795 35.775
35.947 35.872 35.86 35.88 35.947 35.91 35.902 36.502 37.242 37.027 37.485 37.08 36.352 36.272 36.212 36.125 36.127 36.14 36.2 36.215 36.235 36.285 36.327 36.325 36.32 36.275 36.207 36.175 36.187 36.255 36.24 36.212 36.225 36.242 36.242 36.242 36.3 36.305 36.29 36.272 36.275 36.247 36.247 36.235 36.217 36.202 36.207 36.182 36.2 36.162 36.157 36.15 36.127 36.112 36.11 36.09 36.075 36.082 36.067 36.07 36.055 36.02 36.055 36.152 35.927 35.872 35.867 35.867 35.837 35.805 35.825 35.802 35.79
36.17 35.927 35.88 35.845 35.87 35.93 35.927 36.052 36.7 36.702 36.865 36.3 36.285 36.55 36.305 36.177 36.182 36.212 36.25 36.235 36.285 36.312 36.337 36.355 36.325 36.292 36.267 36.22 36.16 36.187 36.235 36.247 36.232 36.22 36.23 36.252 36.267 36.31 36.282 36.292 36.312 36.282 36.262 36.26 36.225 36.225 36.217 36.217 36.19 36.192 36.185 36.17 36.137 36.155 36.135 36.125 36.102 36.1 36.092 36.2 36.1 36.05 35.975 35.925 35.912 35.897 35.882 35.832 35.827 35.812 35.822 35.785 35.805
36.415 35.952 35.865 35.822 35.835 35.872 35.975 36.06 36.112 36.215 36.252 36.255 36.245 36.312 36.25 36.237 36.252 36.252 36.27 36.295 36.332 36.335 36.36 36.36 36.335 36.327 36.335 36.332 36.282 36.185 36.187 36.22 36.257 36.26 36.23 36.237 36.217 36.287 36.287 36.302 36.337 36.392 36.285 36.277 36.247 36.25 36.245 36.207 36.195 36.202 36.202 36.185 36.167 36.18 36.132 36.142 36.092 36.117 36.117 36.102 36.067 36.027 35.987 35.942 35.93 35.917 35.865 35.84 35.832 35.797 35.807 35.83 35.785
36.357 35.997 35.915 35.87 35.875 35.882 35.982 36.11 36.182 36.255 36.257 36.225 36.227 36.267 36.272 36.285 36.307 36.315 36.327 36.332 36.342 36.347 36.342 36.33 36.332 36.35 36.345 36.347 36.33 36.23 36.187 36.202 36.262 36.305 36.262 36.242 36.22 36.24 36.305 36.32 36.302 36.302 36.29 36.29 36.292 36.272 36.255 36.235 36.2 36.235 36.217 36.202 36.205 36.195 36.157 36.177 36.15 36.122 36.122 36.07 36.05 36.017 35.997 35.942 35.945 35.897 35.847 35.81 35.827 35.817 35.822 35.817 35.802
36.61 36.045 35.987 35.907 35.917 35.92 36.012 36.182 36.275 36.297 36.287 36.277 36.297 36.307 36.317 36.34 36.327 36.34 36.352 36.332 36.325 36.325 36.33 36.285 36.29 36.305 36.322 36.332 36.317 36.26 36.225 36.227 36.217 36.225 36.295 36.277 36.23 36.267 36.322 36.285 36.315 36.312 36.317 36.322 36.312 36.287 36.262 36.267 36.232 36.24 36.237 36.22 36.22 36.192 36.197 36.195 36.167 36.15 36.132 36.06 36.06 35.995 35.98 35.97 35.922 35.857 35.827 35.812 35.8 35.87 35.827 35.82 35.835
36.162 36.152 36.01 36.017 35.925 35.917 36.03 36.227 36.325 36.34 36.362 36.337 36.34 36.352 36.355 36.367 36.36 36.365 36.337 36.332 36.327 36.29 36.295 36.252 36.305 36.315 36.322 36.31 36.29 36.257 36.197 36.202 36.205 36.192 36.187 36.235 36.245 36.255 36.28 36.285 36.297 36.277 36.325 36.36 36.302 36.302 36.295 36.287 36.26 36.257 36.227 36.197 36.197 36.215 36.202 36.18 36.185 36.16 36.147 36.067 36.005 36.072 36.1 35.975 35.912 35.835 35.837 35.827 35.845 35.882 35.85 35.847 35.832
36.097 36.6 36.007 35.952 35.937 35.97 36.127 36.25 36.3 36.357 36.367 36.37 36.375 36.385 36.382 36.395 36.387 36.34 36.347 36.327 36.277 36.272 36.257 36.29 36.327 36.332 36.342 36.355 36.32 36.287 36.237 36.22 36.225 36.227 36.205 36.187 36.2 36.257 36.36 36.302 36.285 36.265 36.295 36.33 36.32 36.317 36.307 36.3 36.29 36.272 36.247 36.26 36.227 36.24 36.235 36.207 36.187 36.167 36.13 36.06 36.02 36.032 36.022 35.922 35.855 35.817 35.83 35.835 35.927 35.862 35.847 35.845 35.837
36.15 36.237 35.99 35.957 35.942 36.02 36.132 36.207 36.265 36.332 36.367 36.377 36.387 36.392 36.365 36.365 36.392 36.387 36.365 36.33 36.275 36.267 36.257 36.327 36.335 36.365 36.35 36.35 36.367 36.31 36.257 36.245 36.26 36.247 36.232 36.225 36.19 36.187 36.25 36.295 36.29 36.272 36.252 36.285 36.31 36.332 36.345 36.31 36.3 36.292 36.277 36.265 36.23 36.255 36.242 36.227 36.175 36.137 36.097 36.075 36.007 36.047 35.932 35.885 35.83 35.822 35.812 35.82 35.99 35.862 35.852 35.837 35.83
36.245 36.187 36.07 35.96 35.937 36.007 36.1 36.155 36.202 36.325 36.382 36.37 36.382 36.382 36.37 36.392 36.392 36.385 36.367 36.325 36.27 36.297 36.287 36.322 36.33 36.327 36.337 36.32 36.345 36.302 36.245 36.237 36.265 36.195 36.217 36.222 36.247 36.205 36.192 36.24 36.275 36.272 36.265 36.275 36.3 36.32 36.295 36.31 36.332 36.32 36.29 36.287 36.295 36.262 36.247 36.25 36.2 36.155 36.12 36.147 36.062 36.005 35.897 35.86 35.842 35.82 35.85 36.07 35.887 35.827 35.835 35.83 35.855
36.44 36.43 36.587 36 35.965 35.965 36.06 36.065 36.18 36.27 36.325 36.385 36.39 36.387 36.39 36.417 36.417 36.407 36.375 36.35 36.292 36.285 36.32 36.342 36.33 36.295 36.295 36.287 36.292 36.252 36.227 36.187 36.142 36.17 36.19 36.22 36.235 36.205 36.205 36.17 36.185 36.26 36.31 36.305 36.27 36.307 36.3 36.29 36.34 36.325 36.322 36.3 36.29 36.275 36.275 36.26 36.197 36.19 36.13 36.122 36.08 35.952 35.88 35.862 35.85 35.862 35.882 35.847 35.832 35.847 35.832 35.857 35.87
36.527 36.442 36.502 36.277 36.052 36.05 36.032 36.04 36.182 36.232 36.307 36.367 36.412 36.397 36.39 36.392 36.405 36.412 36.362 36.36 36.315 36.315 36.32 36.295 36.267 36.285 36.295 36.297 36.295 36.21 36.182 36.155 36.1 36.112 36.152 36.212 36.22 36.202 36.23 36.197 36.177 36.192 36.3 36.335 36.28 36.31 36.277 36.262 36.315 36.33 36.342 36.337 36.327 36.305 36.295 36.207 36.255 36.187 36.105 36.102 35.99 35.932 35.88 35.87 35.885 35.89 35.872 35.852 35.86 35.852 35.867 35.862 35.857
36.607 36.562 36.497 36.42 36.737 36.12 36.065 36.062 36.307 36.217 36.26 36.347 36.387 36.417 36.39 36.365 36.395 36.407 36.362 36.345 36.32 36.317 36.332 36.295 36.287 36.287 36.312 36.322 36.29 36.197 36.162 36.11 36.11 36.12 36.14 36.175 36.175 36.225 36.225 36.195 36.195 36.192 36.18 36.27 36.317 36.29 36.275 36.292 36.295 36.315 36.357 36.33 36.315 36.317 36.275 36.197 36.192 36.177 36.14 36.062 35.96 35.897 35.865 35.855 35.86 35.905 35.875 35.87 35.865 35.865 35.87 35.867 35.835
36.585 36.63 36.602 36.527 36.617 36.262 36.267 36.4 36.125 36.197 36.245 36.302 36.342 36.385 36.397 36.36 36.352 36.355 36.345 36.335 36.327 36.362 36.337 36.31 36.3 36.307 36.312 36.362 36.332 36.162 36.145 36.107 36.115 36.107 36.127 36.14 36.175 36.217 36.217 36.222 36.222 36.227 36.207 36.195 36.252 36.302 36.302 36.3 36.282 36.277 36.317 36.332 36.325 36.307 36.257 36.202 36.192 36.2 36.097 35.98 35.927 35.897 35.88 35.867 35.88 35.885 35.87 35.862 35.847 35.855 35.862 35.855 35.847
36.48 36.595 36.702 36.622 36.515 36.422 36.537 36.327 36.177 36.17 36.217 36.295 36.35 36.367 36.375 36.345 36.317 36.317 36.312 36.307 36.315 36.332 36.342 36.335 36.33 36.35 36.35 36.79 36.52 36.15 36.137 36.13 36.14 36.117 36.12 36.122 36.155 36.182 36.185 36.235 36.24 36.225 36.217 36.205 36.182 36.235 36.267 36.292 36.317 36.262 36.307 36.315 36.357 36.315 36.28 36.252 36.237 36.175 35.992 35.937 35.89 35.91 35.882 35.967 35.885 35.902 35.87 35.892 35.877 35.872 35.865 35.86 35.845
36.515 36.52 36.585 36.687 36.63 36.537 36.517 36.475 36.46 36.27 36.295 36.317 36.362 36.362 36.382 36.35 36.325 36.322 36.28 36.3 36.322 36.307 36.31 36.325 36.335 36.65 36.702 36.63 36.265 36.14 36.147 36.162 36.147 36.145 36.15 36.147 36.15 36.165 36.195 36.22 36.227 36.222 36.245 36.227 36.207 36.185 36.175 36.265 36.317 36.3 36.277 36.305 36.335 36.295 36.292 36.262 36.222 36.05 35.915 35.89 35.875 35.91 35.945 35.905 35.865 35.875 35.872 35.875 35.88 35.877 35.862 35.847 35.867
36.547 36.542 36.505 36.567 36.692 36.632 36.602 36.572 37.04 36.85 36.415 36.37 36.34 36.385 36.397 36.357 36.36 36.362 36.307 36.277 36.28 36.3 36.32 36.315 36.307 36.477 36.94 36.46 36.142 36.14 36.15 36.157 36.142 36.147 36.15 36.147 36.127 36.137 36.162 36.2 36.227 36.23 36.215 36.22 36.202 36.207 36.192 36.212 36.235 36.305 36.327 36.3 36.302 36.295 36.265 36.2 36.112 35.987 35.902 35.895 35.875 35.895 35.91 35.897 35.89 35.895 35.892 35.892 35.86 35.895 35.882 35.855 35.862
36.535 36.547 36.572 36.565 36.562 36.722 36.665 36.662 36.675 36.672 36.792 36.52 36.397 36.375 36.42 36.422 36.36 36.38 36.345 36.295 36.277 36.227 36.277 36.32 36.282 36.287 36.355 36.21 36.132 36.122 36.105 36.087 36.122 36.142 36.142 36.137 36.137 36.152 36.16 36.17 36.192 36.217 36.182 36.195 36.2 36.197 36.17 36.21 36.195 36.235 36.29 36.3 36.287 36.267 36.26 36.185 36.035 35.957 35.907 35.905 35.905 35.905 35.91 35.875 35.887 35.915 35.9 35.89 35.877 35.88 35.882 35.88 35.867
36.54 36.567 36.57 36.59 36.605 36.615 36.687 36.75 36.76 36.722 36.79 36.92 36.72 36.477 36.45 36.457 36.392 36.367 36.342 36.322 36.267 36.25 36.26 36.257 36.262 36.252 36.197 36.147 36.135 36.135 36.105 36.105 36.102 36.122 36.112 36.112 36.122 36.15 36.155 36.18 36.192 36.192 36.187 36.165 36.202 36.217 36.227 36.2 36.205 36.235 36.217 36.275 36.272 36.357 36.28 36.16 35.982 35.897 35.887 35.905 35.895 35.92 35.912 35.877 35.872 35.89 35.895 35.892 35.885 35.885 35.89 35.88 35.877
36.7 36.647 36.53 36.582 36.637 36.63 36.57 36.685 36.79 36.812 36.797 36.842 37.357 36.792 36.56 36.475 36.465 36.395 36.357 36.35 36.325 36.305 36.27 36.252 36.247 36.222 36.167 36.152 36.132 36.152 36.152 36.137 36.135 36.11 36.087 36.065 36.077 36.125 36.135 36.172 36.167 36.17 36.167 36.172 36.177 36.192 36.232 36.195 36.205 36.22 36.252 36.252 36.235 36.252 36.282 36.105 35.947 35.92 35.922 35.917 35.9 35.907 35.897 35.88 35.887 35.892 35.875 35.89 35.895 35.875 35.865 35.857 35.865
