data/LIDAR-DSM-2M-NZ24se/nz2942_DSM_2M.asc
ncols 500
nrows 500
xllcorner    429000
yllcorner    542000
cellsize     2
NODATA_value -9999
[rows 224 to 255 of 500, columns 144 to 215 of 500]
88.408 88.39 88.408 88.375 88.373 88.413 88.808 88.81 88.735 88.55 88.605 88.603 88.698 89.063 92.113 95.115 93.02 89.21 89.5 89.143 88.925 89.83 93.353 95.903 96.77 95.818 90.613 89.058 89.123 89.193 89.29 89.275 89.29 89.32 89.273 89.34 89.645 90.015 90.273 90.695 90.52 90.628 91.178 90.998 91.43 91.48 91.663 91.718 91.323 90.998 91.145 90.913 91.053 90.683 90.303 90.493 90.853 90.338 90.203 90.29 90.86 90.998 91.565 90.713 90.505 90.465 90.448 90.435 90.45 90.42 90.418 90.463
88.4 88.423 88.455 88.43 88.395 88.413 88.633 89.205 88.695 88.855 88.668 88.573 88.693 88.708 88.693 90.783 89.303 89.11 90.168 89.365 90.953 94.995 96.27 97.193 97.08 96.055 93.62 89.04 89.115 89.208 89.395 89.31 89.315 89.31 89.28 89.318 90.138 91.24 91.585 91.33 90.875 90.955 90.56 90.465 90.288 90.365 90.438 90.088 89.865 89.878 89.885 89.883 89.85 89.923 89.968 90.098 90.118 90.408 90.21 90.268 90.908 90.65 90.595 90.535 90.553 90.53 90.51 90.483 90.495 90.475 90.518 90.533
88.358 88.343 88.385 88.493 88.498 88.413 88.43 88.508 88.565 88.638 88.703 88.908 88.69 88.7 88.705 88.725 88.798 89.023 88.865 89.405 94.885 96.405 97.238 96.828 95.8 92.823 89.058 89.02 89.08 89.155 89.385 89.323 89.295 89.338 89.31 89.33 89.475 89.81 89.888 89.695 89.66 89.76 89.678 89.718 89.733 89.775 89.808 89.82 89.843 89.858 89.835 89.863 89.868 89.88 89.945 90.025 90.113 90.14 90.218 90.255 90.703 90.725 90.675 90.648 90.623 90.64 90.633 90.808 90.675 90.745 90.85 90.95
88.413 88.408 88.38 88.423 88.495 88.55 88.545 88.47 88.545 88.618 88.67 88.713 89.128 88.715 88.738 88.773 88.918 88.948 89.11 88.975 91.83 95.948 96.383 95.14 90.643 89.115 88.95 88.993 89.033 89.108 89.278 89.36 89.323 89.368 89.328 89.335 89.453 89.473 89.543 89.615 89.655 89.673 89.698 89.723 89.758 89.798 89.835 89.835 89.868 89.883 89.918 89.885 89.825 89.8 89.905 89.955 90.03 90.098 90.2 90.225 90.48 90.713 90.94 90.79 90.985 91.355 91.888 91.523 91.273 91.125 90.99 91.16
88.42 88.435 88.468 88.455 88.455 88.523 88.588 88.588 88.565 88.588 88.64 89.038 89.718 89.303 88.72 88.888 88.925 88.835 88.91 88.843 89.275 94.225 93.4 89.685 89.518 90.08 88.948 88.935 88.993 89.05 89.578 89.38 89.315 89.365 89.385 89.325 89.435 89.53 89.585 89.598 89.64 89.66 89.715 89.74 89.748 89.805 89.85 89.895 89.895 89.898 89.9 89.82 89.793 89.83 89.845 89.868 89.94 90.045 90.175 90.203 90.265 90.743 91.973 91.25 91.558 91.738 91.485 91.058 91.133 91.21 91.318 91.55
88.37 88.403 88.418 88.508 88.508 88.555 88.565 88.565 88.61 88.653 88.6 88.633 88.768 88.91 89.365 89.425 88.843 88.788 88.838 88.88 88.96 89.54 88.965 88.905 88.993 89.653 89.473 88.963 88.995 89.17 89.383 89.393 89.3 89.353 89.38 89.3 89.405 89.605 89.605 89.605 89.668 89.69 89.723 89.745 89.765 89.82 89.885 89.945 89.925 89.925 89.863 89.81 89.803 89.803 89.798 89.848 89.9 90.065 90.265 90.72 90.67 91.338 91.52 90.913 91.16 91.1 90.975 90.858 95.153 98.745 101.328 100.543
88.323 88.34 88.388 88.46 88.488 88.558 88.595 88.6 88.615 88.648 88.685 88.71 88.673 88.73 89.095 89.65 89.25 89.04 88.873 88.898 88.993 89.003 88.923 88.925 88.94 89.09 90.015 89.435 88.998 89.268 89.38 89.435 89.335 89.345 89.408 89.378 89.495 89.578 89.635 89.678 89.7 89.7 89.738 89.775 89.818 89.87 89.903 89.938 89.945 89.91 89.88 89.935 90.153 90.168 92.683 93.263 95.833 95.768 98.63 96.85 93.85 92.79 92.12 90.723 92.503 92.905 94.578 95.238 99.193 100.16 101.413 100.983
88.308 88.335 88.35 88.368 88.413 88.458 88.563 88.623 88.6 88.633 88.663 88.75 88.685 88.698 88.745 88.853 88.918 88.92 89.118 89.018 88.995 88.915 88.923 88.948 88.958 88.945 89.358 90.208 89.283 89.173 89.423 89.528 89.353 89.33 89.405 89.388 89.5 89.578 89.628 89.668 89.74 89.73 89.768 89.815 89.858 89.88 89.9 89.953 89.97 89.97 91.745 96.608 98.618 99.005 99.488 99.8 100.1 100.443 100.263 97.823 94.118 94.42 96.595 96.943 98.69 99.743 99.888 100.085 100.25 100.503 101.268 101.223
88.318 88.308 88.343 88.34 88.415 88.465 88.545 88.608 88.65 88.643 88.645 88.678 88.743 88.79 88.795 88.8 88.868 88.97 88.993 89.01 89.155 89.02 88.93 88.923 88.93 88.955 89.038 89.82 89.325 89.278 89.54 89.548 89.42 89.375 89.433 89.43 89.448 89.56 89.638 89.69 89.743 89.765 89.83 89.868 89.88 89.913 89.955 89.98 90.008 89.963 91.74 99.075 100.588 101.093 101.393 101.635 101.815 101.983 100.818 98.753 94.538 94.455 97.518 98.475 99.703 100.855 101 101.003 101.038 100.99 101.193 101.393
88.348 88.36 88.368 88.383 88.435 88.473 88.518 88.553 88.625 88.69 88.743 88.685 88.745 88.793 88.905 88.84 88.875 88.885 88.97 89.035 89.11 89.133 89.513 89.39 89.083 89.128 89.275 89.35 89.275 89.438 89.555 89.603 89.453 89.373 89.415 89.438 89.455 89.578 89.713 89.693 89.74 89.78 89.855 89.913 89.928 89.943 89.978 89.988 90.045 90 91.068 98.75 100.708 102.068 102.16 102.155 102.173 102.145 101.128 99.113 94.783 93.81 98.298 98.928 99.153 100.708 100.515 100.338 100.17 100.053 100.833 101.495
88.32 88.375 88.408 88.41 88.438 88.46 88.465 88.528 88.573 88.645 88.708 88.743 88.775 88.788 88.865 88.893 88.918 88.89 88.905 89.01 89.06 89.08 89.088 89.138 89.185 89.178 89.255 89.368 89.438 89.525 89.595 89.66 89.523 89.383 89.418 89.428 89.445 89.575 89.678 89.748 89.748 89.785 89.873 89.908 89.973 89.978 90.003 90.023 90.058 90.03 90.435 97.98 100.39 101.988 102.188 102.205 102.23 102.173 101.393 99.488 95.483 94.513 96.89 97.465 97.495 99.565 99.373 99.203 98.723 99.295 100.62 101.578
88.318 88.348 88.375 88.468 88.535 88.47 88.473 88.468 88.483 88.558 88.63 88.743 88.818 88.823 88.855 88.858 88.893 88.945 88.955 88.99 89.028 89.105 89.17 89.343 89.395 89.433 89.433 89.463 89.473 89.553 89.623 89.685 89.57 89.46 89.425 89.475 89.45 89.568 89.665 89.755 89.763 89.78 89.868 89.915 89.978 90 90.013 90.028 90.09 90.098 90.06 96.04 100.08 101.815 102.165 102.19 102.205 102.15 101.723 99.793 96.303 94.63 94.58 93.433 93.48 94.543 93.183 93.593 96.658 98.243 100.375 101.55
88.248 88.365 88.36 88.44 88.483 88.49 88.505 88.485 88.475 88.508 88.575 88.688 88.768 88.885 88.915 88.828 88.875 89 88.978 89.048 89.055 89.005 89.123 89.223 89.31 89.37 89.448 89.49 89.57 89.635 89.653 89.7 89.665 89.455 89.455 89.463 89.46 89.54 89.645 89.773 89.8 89.81 89.868 89.935 90 90.008 90.023 90.07 90.115 90.13 90.108 94.403 99.75 101.618 102.158 102.208 102.218 102.155 101.853 100.12 97.368 94.695 92.38 90.99 90.723 90.818 90.683 90.848 91.788 95.568 100.173 101.485
88.075 88.185 88.71 88.475 88.44 89.345 88.56 88.528 88.533 88.535 88.538 88.603 88.7 88.795 88.883 88.95 88.993 88.923 88.945 89.063 89.105 89.125 89.108 89.133 89.208 89.293 89.413 89.563 89.62 89.693 89.71 89.755 89.738 89.443 89.45 89.495 89.478 89.505 89.66 89.808 89.835 89.833 89.883 89.948 89.993 90.013 90.03 90.078 90.135 90.158 90.13 94.963 99.423 101.393 102.148 102.188 102.21 102.198 101.985 100.438 97.81 94.773 93.338 91.83 90.873 90.815 90.663 91.055 90.958 95.148 99.965 101.298
87.993 88.103 88.298 88.533 88.89 88.878 89.268 88.595 88.558 88.56 88.563 88.57 88.6 88.71 88.823 88.938 88.988 88.998 89.043 89.063 89.118 89.19 89.178 89.148 89.163 89.208 89.293 89.428 89.568 89.68 89.743 89.778 89.753 89.55 89.503 89.515 89.503 89.53 89.653 89.83 89.828 89.845 89.933 89.97 89.98 90.018 90.048 90.075 90.16 90.188 90.158 91.473 98.918 101.085 102.118 102.168 102.198 102.18 102.1 100.748 98.808 94.868 93.75 91.528 91.693 90.858 90.658 90.91 90.94 93.708 99.718 101.105
87.978 88.115 88.315 88.32 88.575 88.728 88.588 88.54 88.525 88.575 88.585 88.615 88.603 88.635 88.71 88.815 88.905 89.008 89.095 89.145 89.115 89.155 89.238 89.3 89.308 89.273 89.278 89.343 89.43 89.54 89.643 89.695 89.688 89.528 89.518 89.538 89.56 89.635 89.703 89.773 89.835 89.873 89.945 89.998 90.015 90.008 90.04 90.123 90.165 90.178 90.193 90.938 97.893 100.768 102.085 102.175 102.185 102.19 102.145 101.08 99.12 95.095 93.885 90.963 91.225 91.39 90.663 90.733 90.888 91.68 99.508 100.888
88.143 88.093 89.865 89.298 88.64 89.07 88.518 88.593 88.555 88.573 88.578 88.63 88.643 88.623 88.663 88.71 88.788 88.9 89.03 89.155 89.18 89.09 89.198 89.318 89.303 89.33 89.338 89.323 89.333 89.403 89.51 89.573 89.57 89.5 89.533 89.538 89.578 89.618 89.718 89.825 89.84 89.9 89.958 90.025 90.04 90.068 90.088 90.13 90.18 90.213 90.31 91.49 97.308 100.435 101.975 102.17 102.19 102.175 102.165 101.37 99.415 96.37 94.535 91.918 91.185 90.97 90.668 90.705 90.72 90.66 99.125 100.678
88.733 88.54 93.733 94.103 88.928 88.535 88.54 89.12 88.948 88.688 88.568 88.615 88.638 88.65 88.715 88.673 88.7 88.79 88.903 89.07 89.175 89.2 89.248 89.248 89.29 89.345 89.403 89.403 89.393 89.403 89.43 89.47 89.538 89.523 89.523 89.555 89.618 89.618 89.733 89.788 89.875 89.915 89.96 89.995 90.053 90.1 90.135 90.163 90.195 90.193 90.425 92.648 96.765 100.09 101.848 102.143 102.17 102.178 102.158 101.603 99.745 96.605 94.593 92.258 90.91 90.755 90.748 90.733 91.833 94.173 99.028 100.44
88.033 91.978 95.27 95.708 94.608 88.793 88.438 88.8 88.99 88.953 89.018 88.635 88.63 88.66 88.728 88.705 88.698 88.735 88.79 88.905 89.035 89.16 89.24 89.305 89.333 89.358 89.435 89.455 89.448 89.478 89.478 89.53 89.555 89.555 89.61 89.615 89.648 89.66 89.788 89.823 89.9 89.903 89.968 89.988 90.073 90.09 90.138 90.2 90.23 90.233 90.255 92.43 96.093 99.755 101.675 102.135 102.175 102.18 102.148 101.795 100.05 97.048 94.678 93.375 92.195 92.523 90.988 91.27 94.335 97.97 99.108 100.248
90.95 94.728 95.838 95.538 94.198 89.76 88.86 88.605 88.698 88.713 88.643 88.668 88.76 88.708 88.675 88.75 88.765 88.763 88.775 88.808 88.873 88.985 89.083 89.273 89.348 89.373 89.403 89.458 89.483 89.525 89.555 89.57 89.59 89.61 89.623 89.62 89.658 89.675 89.785 89.865 89.908 89.938 89.968 89.988 90.053 90.08 90.158 90.203 90.228 90.26 90.295 91.438 94.998 99.443 101.395 102.14 102.17 102.155 102.145 101.983 100.385 97.698 94.733 94.805 96.878 97.138 98.995 99.573 99.793 100.025 100.245 100.538
90.22 93.678 95.14 96.155 95.615 94.115 91.465 89.243 88.675 88.575 88.598 88.635 88.708 88.81 88.745 89.283 89.693 88.92 88.803 88.815 88.848 88.898 88.983 89.15 89.25 89.333 89.455 89.483 89.453 89.54 89.593 89.593 89.63 89.655 89.678 89.668 89.713 89.745 89.79 89.923 89.938 89.958 89.953 89.985 90.053 90.083 90.148 90.223 90.26 90.295 90.325 91.198 92.828 99.143 101.11 102.115 102.13 102.133 102.135 102.078 100.69 98.858 94.808 95.09 98.428 98.643 99.905 100.948 101.17 101.378 101.5 101.555
89 89.743 91.513 94.185 95.53 95.993 95.448 93.26 90.113 88.52 88.558 88.605 88.64 88.658 88.735 89.145 89.125 88.93 88.823 88.848 88.868 88.87 88.955 89.103 89.14 89.203 89.335 89.458 89.515 89.528 89.545 89.575 89.663 89.705 89.703 89.73 89.728 89.77 89.805 89.938 89.975 90.03 90.035 90.018 90.065 90.09 90.175 90.225 90.275 90.295 90.353 90.383 91.243 99.453 100.785 101.888 101.755 101.615 101.298 100.998 100.413 99.493 95.17 94.743 98.953 98.74 99.235 101.48 101.293 101.088 100.87 100.68
88.148 89.263 88.723 89.725 92.998 94.98 95.828 95.723 94.7 92.063 89.478 90.215 90.613 88.585 88.653 88.818 88.76 88.865 88.833 88.845 88.88 88.903 88.913 89.023 89.155 89.19 89.275 89.333 89.42 89.545 89.55 89.593 89.638 89.74 89.73 89.783 89.81 89.81 89.813 89.933 90.005 90.068 90.105 90.135 90.165 90.143 90.165 90.235 90.3 90.318 90.37 90.4 90.873 98.903 100.295 100.378 100.153 100.38 99.945 99.81 100.033 98.225 94.943 94.518 97.315 97.268 97.528 100.133 100.125 99.765 99.398 98.835
88.628 89.815 88.4 88.298 89.035 90.6 94.43 95.363 95.958 95.58 94.23 93.8 94.38 91.7 88.98 88.76 88.763 88.895 88.968 88.875 88.89 88.943 88.94 88.953 89.105 89.165 89.255 89.32 89.36 89.425 89.515 89.648 89.693 89.695 89.73 89.753 89.805 89.848 89.855 89.885 89.948 90.028 90.125 90.168 90.218 90.238 90.21 90.245 90.263 90.308 90.373 90.383 90.525 97.008 99.465 98.983 98.405 97.9 97.448 97.23 100.118 95.69 94.975 94.583 93.423 93.425 93.688 95.523 99.823 98.25 92.3 91.945
88.89 88.415 88.233 88.27 88.358 88.43 89.205 92.325 94.705 95.59 96.145 95.475 95.86 94.188 89.418 88.783 88.843 88.873 88.96 88.963 88.933 88.935 88.96 88.955 89.003 89.108 89.218 89.29 89.378 89.425 89.47 89.548 89.593 89.718 89.755 89.778 89.825 89.863 89.908 89.94 89.973 89.975 90.07 90.145 90.21 90.273 90.323 90.308 90.37 90.298 90.31 90.375 90.545 91.72 93.128 95.038 95.9 96.145 96.175 96.428 99.79 96.15 95.045 93.033 90.755 90.813 90.845 92.108 94.723 91.42 90.833 90.853
89.078 88.218 88.238 88.278 88.31 89.403 88.49 88.85 90.11 93.905 95.195 95.815 95.303 91.465 88.77 88.868 88.9 88.925 88.955 88.99 88.98 88.948 89.003 88.973 88.95 89.075 89.185 89.295 89.393 89.458 89.5 89.543 89.565 89.605 89.683 89.755 89.865 89.845 89.923 89.96 90.035 90.053 90.055 90.103 90.17 90.25 90.295 90.325 90.305 90.273 90.313 90.41 90.505 90.558 90.613 90.668 91.368 95.383 96.468 96.333 96.318 95.985 95.113 92.788 90.813 90.788 90.873 90.875 90.93 90.91 90.935 90.93
88.19 88.243 88.248 88.285 88.985 89.993 88.473 88.62 88.633 89.145 92.668 94.205 93.108 88.75 88.903 88.9 88.97 89.02 89.005 89.018 89.073 88.983 89.023 88.988 89.01 89.088 89.178 89.348 89.43 89.465 89.515 89.575 89.605 89.633 89.665 89.695 89.763 89.793 89.923 90.025 89.995 90.038 90.073 90.17 90.18 90.205 90.26 90.278 90.273 90.283 90.27 90.415 90.515 90.495 90.535 90.573 90.628 90.73 91.65 92.845 94.493 94.823 93.758 91.538 91.125 90.89 91.088 90.99 91.038 91.008 91.128 91.048
88.225 88.255 88.248 88.308 88.543 88.388 88.525 88.95 89.123 88.613 88.523 89.108 88.675 88.953 88.973 88.903 88.933 88.973 88.958 89.005 89.065 89.025 89.038 89.035 89 89.108 89.213 89.333 89.448 89.52 89.563 89.61 89.63 89.68 89.715 89.73 89.745 89.793 89.86 89.925 89.995 90.083 90.11 90.163 90.2 90.26 90.28 90.305 90.323 90.353 90.358 90.398 90.5 90.478 90.505 90.515 90.57 90.605 90.638 90.685 90.71 90.735 90.753 90.735 90.758 90.743 90.818 90.898 90.955 91.018 91.053 91.08
88.42 88.295 88.27 88.498 88.385 88.453 88.52 88.845 88.788 88.705 88.703 88.62 88.79 89.225 90.753 91.738 88.948 89.268 89.703 89.1 89.008 89.01 89.03 89.005 88.99 89.128 89.245 89.46 89.48 89.585 89.605 89.718 90.768 89.945 89.868 89.76 89.763 89.813 89.875 89.888 89.95 90.06 90.11 90.16 90.195 90.243 90.308 90.39 90.393 90.395 90.435 90.468 90.535 90.528 90.553 90.59 90.588 90.62 90.663 90.64 90.638 90.69 90.708 90.74 90.735 90.773 90.795 90.883 90.955 91.005 91.02 91.06
88.325 88.293 88.35 88.34 88.358 88.405 88.778 88.635 88.698 88.748 88.998 89.263 90.645 94.865 95.61 94.195 89.183 89.25 89.225 89.05 89.063 88.985 89.035 88.998 89.023 89.153 89.273 89.388 89.515 89.628 89.718 89.82 91.145 90.708 90.093 89.808 89.765 89.833 89.893 89.895 89.963 89.998 90.078 90.17 90.258 90.275 90.248 90.35 90.39 90.435 90.48 90.513 90.548 90.543 90.595 90.658 90.695 90.675 90.665 90.668 90.66 90.705 90.71 90.753 90.735 90.773 90.83 90.893 90.978 90.995 91.005 91.068
88.345 88.443 89.085 88.428 88.485 90.275 89.445 88.683 88.723 88.743 89.658 88.89 89.525 94.49 96.193 95.06 89.97 89.033 89.103 89.165 89.218 89.005 89.07 89.04 89.08 89.165 89.27 89.363 89.495 89.578 90.013 90.015 90.428 90.503 89.968 89.863 89.748 89.788 89.84 89.905 90.455 90.64 90.115 90.155 90.21 90.273 90.305 90.363 90.405 90.415 90.438 90.53 90.58 90.583 90.635 90.68 90.718 90.735 90.743 90.768 90.743 90.718 90.713 90.75 90.77 90.81 90.858 90.905 90.95 90.973 91.018 91.073
88.343 88.53 88.8 88.868 89.69 90.908 90.48 89.453 88.71 88.89 88.798 88.873 88.92 93.318 95.998 95.92 91.908 89.045 89.163 89.123 89.463 89.043 89.083 89.015 89.023 89.143 89.263 89.35 89.43 89.533 90.978 93.835 93.693 93.145 91.633 90.195 89.775 89.8 89.805 89.848 90.928 92.11 90.91 90.24 90.215 90.235 90.31 90.363 90.463 90.445 90.485 90.483 90.57 90.603 90.658 90.765 90.74 90.7 90.738 90.83 90.88 90.82 90.818 90.808 90.813 90.81 90.855 90.908 90.938 91 91.023 91.055
