data/LIDAR-DSM-2M-NZ24se/nz2940_DSM_2M.asc
ncols 500
nrows 500
xllcorner    429000
yllcorner    540000
cellsize     2
NODATA_value -9999
[rows 33 to 65 of 500, columns 219 to 291 of 500]
86.217 86.025 85.76 85.647 85.585 85.425 85.315 85.155 84.995 84.87 84.767 84.642 84.467 84.282 84.072 83.885 83.622 83.382 83.062 82.702 82.285 81.842 81.317 80.782 80.28 79.6 78.81 78.355 78.015 77.662 77.455 77.697 77.987 78.215 78.535 78.9 79.292 79.682 80.05 80.4 80.672 80.827 80.93 80.935 80.87 80.74 80.652 80.552 80.5 80.442 80.372 80.337 80.26 80.307 80.2 80.152 80.16 80.055 79.897 79.657 79.47 79.25 79.135 79.007 79.02 79.29 79.515 79.857 80.177 80.427 80.69 80.915 81.05
86.357 86.132 85.887 85.805 85.647 85.422 85.335 85.242 85.052 84.952 84.847 84.697 84.535 84.347 84.132 83.892 83.642 83.375 83.057 82.667 82.265 81.795 81.28 80.76 80.232 79.465 78.895 78.517 78.162 77.815 77.895 78.205 78.49 78.742 79.097 79.44 79.83 80.192 80.552 80.815 81.01 81.13 81.217 81.182 81.107 81.012 80.895 80.815 80.762 80.71 80.64 80.612 80.502 80.515 80.44 80.35 80.37 80.255 80.14 79.917 79.76 79.585 79.515 79.377 79.402 79.617 79.812 80.082 80.407 80.6 80.895 81.075 81.25
86.425 86.122 85.932 85.832 85.662 85.487 85.3 85.247 85.135 85.03 84.875 84.715 84.535 84.35 84.135 83.887 83.602 83.335 82.99 82.615 82.18 81.7 81.232 80.72 80.137 79.497 79.032 78.687 78.35 78.11 78.387 78.705 78.927 79.247 79.645 79.995 80.367 80.687 80.99 81.12 81.327 81.437 81.497 81.43 81.37 81.275 81.147 81.09 81.017 80.975 80.92 80.907 80.79 80.775 80.727 80.61 80.625 80.56 80.462 80.295 80.137 79.96 79.882 79.797 79.772 79.995 80.16 80.417 80.682 80.87 81.12 81.3 81.475
86.407 86.112 85.995 85.865 85.702 85.505 85.322 85.285 85.23 85.135 84.952 84.767 84.585 84.367 84.15 83.92 83.617 83.312 82.982 82.612 82.165 81.692 81.222 80.717 80.112 79.602 79.232 78.91 78.485 78.56 78.88 79.175 79.395 79.787 80.16 80.52 80.827 81.082 81.245 81.467 81.667 81.715 81.792 81.757 81.69 81.572 81.537 81.475 81.41 81.382 81.317 81.29 81.227 81.152 81.125 81.015 80.987 80.94 80.83 80.682 80.52 80.395 80.327 80.267 80.242 80.34 80.485 80.667 80.882 81.055 81.242 81.41 81.54
86.387 86.195 86.052 85.905 85.75 85.59 85.415 85.322 85.245 85.115 84.952 84.78 84.562 84.347 84.125 83.86 83.585 83.275 82.955 82.57 82.15 81.715 81.23 80.685 80.15 79.772 79.482 79.055 78.77 79.017 79.36 79.615 79.872 80.285 80.642 80.945 81.18 81.435 81.632 81.807 81.865 81.91 81.945 81.915 81.837 81.755 81.692 81.647 81.595 81.53 81.48 81.425 81.38 81.317 81.252 81.177 81.1 81.037 80.95 80.822 80.68 80.595 80.505 80.457 80.48 80.562 80.697 80.827 81.005 81.165 81.35 81.51 81.642
86.347 86.215 86.06 85.885 85.732 85.62 85.55 85.42 85.255 85.085 84.922 84.74 84.552 84.31 84.085 83.825 83.527 83.262 82.89 82.502 82.077 81.692 81.245 80.702 80.332 80.012 79.677 79.255 79.26 79.497 79.805 80.027 80.367 80.785 81.072 81.36 81.562 81.822 82.022 82.09 82.037 82.022 81.99 81.93 81.87 81.815 81.777 81.717 81.707 81.662 81.642 81.62 81.565 81.537 81.477 81.425 81.317 81.255 81.187 81.06 80.94 80.852 80.79 80.752 80.75 80.827 80.965 81.06 81.21 81.38 81.532 81.692 81.805
86.342 86.21 86.077 85.945 85.817 85.742 85.61 85.457 85.32 85.142 84.972 84.762 84.555 84.355 84.097 83.86 83.58 83.267 82.912 82.537 82.117 81.742 81.275 80.822 80.505 80.19 79.88 79.587 79.735 79.925 80.162 80.4 80.81 81.162 81.46 81.695 81.947 82.152 82.355 82.32 82.237 82.22 82.157 82.1 82.05 81.995 81.99 81.96 81.915 81.902 81.892 81.887 81.88 81.837 81.797 81.73 81.67 81.647 81.567 81.47 81.36 81.277 81.217 81.162 81.182 81.272 81.345 81.45 81.585 81.71 81.862 81.982 82.095
86.352 86.207 86.085 85.982 85.887 85.785 85.632 85.47 85.282 85.1 84.92 84.745 84.532 84.302 84.055 83.81 83.542 83.235 82.882 82.515 82.167 81.795 81.32 81.01 80.652 80.42 80.105 80.032 80.107 80.31 80.53 80.792 81.185 81.535 81.797 82.007 82.277 82.43 82.575 82.542 82.457 82.417 82.372 82.342 82.295 82.24 82.207 82.205 82.19 82.17 82.142 82.115 82.092 82.052 82.017 81.945 81.932 81.905 81.862 81.792 81.71 81.62 81.542 81.527 81.517 81.577 81.64 81.745 81.87 81.995 82.125 82.237 82.332
86.317 86.2 86.125 86.027 85.945 85.79 85.607 85.487 85.29 85.12 84.952 84.755 84.537 84.29 84.047 83.79 83.532 83.242 82.902 82.527 82.195 81.797 81.497 81.16 80.875 80.622 80.397 80.402 80.442 80.632 80.84 81.112 81.532 81.832 82.107 82.325 82.532 82.652 82.73 82.685 82.62 82.572 82.552 82.55 82.51 82.462 82.407 82.385 82.355 82.337 82.32 82.33 82.302 82.27 82.215 82.167 82.14 82.157 82.117 82.057 81.977 81.917 81.89 81.852 81.862 81.91 81.972 82.085 82.195 82.29 82.405 82.49 82.62
86.25 86.142 86.112 86.057 85.96 85.85 85.675 85.467 85.287 85.115 84.937 84.77 84.55 84.355 84.065 83.832 83.562 83.275 82.952 82.582 82.247 81.937 81.652 81.337 81.075 80.812 80.752 80.73 80.777 80.937 81.12 81.442 81.795 82.087 82.372 82.56 82.732 82.83 82.872 82.805 82.74 82.717 82.727 82.695 82.682 82.645 82.622 82.595 82.585 82.577 82.545 82.517 82.482 82.447 82.395 82.392 82.352 82.365 82.352 82.307 82.247 82.2 82.182 82.172 82.202 82.217 82.282 82.387 82.47 82.562 82.662 82.755 82.857
86.215 86.112 86.045 85.992 85.932 85.792 85.6 85.382 85.212 85.07 84.88 84.687 84.435 84.22 84.04 83.78 83.517 83.242 82.93 82.595 82.325 82.06 81.772 81.56 81.265 81.097 81.12 81.057 81.107 81.24 81.4 81.705 82.007 82.31 82.592 82.772 82.915 82.997 82.985 82.937 82.88 82.875 82.885 82.885 82.852 82.827 82.807 82.797 82.78 82.782 82.73 82.697 82.697 82.657 82.612 82.607 82.572 82.575 82.56 82.545 82.497 82.462 82.447 82.47 82.49 82.537 82.572 82.642 82.727 82.817 82.902 82.99 83.1
86.187 86.112 86.05 85.977 85.905 85.77 85.55 85.365 85.165 85.022 84.84 84.597 85.192 84.327 83.96 83.807 83.587 83.287 83.012 82.692 82.462 82.21 82.015 81.767 81.517 81.525 81.49 81.427 81.482 81.547 81.697 82 82.245 82.56 82.762 82.947 83.045 83.137 83.1 83.047 83.03 83.062 83.05 83.045 83.062 83.02 83.005 82.997 83.002 82.942 82.91 82.892 82.882 82.862 82.822 82.815 82.792 82.787 82.797 82.765 82.745 82.702 82.685 82.717 82.752 82.792 82.835 82.937 82.992 83.072 83.195 83.272 83.37
86.225 86.175 86.092 86 85.905 85.742 85.557 85.39 85.217 85.022 84.822 84.587 84.485 84.262 83.975 83.845 83.61 83.335 83.07 82.825 82.607 82.457 82.25 82.012 81.917 81.957 81.87 81.83 81.845 81.832 82 82.257 82.5 82.79 82.942 83.062 83.195 83.262 83.197 83.185 83.16 83.2 83.207 83.22 83.225 83.202 83.2 83.217 83.195 83.18 83.127 83.123 83.1 83.077 83.017 83.025 83 82.99 83.007 82.992 82.967 82.965 82.987 82.977 82.987 83.06 83.167 83.24 83.285 83.385 83.487 83.55 83.63
86.265 86.187 86.14 86.04 85.945 85.802 85.645 85.495 85.282 85.02 84.807 84.577 84.352 84.242 83.972 83.777 83.572 83.317 83.1 82.932 82.825 82.652 82.432 82.32 82.34 82.362 82.262 82.257 82.215 82.187 82.305 82.482 82.72 82.967 83.107 83.242 83.362 83.375 83.35 83.342 83.342 83.352 83.347 83.377 83.402 83.352 83.377 83.395 83.372 83.372 83.343 83.294 83.27 83.247 83.245 83.25 83.222 83.202 83.222 83.23 83.26 83.215 83.217 83.26 83.287 83.35 83.445 83.527 83.592 83.672 83.76 83.842 83.952
86.292 86.205 86.135 86.077 85.94 85.772 85.635 85.465 85.275 85.037 84.81 84.597 84.35 84.222 83.89 83.73 83.522 83.355 83.172 83.052 82.997 82.855 82.697 82.667 82.74 82.74 82.66 82.657 82.592 82.545 82.632 82.752 82.93 83.152 83.282 83.427 83.532 83.527 83.495 83.495 83.5 83.507 83.5 83.512 83.545 83.54 83.537 83.569 83.546 83.568 83.533 83.512 83.5 83.475 83.435 83.48 83.462 83.452 83.46 83.49 83.54 83.502 83.512 83.53 83.592 83.697 83.767 83.82 83.91 83.99 84.082 84.182 84.292
86.242 86.15 86.05 85.947 85.782 85.65 85.51 85.337 85.2 85.017 84.767 84.555 84.357 84.112 83.902 83.73 83.547 83.407 83.285 83.172 83.137 83.052 83.092 83.142 83.142 83.147 83.115 83.025 82.947 82.88 82.932 83.02 83.152 83.35 83.465 83.602 83.702 83.7 83.675 83.677 83.667 83.647 83.64 83.645 83.697 83.718 83.733 83.753 83.765 83.753 83.749 83.732 83.75 83.727 83.722 83.725 83.705 83.73 83.74 83.785 83.79 83.81 83.83 83.88 83.95 84.017 84.082 84.145 84.227 84.355 84.45 84.567 84.682
86.247 86.145 86.035 85.89 85.735 85.545 85.41 85.255 85.1 84.905 84.65 84.45 84.295 84.122 83.95 83.73 83.57 83.465 83.367 83.297 83.247 83.232 83.3 83.36 83.397 83.397 83.357 83.312 83.187 83.125 83.195 83.267 83.385 83.527 83.627 83.737 83.832 83.82 83.815 83.825 83.822 83.83 83.809 83.815 83.869 83.889 83.904 83.919 83.925 83.931 83.975 83.972 83.99 84 84.005 83.992 84.007 84.027 84.072 84.11 84.112 84.157 84.2 84.282 84.305 84.307 84.417 84.492 84.607 84.717 84.792 84.98 85.162
86.225 86.152 86.02 85.877 85.655 85.415 85.227 85.065 84.9 84.75 84.577 84.415 84.277 84.112 83.942 83.775 83.627 83.502 83.417 83.357 83.335 83.357 83.427 83.507 83.56 83.615 83.585 83.507 83.362 83.3 83.377 83.41 83.51 83.595 83.677 83.811 83.941 83.98 84.025 84.014 83.99 83.998 83.976 83.991 84.044 84.057 84.044 84.065 84.084 84.098 84.197 84.227 84.252 84.247 84.305 84.327 84.302 84.35 84.407 84.425 84.457 84.467 84.532 84.635 84.625 84.735 84.852 84.985 85.142 85.29 85.467 85.457 85.475
86.082 86.05 86.015 85.807 85.517 85.297 85.115 84.915 84.78 84.675 84.455 84.35 84.197 84.06 83.935 83.857 83.767 83.647 83.582 83.52 83.525 83.537 83.577 83.635 83.74 83.787 83.772 83.69 83.647 83.56 83.632 83.59 83.666 83.785 83.852 84.033 84.168 84.197 84.196 84.217 84.236 84.201 84.212 84.207 84.236 84.248 84.239 84.234 84.24 84.32 84.362 84.447 84.505 84.555 84.58 84.605 84.61 84.67 84.685 84.787 84.857 84.957 85.105 85.132 85.285 85.265 85.25 85.247 85.27 85.315 85.31 85.332 85.382
85.802 85.677 85.775 85.637 85.347 85.137 84.917 84.687 84.542 84.427 84.297 84.25 84.157 84.062 84.02 83.962 83.89 83.84 83.752 83.647 83.682 83.677 83.752 83.857 83.922 83.905 83.875 83.872 83.853 83.835 83.828 83.863 83.94 84.005 84.133 84.348 84.385 84.37 84.416 84.425 84.45 84.456 84.447 84.413 84.429 84.436 84.464 84.417 84.382 84.522 84.602 84.655 84.74 84.812 84.92 85.022 85.152 85.237 85.355 85.307 85.33 85.297 85.217 85.187 85.152 85.157 85.165 85.207 85.242 85.277 85.312 85.345 85.375
85.67 85.48 85.387 85.272 85.107 84.952 84.795 84.637 84.472 84.325 84.225 84.22 84.175 84.017 83.992 83.957 83.93 83.935 83.867 83.812 83.762 83.71 83.782 83.914 83.939 83.923 83.974 84.591 84.474 84.652 84.271 84.196 84.084 84.187 84.394 84.497 84.553 84.591 84.589 84.644 84.653 84.661 84.657 84.641 84.643 84.66 84.677 84.594 84.61 84.725 84.797 84.915 84.995 85.097 85.202 85.297 85.38 85.372 85.245 85.232 85.22 85.15 85.152 85.182 85.177 85.15 85.152 85.192 85.222 85.24 85.295 85.337 85.357
85.477 85.362 85.292 85.212 85.06 84.93 84.807 84.685 84.565 84.442 84.375 84.24 84.132 83.997 83.97 83.955 83.917 83.885 83.807 83.763 83.752 83.776 83.802 83.859 83.894 83.916 83.901 84.104 84.284 84.575 85.091 84.802 84.139 84.919 85.23 84.708 84.653 84.833 84.79 84.831 84.824 84.844 84.866 84.873 84.887 84.876 84.805 84.649 85.13 84.967 84.832 85.102 85.07 85.087 85.15 85.205 85.18 85.185 85.142 85.157 85.147 85.142 85.145 85.13 85.125 85.16 85.177 85.192 85.222 85.257 85.327 85.342 85.38
85.452 85.332 85.22 85.117 84.987 84.85 84.715 84.627 84.52 84.43 84.322 84.21 84.09 84.02 84 84.042 84.065 84.056 84.016 84.015 84 84.022 84.061 84.06 84.083 84.102 84.083 84.111 84.14 84.152 84.17 84.111 84.014 84.522 84.426 84.56 84.871 85.121 85.164 85.089 85.074 85.114 85.068 85.254 85.121 85.005 85.027 84.475 84.735 84.802 84.622 85.512 85.145 85.11 85.202 85.157 85.095 85.132 85.145 85.182 85.177 85.175 85.165 85.177 85.187 85.19 85.187 85.24 85.292 85.34 -9999 -9999 -9999
85.332 85.237 85.085 84.955 84.835 84.71 84.562 84.492 84.392 84.315 84.27 84.225 84.113 84.045 84.061 84.09 84.113 84.083 84.103 84.096 84.09 84.136 84.164 84.194 84.212 84.186 84.195 84.273 84.313 84.329 84.341 84.34 84.311 84.301 84.284 84.307 84.39 84.39 84.467 84.607 84.965 84.808 84.815 84.75 84.656 84.662 84.701 84.582 84.687 84.522 85.517 85.8 85.2 85.165 85.17 85.16 85.17 85.165 85.18 85.207 85.232 85.227 85.225 85.23 85.235 85.242 -9999 -9999 -9999 -9999 -9999 -9999 -9999
85.185 85.11 84.942 84.797 84.715 84.61 84.472 84.425 84.313 84.237 84.243 84.174 84.11 84.067 84.062 84.068 84.072 84.073 84.07 84.059 84.089 84.149 84.166 84.199 84.217 84.263 84.26 84.316 84.363 84.372 84.424 84.467 84.464 84.435 84.442 84.495 84.51 84.532 84.538 84.582 84.661 84.658 84.643 84.654 84.645 84.662 84.785 84.827 84.792 84.68 85.242 85.702 85.26 85.265 85.14 85.195 85.22 85.212 85.212 85.232 85.26 85.282 85.302 -9999 -9999 -9999 -9999 -9999 -9999 -9999 -9999 -9999 -9999
85.027 85 84.84 84.692 84.628 84.511 84.405 84.364 84.236 84.173 84.187 84.112 84.127 84.093 84.064 84.022 84.022 84.056 84.072 84.019 84.08 84.126 84.148 84.195 84.223 84.253 84.277 84.315 84.347 84.36 84.415 84.448 84.458 84.48 84.513 84.553 84.598 84.609 84.597 84.628 84.66 84.717 84.754 84.764 84.772 84.739 84.892 84.852 84.78 84.75 85.807 85.517 85.352 85.285 85.167 85.2 85.207 85.212 85.237 85.252 -9999 -9999 -9999 -9999 -9999 -9999 -9999 -9999 -9999 -9999 -9999 -9999 -9999
84.913 84.888 84.711 84.612 84.564 84.431 84.32 84.279 84.163 84.123 84.125 84.062 84.092 84.076 84.043 84.027 84.028 84.072 84.06 84.015 84.091 84.124 84.132 84.196 84.208 84.247 84.296 84.334 84.359 84.389 84.422 84.441 84.467 84.509 84.525 84.543 84.597 84.6 84.589 84.61 84.673 84.742 84.754 84.742 84.758 84.745 84.74 84.707 84.697 84.68 85.985 85.435 85.355 85.29 85.24 85.245 -9999 -9999 -9999 -9999 -9999 -9999 -9999 -9999 -9999 -9999 -9999 -9999 -9999 -9999 -9999 -9999 -9999
84.813 84.781 84.635 84.505 84.462 84.345 84.223 84.225 84.099 84.077 84.074 84.008 84.045 84.054 84.048 84.03 84.023 84.079 84.066 84.042 84.113 84.163 84.129 84.196 84.249 84.285 84.313 84.335 84.371 84.415 84.401 84.453 84.47 84.5 84.526 84.527 84.576 84.578 84.574 84.595 84.63 84.677 84.65 84.664 84.69 84.685 84.712 84.697 84.687 84.81 85.745 85.37 85.315 85.222 -9999 -9999 -9999 -9999 -9999 -9999 -9999 -9999 -9999 -9999 -9999 -9999 -9999 -9999 -9999 -9999 -9999 -9999 -9999
84.732 84.686 84.536 84.426 84.388 84.271 84.173 84.149 84.041 84.035 84.022 83.955 83.991 84.011 84.024 84.004 84.008 84.083 84.105 84.075 84.159 84.186 84.173 84.231 84.297 84.321 84.348 84.373 84.437 84.444 84.432 84.481 84.504 84.501 84.542 84.555 84.57 84.575 84.576 84.627 84.588 84.625 84.64 84.631 84.695 84.732 84.752 84.767 84.717 85.005 85.99 -9999 -9999 -9999 -9999 -9999 -9999 -9999 -9999 -9999 -9999 -9999 -9999 -9999 -9999 -9999 -9999 -9999 -9999 -9999 -9999 -9999 -9999
84.662 84.58 84.437 84.348 84.319 84.195 84.139 84.094 83.994 83.99 83.973 83.91 83.973 83.983 84 83.98 83.98 84.065 84.103 84.119 84.203 84.242 84.239 84.257 84.303 84.347 84.389 84.419 84.441 84.46 84.488 84.523 84.552 84.558 84.579 84.585 84.592 84.624 84.613 84.632 84.619 84.658 84.666 84.654 84.67 84.755 84.765 84.76 -9999 -9999 -9999 -9999 -9999 -9999 -9999 -9999 -9999 -9999 -9999 -9999 -9999 -9999 -9999 -9999 -9999 -9999 -9999 -9999 -9999 -9999 -9999 -9999 -9999
84.565 84.469 84.343 84.274 84.231 84.063 84.055 84.009 83.928 83.942 83.911 83.883 83.952 83.957 83.996 83.98 83.996 84.066 84.074 84.12 84.253 84.259 84.249 84.335 84.367 84.37 84.428 84.443 84.492 84.533 84.573 84.564 84.561 84.593 84.628 84.616 84.666 84.598 84.627 84.626 84.63 84.661 84.666 -9999 -9999 -9999 -9999 -9999 -9999 -9999 -9999 -9999 -9999 -9999 -9999 -9999 -9999 -9999 -9999 -9999 -9999 -9999 -9999 -9999 -9999 -9999 -9999 -9999 -9999 -9999 -9999 -9999 -9999
84.444 84.361 84.218 84.182 84.128 84 83.993 83.934 83.839 83.885 83.849 83.876 83.931 83.929 83.956 83.964 83.981 84.067 84.091 84.159 84.246 84.276 84.333 84.376 84.413 84.457 84.514 84.47 84.526 84.584 84.611 84.607 84.607 84.633 84.667 84.684 84.659 84.641 84.691 84.699 84.665 84.664 84.666 -9999 -9999 -9999 -9999 -9999 -9999 -9999 -9999 -9999 -9999 -9999 -9999 -9999 -9999 -9999 -9999 -9999 -9999 -9999 -9999 -9999 -9999 -9999 -9999 -9999 -9999 -9999 -9999 -9999 -9999
84.32 84.24 84.109 84.087 84.042 83.933 83.901 83.86 83.809 83.844 83.794 83.827 83.869 83.874 83.868 83.919 83.99 84.08 84.123 84.173 84.302 84.328 84.381 84.442 84.45 84.541 84.611 84.568 84.605 84.634 84.638 84.669 84.664 84.716 84.7 84.724 84.751 84.705 84.741 84.701 84.702 84.693 -9999 -9999 -9999 -9999 -9999 -9999 -9999 -9999 -9999 -9999 -9999 -9999 -9999 -9999 -9999 -9999 -9999 -9999 -9999 -9999 -9999 -9999 -9999 -9999 -9999 -9999 -9999 -9999 -9999 -9999 -9999
