data/LIDAR-DSM-2M-NZ24se/nz2944_DSM_2M.asc
ncols 500
nrows 500
xllcorner    429000
yllcorner    544000
cellsize     2
NODATA_value -9999
[rows 352 to 383 of 500, columns 0 to 72 of 500]
68.81 68.763 68.688 68.625 68.538 68.423 68.353 68.25 68.138 68.058 67.923 67.808 67.725 67.568 67.453 67.325 67.213 67.068 66.928 66.815 66.703 66.573 66.473 66.363 66.253 66.113 65.998 65.878 65.815 65.693 65.595 65.505 65.395 65.278 65.15 65.058 64.953 64.875 64.785 64.668 64.578 64.49 64.378 64.255 64.138 64.033 63.883 63.773 63.665 63.535 63.425 63.27 63.13 62.955 62.795 62.608 62.415 62.235 62.045 61.863 61.653 61.48 61.318 61.123 60.928 60.743 60.563 60.365 60.183 59.968 59.77 59.543 59.35
68.84 68.778 68.72 68.645 68.555 68.485 68.375 68.3 68.2 68.078 67.998 67.883 67.758 67.63 67.498 67.37 67.243 67.125 66.99 66.858 66.76 66.63 66.53 66.438 66.323 66.223 66.103 65.985 65.885 65.765 65.658 65.555 65.428 65.323 65.228 65.13 65.058 64.968 64.848 64.745 64.67 64.585 64.453 64.36 64.235 64.11 64.01 63.883 63.798 63.64 63.533 63.405 63.248 63.088 62.943 62.723 62.538 62.363 62.145 61.97 61.78 61.588 61.413 61.25 61.073 60.87 60.688 60.475 60.268 60.058 59.838 59.643 59.46
68.878 68.818 68.725 68.67 68.595 68.5 68.423 68.348 68.26 68.123 68.053 67.92 67.793 67.663 67.533 67.4 67.288 67.17 67.055 66.91 66.833 66.715 66.603 66.495 66.383 66.275 66.155 66.038 65.93 65.81 65.74 65.64 65.53 65.428 65.323 65.218 65.115 65.05 64.915 64.853 64.753 64.658 64.548 64.45 64.318 64.21 64.075 63.963 63.873 63.748 63.66 63.528 63.373 63.195 63.028 62.825 62.665 62.473 62.275 62.098 61.903 61.72 61.543 61.35 61.158 60.96 60.78 60.583 60.378 60.18 59.98 59.74 59.54
68.895 68.848 68.78 68.71 68.63 68.535 68.448 68.365 68.265 68.185 68.05 67.938 67.83 67.72 67.6 67.475 67.36 67.235 67.14 66.983 66.905 66.753 66.67 66.553 66.428 66.32 66.205 66.105 65.988 65.885 65.79 65.695 65.575 65.485 65.39 65.31 65.19 65.103 64.993 64.913 64.83 64.74 64.628 64.53 64.428 64.32 64.213 64.093 63.97 63.855 63.743 63.638 63.483 63.32 63.135 62.965 62.77 62.58 62.38 62.18 61.975 61.8 61.633 61.468 61.288 61.108 60.913 60.708 60.49 60.298 60.068 59.86 59.638
68.938 68.863 68.813 68.728 68.643 68.573 68.473 68.403 68.305 68.198 68.083 68 67.895 67.788 67.648 67.52 67.408 67.295 67.195 67.058 66.943 66.853 66.735 66.61 66.498 66.38 66.268 66.143 66.053 65.95 65.853 65.753 65.658 65.553 65.468 65.368 65.283 65.175 65.078 64.998 64.928 64.823 64.74 64.635 64.513 64.403 64.295 64.173 64.058 63.948 63.843 63.723 63.553 63.378 63.195 63.023 62.853 62.65 62.463 62.288 62.113 61.925 61.73 61.56 61.393 61.215 61.005 60.823 60.625 60.418 60.185 59.985 59.735
68.938 68.873 68.785 68.738 68.673 68.575 68.518 68.458 68.358 68.243 68.143 68.018 67.913 67.8 67.685 67.555 67.458 67.333 67.23 67.12 67.025 66.875 66.793 66.663 66.54 66.428 66.31 66.205 66.098 66.025 65.91 65.825 65.725 65.598 65.55 65.438 65.358 65.265 65.195 65.093 65.01 64.928 64.813 64.708 64.603 64.495 64.378 64.265 64.145 64.013 63.893 63.76 63.62 63.465 63.273 63.083 62.928 62.723 62.57 62.358 62.193 62 61.848 61.663 61.505 61.303 61.12 60.95 60.723 60.508 60.303 60.048 59.818
68.923 68.878 68.82 68.785 68.69 68.623 68.558 68.455 68.365 68.263 68.15 68.033 67.945 67.838 67.73 67.618 67.505 67.375 67.295 67.195 67.083 66.963 66.84 66.735 66.61 66.495 66.388 66.275 66.188 66.088 66.003 65.925 65.85 65.723 65.645 65.548 65.455 65.365 65.273 65.17 65.085 64.988 64.89 64.765 64.663 64.54 64.44 64.303 64.173 64.05 63.945 63.828 63.668 63.51 63.313 63.13 62.97 62.798 62.62 62.463 62.288 62.123 61.94 61.783 61.595 61.4 61.22 61.058 60.825 60.6 60.38 60.14 59.91
68.905 68.875 68.825 68.76 68.705 68.61 68.568 68.453 68.385 68.275 68.17 68.093 67.99 67.84 67.74 67.643 67.568 67.475 67.355 67.283 67.145 67.025 66.913 66.803 66.69 66.59 66.49 66.375 66.265 66.195 66.105 66.005 65.925 65.83 65.743 65.633 65.56 65.465 65.345 65.265 65.148 65.025 64.943 64.808 64.703 64.595 64.488 64.353 64.238 64.098 63.975 63.835 63.673 63.533 63.375 63.195 63.058 62.873 62.713 62.523 62.365 62.185 62.008 61.835 61.693 61.533 61.335 61.135 60.948 60.715 60.46 60.233 60.005
68.905 68.88 68.805 68.745 68.685 68.61 68.533 68.448 68.365 68.278 68.165 68.078 67.975 67.898 67.793 67.703 67.608 67.533 67.393 67.315 67.248 67.108 66.998 66.915 66.808 66.698 66.585 66.483 66.368 66.29 66.19 66.12 66.035 65.943 65.82 65.715 65.615 65.523 65.425 65.298 65.203 65.103 64.998 64.86 64.735 64.615 64.493 64.37 64.255 64.138 64 63.87 63.73 63.558 63.405 63.218 63.093 62.908 62.763 62.558 62.4 62.278 62.105 61.945 61.785 61.598 61.423 61.243 61.053 60.818 60.625 60.383 60.133
68.868 68.833 68.788 68.713 68.648 68.6 68.52 68.455 68.383 68.285 68.2 68.1 68.033 67.93 67.833 67.753 67.67 67.565 67.478 67.41 67.315 67.205 67.075 66.995 66.895 66.785 66.675 66.593 66.48 66.403 66.295 66.173 66.095 65.993 65.875 65.808 65.705 65.598 65.48 65.368 65.24 65.118 65.018 64.883 64.765 64.648 64.503 64.398 64.29 64.168 64.028 63.87 63.725 63.588 63.42 63.27 63.125 62.968 62.825 62.66 62.52 62.37 62.21 62.035 61.918 61.743 61.588 61.405 61.19 60.985 60.753 60.5 60.275
68.875 68.81 68.78 68.7 68.65 68.595 68.523 68.463 68.383 68.303 68.22 68.143 68.035 67.953 67.868 67.778 67.693 67.625 67.558 67.473 67.378 67.29 67.198 67.098 66.983 66.88 66.773 66.66 66.538 66.458 66.338 66.235 66.165 66.09 66 65.845 65.753 65.625 65.498 65.368 65.25 65.158 65.015 64.908 64.793 64.66 64.553 64.428 64.288 64.16 64.035 63.885 63.74 63.63 63.465 63.333 63.173 63.018 62.9 62.728 62.62 62.485 62.373 62.215 62.093 61.928 61.763 61.553 61.343 61.125 60.905 60.653 60.403
68.848 68.808 68.773 68.713 68.66 68.618 68.568 68.475 68.403 68.315 68.228 68.15 68.083 67.993 67.895 67.833 67.763 67.668 67.62 67.543 67.453 67.373 67.253 67.143 67.038 66.935 66.828 66.738 66.653 66.523 66.41 66.323 66.225 66.105 66.015 65.883 65.813 65.655 65.543 65.405 65.305 65.19 65.043 64.92 64.785 64.663 64.53 64.408 64.305 64.163 64.04 63.908 63.788 63.65 63.49 63.393 63.245 63.103 62.993 62.863 62.728 62.63 62.49 62.39 62.265 62.108 61.938 61.728 61.51 61.263 61.035 60.818 60.568
68.848 68.808 68.735 68.703 68.65 68.615 68.533 68.48 68.413 68.325 68.27 68.178 68.103 68.018 67.933 67.858 67.78 67.713 67.638 67.56 67.49 67.395 67.29 67.203 67.133 67.02 66.895 66.793 66.705 66.57 66.483 66.375 66.278 66.168 66.073 65.945 65.833 65.688 65.588 65.433 65.32 65.185 65.05 64.928 64.795 64.678 64.545 64.415 64.275 64.17 64.058 63.915 63.815 63.67 63.575 63.465 63.335 63.213 63.098 63.008 62.893 62.763 62.678 62.573 62.42 62.285 62.073 61.89 61.678 61.473 61.243 60.998 60.785
68.823 68.783 68.76 68.705 68.645 68.61 68.545 68.503 68.423 68.358 68.29 68.208 68.105 68.038 67.94 67.885 67.81 67.745 67.68 67.59 67.508 67.448 67.35 67.27 67.153 67.033 66.955 66.855 66.728 66.615 66.53 66.413 66.318 66.198 66.075 65.953 65.845 65.718 65.605 65.47 65.343 65.213 65.083 64.948 64.805 64.675 64.545 64.47 64.335 64.215 64.095 63.963 63.87 63.748 63.648 63.548 63.435 63.338 63.25 63.158 63.035 62.925 62.838 62.723 62.573 62.463 62.3 62.108 61.893 61.67 61.43 61.2 60.953
68.828 68.773 68.743 68.7 68.663 68.605 68.538 68.48 68.395 68.328 68.268 68.188 68.103 68.02 67.968 67.895 67.818 67.743 67.688 67.625 67.523 67.455 67.373 67.29 67.203 67.093 66.988 66.888 66.783 66.653 66.553 66.465 66.378 66.238 66.105 65.993 65.89 65.743 65.625 65.485 65.385 65.248 65.113 64.993 64.835 64.718 64.595 64.493 64.365 64.238 64.155 64.06 63.948 63.863 63.758 63.668 63.565 63.453 63.373 63.288 63.193 63.103 63.033 62.915 62.785 62.64 62.488 62.28 62.07 61.84 61.625 61.4 61.14
68.785 68.758 68.71 68.665 68.623 68.56 68.503 68.45 68.38 68.323 68.25 68.19 68.1 68.028 67.988 67.863 67.813 67.728 67.68 67.62 67.56 67.498 67.408 67.318 67.238 67.125 67.04 66.905 66.813 66.7 66.6 66.5 66.353 66.253 66.16 66.015 65.903 65.778 65.648 65.548 65.418 65.283 65.175 65.018 64.91 64.795 64.675 64.545 64.45 64.353 64.26 64.16 64.038 63.948 63.868 63.783 63.668 63.595 63.525 63.438 63.333 63.245 63.163 63.055 62.933 62.803 62.665 62.453 62.275 62.03 61.785 61.575 61.313
68.74 68.675 68.665 68.615 68.573 68.528 68.473 68.41 68.358 68.285 68.22 68.155 68.075 67.973 67.935 67.848 67.788 67.74 67.688 67.63 67.575 67.513 67.433 67.358 67.27 67.185 67.08 66.963 66.853 66.728 66.618 66.485 66.368 66.283 66.16 66.08 65.93 65.81 65.693 65.575 65.443 65.343 65.213 65.103 64.973 64.88 64.778 64.668 64.543 64.443 64.343 64.253 64.155 64.035 63.988 63.9 63.818 63.73 63.648 63.553 63.468 63.403 63.323 63.243 63.1 62.98 62.793 62.623 62.418 62.213 61.968 61.74 61.49
68.718 68.65 68.598 68.563 68.53 68.468 68.415 68.39 68.29 68.24 68.178 68.128 68.035 67.958 67.918 67.843 67.798 67.74 67.69 67.658 67.575 67.545 67.45 67.398 67.273 67.213 67.09 66.983 66.873 66.768 66.653 66.563 66.453 66.338 66.198 66.095 65.963 65.863 65.75 65.635 65.523 65.413 65.273 65.163 65.063 64.973 64.853 64.765 64.645 64.575 64.485 64.383 64.29 64.158 64.08 64.02 63.928 63.845 63.773 63.693 63.62 63.518 63.445 63.348 63.255 63.125 62.973 62.813 62.593 62.385 62.15 61.913 61.653
68.648 68.61 68.553 68.488 68.453 68.393 68.363 68.325 68.293 68.215 68.163 68.078 68.015 67.948 67.895 67.855 67.8 67.76 67.688 67.678 67.578 67.555 67.475 67.408 67.33 67.233 67.143 67.015 66.92 66.838 66.698 66.61 66.5 66.383 66.258 66.17 66.045 65.925 65.803 65.705 65.578 65.483 65.37 65.275 65.163 65.055 64.945 64.845 64.71 64.643 64.54 64.455 64.368 64.273 64.193 64.118 64.03 63.945 63.87 63.783 63.713 63.645 63.585 63.455 63.38 63.26 63.133 62.925 62.733 62.523 62.275 62.035 61.798
68.585 68.553 68.503 68.458 68.413 68.368 68.328 68.298 68.253 68.193 68.13 68.063 68.015 67.945 67.89 67.853 67.788 67.758 67.728 67.688 67.62 67.588 67.518 67.435 67.36 67.273 67.188 67.08 67 66.885 66.795 66.678 66.543 66.445 66.328 66.223 66.098 65.995 65.903 65.783 65.695 65.56 65.463 65.34 65.235 65.125 65.015 64.918 64.785 64.715 64.62 64.525 64.43 64.32 64.225 64.175 64.105 64.03 63.935 63.868 63.795 63.74 63.67 63.605 63.498 63.393 63.245 63.05 62.808 62.613 62.358 62.135 61.85
68.523 68.498 68.458 68.413 68.385 68.353 68.308 68.27 68.203 68.158 68.088 68.053 67.993 67.935 67.908 67.843 67.848 67.785 67.748 67.698 67.66 67.605 67.56 67.5 67.415 67.35 67.258 67.165 67.08 66.965 66.853 66.745 66.635 66.523 66.398 66.275 66.183 66.09 65.97 65.858 65.725 65.625 65.51 65.398 65.3 65.213 65.095 64.968 64.84 64.76 64.673 64.578 64.478 64.38 64.29 64.24 64.16 64.093 64.02 63.953 63.858 63.815 63.765 63.693 63.59 63.468 63.333 63.138 62.938 62.723 62.47 62.233 61.955
68.475 68.468 68.423 68.375 68.35 68.305 68.25 68.23 68.178 68.133 68.103 68.048 67.985 67.958 67.9 67.868 67.84 67.808 67.773 67.748 67.695 67.683 67.618 67.57 67.49 67.415 67.345 67.213 67.113 67.023 66.915 66.82 66.713 66.608 66.483 66.38 66.238 66.125 66 65.89 65.79 65.663 65.573 65.443 65.355 65.223 65.123 65.018 64.89 64.815 64.708 64.628 64.528 64.458 64.36 64.305 64.233 64.15 64.088 64.03 63.95 63.893 63.833 63.728 63.678 63.56 63.41 63.238 63.068 62.82 62.61 62.37 62.108
68.435 68.395 68.385 68.35 68.308 68.285 68.248 68.225 68.188 68.168 68.135 68.06 68.003 67.985 67.953 67.908 67.9 67.863 67.83 67.798 67.763 67.718 67.673 67.623 67.553 67.48 67.42 67.34 67.205 67.103 66.985 66.88 66.755 66.655 66.525 66.385 66.268 66.143 66.028 65.89 65.77 65.668 65.54 65.47 65.35 65.268 65.165 65.075 64.965 64.858 64.77 64.678 64.595 64.513 64.42 64.36 64.288 64.218 64.17 64.085 64.028 63.95 63.913 63.83 63.74 63.648 63.528 63.33 63.158 62.92 62.725 62.513 62.248
68.4 68.39 68.363 68.303 68.303 68.26 68.24 68.22 68.193 68.175 68.145 68.113 68.068 68.053 68.015 67.975 67.928 67.915 67.883 67.838 67.818 67.78 67.708 67.683 67.605 67.54 67.465 67.378 67.25 67.135 67.015 66.92 66.805 66.64 66.538 66.395 66.265 66.163 66.065 65.94 65.825 65.73 65.605 65.508 65.395 65.33 65.218 65.103 64.995 64.903 64.808 64.753 64.658 64.563 64.505 64.393 64.37 64.288 64.238 64.153 64.11 64.06 64.01 63.935 63.85 63.735 63.613 63.46 63.275 63.05 62.84 62.605 62.353
68.358 68.335 68.345 68.315 68.31 68.29 68.288 68.275 68.24 68.22 68.19 68.143 68.125 68.09 68.08 68.045 68.025 67.978 67.948 67.9 67.893 67.835 67.765 67.708 67.638 67.585 67.488 67.393 67.275 67.165 67.033 66.908 66.778 66.673 66.558 66.438 66.318 66.198 66.09 65.965 65.858 65.733 65.638 65.538 65.458 65.358 65.233 65.148 65.038 64.953 64.87 64.805 64.715 64.63 64.57 64.493 64.423 64.38 64.315 64.28 64.203 64.165 64.11 64.028 63.948 63.835 63.723 63.598 63.38 63.13 62.938 62.68 62.418
68.365 68.37 68.355 68.353 68.355 68.325 68.315 68.305 68.255 68.253 68.233 68.213 68.15 68.168 68.133 68.1 68.063 68.025 67.968 67.915 67.88 67.808 67.788 67.703 67.628 67.56 67.485 67.398 67.308 67.163 67.058 66.933 66.835 66.718 66.598 66.48 66.345 66.238 66.133 66.023 65.923 65.798 65.68 65.585 65.51 65.42 65.315 65.2 65.11 65.01 64.94 64.878 64.813 64.743 64.698 64.63 64.588 64.528 64.438 64.393 64.308 64.25 64.17 64.113 64.025 63.913 63.773 63.638 63.435 63.205 62.948 62.725 62.438
68.353 68.355 68.375 68.38 68.375 68.368 68.333 68.32 68.323 68.31 68.285 68.25 68.233 68.18 68.133 68.093 68.068 68.013 67.963 67.935 67.87 67.795 67.765 67.703 67.638 67.55 67.498 67.418 67.313 67.19 67.113 66.958 66.873 66.77 66.635 66.52 66.408 66.288 66.195 66.078 65.968 65.855 65.768 65.653 65.555 65.478 65.393 65.28 65.215 65.12 65.07 64.995 64.938 64.883 64.803 64.748 64.693 64.623 64.563 64.478 64.395 64.305 64.233 64.148 64.04 63.943 63.81 63.635 63.455 63.205 62.983 62.745 62.465
68.363 68.363 68.39 68.38 68.393 68.388 68.37 68.333 68.34 68.323 68.28 68.26 68.21 68.185 68.14 68.085 68.043 67.99 67.948 67.888 67.848 67.775 67.753 67.708 67.63 67.575 67.508 67.433 67.325 67.215 67.15 67.055 66.933 66.83 66.723 66.613 66.45 66.37 66.255 66.155 66.043 65.945 65.863 65.76 65.693 65.595 65.51 65.415 65.338 65.253 65.16 65.093 65.028 64.973 64.91 64.835 64.783 64.713 64.615 64.528 64.46 64.368 64.293 64.198 64.088 63.98 63.838 63.68 63.48 63.25 63.015 62.765 62.53
68.335 68.33 68.36 68.355 68.375 68.36 68.35 68.343 68.325 68.295 68.258 68.238 68.193 68.148 68.105 68.065 68.02 67.96 67.933 67.87 67.798 67.778 67.738 67.678 67.64 67.58 67.498 67.443 67.365 67.283 67.16 67.073 66.953 66.85 66.77 66.673 66.57 66.48 66.365 66.27 66.168 66.073 65.953 65.88 65.778 65.685 65.605 65.5 65.425 65.34 65.24 65.173 65.103 65.035 64.985 64.935 64.845 64.758 64.695 64.61 64.523 64.445 64.338 64.205 64.123 64.003 63.863 63.71 63.485 63.29 63.033 62.8 62.538
68.28 68.263 68.303 68.328 68.318 68.313 68.313 68.293 68.28 68.26 68.213 68.183 68.16 68.11 68.103 68.063 68.015 67.96 67.918 67.888 67.828 67.763 67.718 67.675 67.633 67.558 67.535 67.483 67.393 67.323 67.198 67.11 67.028 66.933 66.86 66.79 66.685 66.57 66.483 66.378 66.27 66.188 66.06 65.983 65.88 65.78 65.67 65.575 65.475 65.418 65.338 65.275 65.193 65.13 65.07 65.003 64.923 64.848 64.75 64.678 64.568 64.458 64.363 64.265 64.158 64.033 63.895 63.718 63.518 63.325 63.078 62.813 62.565
68.213 68.22 68.253 68.253 68.27 68.26 68.27 68.253 68.245 68.235 68.208 68.183 68.148 68.12 68.1 68.06 68.02 67.98 67.92 67.88 67.82 67.763 67.708 67.663 67.62 67.583 67.56 67.503 67.44 67.375 67.298 67.205 67.118 67.02 66.955 66.855 66.763 66.65 66.55 66.435 66.353 66.283 66.163 66.063 65.953 65.84 65.753 65.635 65.543 65.453 65.388 65.31 65.253 65.188 65.12 65.05 64.958 64.905 64.82 64.725 64.61 64.515 64.4 64.298 64.195 64.07 63.948 63.768 63.55 63.36 63.128 62.888 62.625
68.1 68.13 68.203 68.22 68.203 68.225 68.225 68.218 68.213 68.205 68.183 68.175 68.155 68.135 68.118 68.08 68.035 67.955 67.915 67.85 67.798 67.74 67.703 67.653 67.628 67.618 67.565 67.525 67.475 67.423 67.353 67.255 67.178 67.103 67.013 66.918 66.83 66.73 66.608 66.515 66.43 66.323 66.233 66.11 65.995 65.918 65.803 65.705 65.615 65.52 65.455 65.395 65.33 65.268 65.188 65.1 65.035 64.943 64.865 64.773 64.67 64.578 64.488 64.388 64.233 64.095 63.978 63.79 63.625 63.403 63.173 62.905 62.68
