data/LIDAR-DSM-2M-NZ24se/nz2940_DSM_2M.asc
ncols 500
nrows 500
xllcorner    429000
yllcorner    540000
cellsize     2
NODATA_value -9999
[rows 0 to 32 of 500, columns 219 to 291 of 500]
71.717 71.907 72.257 72.527 72.845 73.145 73.47 73.707 73.877 73.97 74.002 73.97 73.887 73.745 73.565 73.382 73.165 72.89 72.637 72.39 72.172 71.992 71.825 71.617 71.41 71.142 70.84 71.05 72.47 70.29 69.41 69.332 69.132 68.907 68.835 68.797 68.835 68.942 69.037 69.127 69.257 69.442 69.635 69.89 70.135 70.28 70.327 70.57 70.655 70.73 70.792 70.652 70.385 70.08 69.98 69.835 69.587 69.365 69.192 68.987 68.767 68.56 68.33 68.07 67.875 67.655 67.37 67.105 66.827 66.56 66.352 66.187 65.992
71.97 72.15 72.495 72.822 73.112 73.422 73.717 73.972 74.17 74.275 74.31 74.28 74.187 74.075 73.915 73.715 73.45 73.18 72.942 72.737 72.527 72.355 72.162 71.977 71.742 71.487 71.165 72 70.995 69.905 69.872 69.765 69.527 69.275 69.102 69.13 69.205 69.29 69.4 69.49 69.532 69.707 69.897 70.082 70.29 70.397 70.582 70.89 71.117 71.297 71.26 70.865 70.645 70.465 70.25 70.025 69.86 69.637 69.407 69.222 68.987 68.78 68.585 68.305 68.112 67.862 67.595 67.332 67.067 66.782 66.605 66.46 66.257
72.287 72.44 72.745 73.037 73.365 73.67 73.957 74.22 74.472 74.57 74.615 74.585 74.525 74.395 74.245 74.052 73.775 73.5 73.277 73.087 72.91 72.74 72.555 72.375 72.105 71.852 71.555 71.18 70.35 70.2 70.097 70.042 69.902 69.655 69.545 69.465 69.485 69.585 69.79 69.817 69.855 69.995 70.112 70.285 70.455 70.635 70.982 71.26 71.6 71.715 71.61 71.282 70.97 70.822 70.612 70.22 70.032 69.84 69.627 69.367 69.187 68.992 68.792 68.547 68.312 68.07 67.797 67.555 67.275 67.027 66.832 66.727 66.537
72.525 72.675 72.992 73.297 73.635 73.955 74.237 74.545 74.767 74.897 74.937 74.915 74.852 74.74 74.597 74.37 74.137 73.857 73.685 73.475 73.31 73.142 72.975 72.765 72.527 72.66 71.882 71.177 70.745 70.475 70.5 70.415 70.227 70.147 69.88 69.747 69.817 69.84 69.982 70.027 70.155 70.32 70.5 70.575 70.775 70.98 71.405 71.852 72.077 72.185 72.122 71.882 71.457 71.137 70.78 70.547 70.332 70.035 69.757 69.517 69.41 69.202 68.995 68.77 68.52 68.282 68.045 67.787 67.495 67.267 67.115 66.987 66.852
72.932 72.99 73.232 73.555 73.872 74.192 74.515 74.832 75.062 75.192 75.237 75.255 75.202 75.112 74.92 74.72 74.487 74.245 74.067 73.897 73.747 73.575 73.385 73.16 72.967 73.212 72.05 71.162 70.927 70.807 70.702 70.627 70.552 70.34 70.167 70.082 70.072 70.115 70.22 70.347 70.495 70.672 70.795 70.945 71.142 71.392 71.98 72.292 72.547 72.702 72.717 72.565 72.102 71.52 71.15 70.88 70.482 70.142 69.957 69.732 69.535 69.367 69.195 68.98 68.742 68.477 68.252 68.007 67.677 67.507 67.375 67.222 67.147
73.055 73.26 73.567 73.86 74.157 74.432 74.782 75.085 75.307 75.457 75.577 75.62 75.57 75.442 75.255 75.055 74.845 74.647 74.477 74.332 74.165 74.037 73.812 73.56 73.307 73.02 71.845 71.39 71.175 71.09 70.95 70.817 70.637 70.452 70.375 70.382 70.355 70.445 70.525 70.76 70.892 71.002 71.087 71.31 71.462 71.995 72.46 72.745 72.97 73.162 73.237 73.115 72.702 72.095 71.84 71.48 70.82 70.282 70.047 69.98 69.782 69.51 69.325 69.157 68.917 68.705 68.487 68.207 67.925 67.757 67.62 67.482 67.44
73.192 73.477 73.842 74.112 74.417 74.702 75.042 75.377 75.615 75.782 75.92 76.012 75.975 75.807 75.612 75.407 75.215 75.062 74.89 74.757 74.632 74.495 74.26 73.975 73.395 72.735 71.882 71.615 71.405 71.227 71.1 70.977 70.837 70.65 70.627 70.655 70.657 70.755 70.907 71.09 71.155 71.335 71.332 71.585 71.99 72.515 72.987 73.322 73.54 73.672 73.812 73.682 73.272 73.687 73.92 72.392 70.842 70.545 70.147 70.022 69.897 69.675 69.43 69.265 69.055 68.912 68.712 68.402 68.177 68.017 67.86 67.745 67.687
73.69 73.722 74.087 74.327 74.637 74.985 75.277 75.597 75.955 76.215 76.35 76.395 76.337 76.197 75.957 75.757 75.612 75.477 75.337 75.207 75.075 74.915 74.685 74.507 73.68 72.69 72.072 71.83 71.672 71.442 71.327 71.177 71.005 70.892 70.85 70.86 70.945 71.112 71.202 71.302 71.832 71.627 71.692 71.967 72.507 73.085 73.582 74.005 74.247 74.327 74.337 74.195 73.927 73.822 73.94 72.86 72.052 71.052 70.37 70.11 70.007 69.795 69.507 69.335 69.187 69.087 68.892 68.627 68.42 68.24 68.062 67.972 67.925
75.915 74.065 74.372 74.557 74.857 75.145 75.522 76.085 76.552 76.817 76.94 76.915 76.78 76.585 76.342 76.137 76.002 75.897 75.767 75.66 75.53 75.312 75.117 74.86 74.297 73.005 72.232 71.957 71.705 71.655 71.567 71.452 71.22 71.05 71.022 71.105 71.187 71.317 71.45 72.175 73.687 72.05 72.107 72.525 73.11 73.625 74.127 74.587 75.295 74.945 74.902 74.627 74.317 73.5 72.75 73.245 72.65 71.092 70.632 70.332 70.107 69.847 69.61 69.462 69.3 69.182 69.032 68.847 68.655 68.405 68.3 68.205 68.147
74.58 74.305 74.705 74.72 75.04 75.49 76.057 76.637 77.192 77.482 77.512 77.432 77.235 77.002 76.752 76.54 76.405 76.305 76.22 76.11 75.935 75.742 75.615 75.155 73.977 73.125 72.397 72.077 71.902 71.785 71.61 71.62 71.467 71.207 71.212 71.312 71.437 71.622 71.687 72.637 73.455 72.417 72.615 73.117 73.685 74.222 74.74 76.795 77.765 75.405 75.32 75.017 74.525 74.205 74.017 73.055 72.607 71.185 70.89 70.61 70.222 69.93 69.835 69.65 69.5 69.377 69.215 69.04 68.845 68.665 68.535 68.43 68.317
75.63 77.025 75.617 75.02 75.427 76 76.735 77.642 77.885 78.08 78.087 77.947 77.712 77.427 77.165 76.955 76.807 76.75 76.662 76.53 76.347 76.237 75.987 75.777 75.107 73.325 74.142 72.307 72.01 71.875 71.782 71.722 71.617 71.397 71.427 71.57 71.74 71.897 72.032 72.4 72.682 72.817 73.145 75.517 74.365 74.912 75.365 76.795 77.352 75.852 75.707 75.362 74.932 74.682 74.947 73.732 71.87 71.402 71.047 70.695 70.507 70.257 69.98 69.817 69.71 69.582 69.43 69.315 69.092 68.96 68.827 68.65 68.547
76.985 78.307 76.102 75.527 76.092 76.77 77.73 78.592 78.567 78.69 78.65 78.445 78.155 77.865 77.597 77.39 77.26 77.155 77.102 76.96 76.83 76.642 76.405 76.152 74.932 74.622 72.927 72.527 72.212 72.055 71.92 71.855 71.767 71.587 71.702 71.85 72.025 72.21 72.485 72.865 73.047 73.325 73.797 74.44 75.107 75.71 75.882 76.13 76.185 76.137 75.962 75.625 75.217 74.752 73.932 73.185 72.19 71.652 71.27 70.932 70.722 70.467 70.305 70.135 69.987 69.82 69.687 69.582 69.38 69.21 69.05 68.872 68.77
76.362 75.997 75.642 76.052 76.68 77.415 78.207 78.847 79.17 79.272 79.15 78.902 78.6 78.29 78.015 77.81 77.685 77.59 77.525 77.405 77.215 77.157 76.692 75.872 75.295 74.442 73.277 72.795 72.49 72.245 72.137 72.025 71.887 71.85 71.917 72.12 72.392 72.712 73.047 73.247 73.575 73.982 74.477 75.107 75.797 76.202 76.397 76.5 76.48 76.382 76.167 75.895 75.47 75.04 76.147 75.98 72.582 71.892 71.48 71.207 70.925 70.692 70.542 70.377 70.23 70.065 69.94 69.842 69.635 69.455 69.295 69.115 69.017
75.322 75.972 76.065 76.707 77.49 78.227 79.015 79.552 79.715 79.715 79.567 79.3 79.022 78.677 78.42 78.262 78.107 78.027 77.922 77.802 77.65 77.587 77.247 76.592 76.072 74.875 74.007 73.2 72.647 72.455 72.37 72.195 72.087 72.095 72.215 72.417 72.772 73.275 73.47 73.685 74.085 74.55 75.175 76.11 76.475 76.767 76.835 76.855 76.827 76.625 76.402 76.115 75.802 75.27 75.83 73.93 72.962 72.235 71.73 71.492 71.21 70.905 70.692 70.575 70.412 70.34 70.2 70.072 69.91 69.727 69.535 69.422 69.307
75.387 75.952 76.71 77.495 78.272 79.135 79.667 80.052 80.2 80.11 79.94 79.645 79.35 79.072 78.83 78.685 78.552 78.437 78.277 78.155 78.045 77.985 77.785 77.887 76.487 75.742 75.08 73.66 72.867 72.645 72.552 72.435 72.365 72.347 72.475 72.687 72.997 73.525 73.73 74.015 74.37 75.01 75.86 77.725 77.125 77.165 77.272 77.252 77.08 76.84 76.572 76.322 75.937 75.467 74.805 74.095 73.377 72.63 72.145 71.765 71.422 71.12 70.965 70.782 70.59 70.525 70.437 70.357 70.225 70.042 69.86 69.72 69.64
76.36 77.935 81.317 81.355 80.227 79.812 79.967 80.37 80.665 80.465 80.23 79.977 79.702 79.427 79.23 79.092 78.98 78.822 78.667 78.55 78.502 79.81 79.035 78.872 76.882 76.072 76.092 74.367 73.742 73.022 72.747 72.705 72.627 72.62 72.755 72.947 73.302 73.705 73.872 74.102 74.71 75.467 76.292 77.135 77.215 77.4 77.49 77.415 77.222 76.957 76.677 76.465 76.13 75.672 75.047 74.435 73.77 73.145 72.575 72.222 71.88 71.552 71.265 71.05 70.925 70.752 70.697 70.607 70.467 70.302 70.147 70.052 70.002
77.272 82.905 85.375 84.64 81.567 80.385 80.292 80.445 80.95 80.822 80.6 80.35 80.072 80.167 80.172 80.085 79.397 79.27 79.14 79.027 79.025 79.072 79.75 78.847 77.587 76.775 76.037 76.175 75.7 73.997 73.357 73.022 72.99 72.962 73 73.32 73.765 73.875 73.99 74.255 75.097 75.932 76.682 77.19 77.425 77.525 77.617 77.627 77.527 77.255 76.872 76.79 76.522 76.08 75.585 75.067 74.505 74.007 73.487 72.86 72.517 72.147 71.642 71.402 71.212 71.082 70.967 70.86 70.707 70.58 70.457 70.375 70.32
78.592 83.715 84.58 83.59 81.4 81.372 81.29 81.345 81.53 82.535 82.962 80.955 80.815 82.782 82.937 83.46 80.87 79.7 79.737 79.6 79.595 79.545 79.93 80.362 78.155 77.375 76.957 76.43 75.422 74.73 74.342 74.287 73.63 73.3 73.402 73.802 74.012 74.047 74.095 74.36 75.307 76.23 76.785 77.267 77.732 77.962 78.092 77.982 77.657 77.287 76.985 76.68 76.272 75.82 75.432 75.162 74.787 74.487 74.025 73.512 73.045 72.617 72.177 71.925 71.682 71.522 71.325 71.217 71.012 70.882 70.822 70.74 70.685
79.127 81.067 81.555 81.2 81.632 82.002 82.425 82.492 82.27 83.85 85.405 82.565 81.385 84.535 85.165 84.467 81.74 80.215 82.682 81.23 80.81 81.01 79.972 80.255 78.967 79.042 79.477 77.582 77.225 75.802 75.547 74.522 73.8 73.675 73.955 74.122 74.132 74.127 74.09 74.315 75.292 76.165 76.997 77.655 77.96 78.005 77.932 77.78 77.595 77.375 77.06 76.697 76.332 75.982 75.702 75.55 75.432 75.26 74.945 74.525 73.915 73.37 72.805 72.397 72.237 72.072 71.79 71.597 71.385 71.232 71.17 71.105 71.082
82.055 81.045 81.102 82.247 82.482 82.59 83.027 83.045 82.7 83.35 85.032 83.015 81.79 82.49 84.085 83.4 81.082 80.672 81.377 81.607 80.605 80.657 81.705 80.04 80.002 80.325 80.685 78.81 78.725 78.455 75.722 75.005 74.3 74.217 74.367 74.277 74.212 74.127 74.1 74.735 76.467 76.547 77.25 77.625 77.902 78.065 78.067 77.93 77.742 77.495 77.18 76.822 76.482 76.2 75.957 75.807 75.65 75.565 75.425 75.2 74.675 74.085 73.455 72.922 72.632 72.542 72.367 72.202 72.087 71.892 71.64 71.42 72.037
80.947 81.285 81.862 82.75 83.282 83.387 83.442 83.155 82.845 82.577 82.39 82.202 82.057 81.872 82.265 81.717 81.345 81.195 81.17 81.06 80.875 80.642 80.465 80.202 79.905 79.682 79.245 78.762 78.89 78.05 77.91 75.612 74.782 74.63 74.55 74.402 74.317 74.257 74.357 75.292 77.88 76.75 77.29 77.767 78.075 78.22 78.202 78.077 77.865 77.61 77.307 77.01 76.662 76.432 76.247 76.125 75.945 75.807 75.642 75.47 75.207 74.685 74.01 73.495 73.13 72.922 72.697 72.54 72.422 72.227 71.907 71.717 71.825
81.647 82.235 82.93 83.45 83.852 83.825 83.645 83.317 83.035 82.82 82.62 82.492 82.347 82.175 82.05 81.91 81.762 81.61 81.455 81.297 81.085 80.857 80.595 80.357 80.077 79.745 79.322 78.82 78.307 77.637 77.527 75.7 75.06 74.827 74.685 74.56 74.577 74.58 74.835 75.445 76.432 76.847 77.422 77.875 78.197 78.365 78.357 78.21 78.037 77.772 77.48 77.23 76.927 76.722 76.567 76.467 76.297 76.087 75.93 75.69 75.5 75.17 74.572 74 73.597 73.385 73.222 73.12 73.04 72.89 72.632 72.622 74.292
82.83 83.537 84.035 84.225 84.192 84.05 83.795 83.477 83.24 83.07 82.882 82.747 82.595 82.447 82.31 82.185 82.02 81.89 81.665 81.462 81.227 80.98 80.717 80.485 80.18 79.812 79.35 78.832 78.282 77.625 76.667 75.817 75.147 74.92 74.78 74.63 74.575 74.642 75.027 75.715 76.397 77.025 77.51 77.99 78.335 78.537 78.527 78.432 78.227 77.97 77.687 77.467 77.182 77.035 76.92 76.802 76.67 76.405 76.247 75.955 75.732 75.487 75.037 74.452 74.15 74.08 73.965 73.802 73.702 73.687 73.602 73.645 73.702
83.932 84.415 84.607 84.51 84.37 84.162 83.877 83.59 83.395 83.225 83.127 82.977 82.845 82.72 82.565 82.417 82.27 82.087 81.875 81.627 81.36 81.077 80.807 80.527 80.175 79.815 79.355 78.8 78.232 77.507 76.482 75.692 75.192 75.022 74.822 74.665 74.69 74.922 75.47 76.06 76.647 77.23 77.71 78.19 78.5 78.71 78.702 78.62 78.42 78.177 77.927 77.712 77.467 77.337 77.27 77.152 77.045 76.777 76.61 76.325 76.015 75.802 75.442 74.912 74.867 74.737 74.67 74.585 74.54 74.582 75.98 75.53 74.837
84.762 84.887 84.777 84.622 84.455 84.207 83.947 83.737 83.587 83.442 83.325 83.177 83.05 82.92 82.785 82.615 82.437 82.252 82.025 81.787 81.52 81.207 80.892 80.582 80.19 79.785 79.262 78.702 78.18 77.257 76.335 75.705 75.277 75.167 74.965 74.882 75.117 75.397 75.812 76.32 76.922 77.462 77.962 78.42 78.72 78.902 78.895 78.78 78.595 78.367 78.157 77.95 77.812 77.637 77.617 77.52 77.415 77.152 76.942 76.682 76.31 76.075 75.762 75.395 75.505 75.44 75.417 75.362 75.277 76.427 76.207 77.392 76.082
85.127 85.037 84.907 84.757 84.557 84.285 84.092 83.915 83.81 83.677 83.56 83.415 83.275 83.17 83.01 82.81 82.64 82.462 82.225 81.96 81.667 81.367 81.015 80.66 80.242 79.755 79.202 78.615 78.015 77.282 76.36 75.732 75.53 75.382 75.135 75.2 75.375 75.697 76.12 76.68 77.26 77.777 78.25 78.695 78.965 79.08 79.042 78.91 78.765 78.535 78.4 78.217 78.147 77.952 77.977 77.87 77.762 77.545 77.29 77.032 76.667 76.407 76.122 75.762 75.907 75.942 76.052 76.11 76.305 76.685 76.692 77.695 77.642
85.215 85.125 84.997 84.875 84.677 84.442 84.315 84.195 84.067 83.902 83.74 83.6 83.477 83.37 83.207 83.015 82.827 82.61 82.375 82.08 81.785 81.465 81.12 80.735 80.262 79.717 79.16 78.56 77.972 77.177 76.355 75.93 75.8 75.52 75.387 75.472 75.712 76.065 76.53 77.055 77.622 78.147 78.555 78.972 79.217 79.26 79.185 79.082 78.97 78.792 78.682 78.5 78.455 78.33 78.325 78.265 78.135 77.967 77.655 77.39 77.012 76.785 76.45 76.195 76.322 76.4 76.612 76.81 77.225 77.937 77.465 77.67 78.07
85.3 85.232 85.137 85.025 84.86 84.697 84.557 84.427 84.27 84.105 83.955 83.822 83.672 83.555 83.415 83.2 82.977 82.777 82.507 82.207 81.907 81.552 81.172 80.772 80.252 79.717 79.107 78.547 77.995 77.047 76.39 76.167 75.942 75.685 75.69 75.832 76.16 76.495 77 77.522 78.02 78.522 78.892 79.242 79.407 79.445 79.357 79.267 79.147 79.01 78.93 78.807 78.802 78.71 78.697 78.682 78.517 78.345 78.012 77.752 77.407 77.105 76.81 76.6 76.742 76.88 77.117 77.365 77.652 77.927 78.167 78.377 78.7
85.442 85.367 85.297 85.237 85.06 84.892 84.765 84.61 84.467 84.315 84.145 83.975 83.87 83.735 83.557 83.355 83.167 82.917 82.642 82.315 81.985 81.625 81.257 80.815 80.272 79.705 79.105 78.545 77.89 76.937 76.59 76.367 76.062 75.845 76.007 76.255 76.585 76.992 77.46 78.007 78.5 78.94 79.262 79.567 79.682 79.632 79.547 79.457 79.327 79.235 79.19 79.102 79.122 79.082 79.032 79.067 78.917 78.74 78.37 78.072 77.75 77.445 77.225 76.99 77.125 77.332 77.57 77.882 78.19 78.5 78.78 78.99 79.202
85.595 85.507 85.432 85.382 85.162 85.055 84.95 84.832 84.685 84.535 84.35 84.162 84.057 83.89 83.712 83.522 83.297 83.082 82.802 82.482 82.135 81.737 81.285 80.825 80.275 79.672 79.092 78.505 77.615 77.03 76.795 76.527 76.195 76.157 76.445 76.715 77.09 77.502 77.937 78.52 78.915 79.345 79.612 79.872 79.9 79.832 79.745 79.622 79.542 79.445 79.445 79.347 79.397 79.407 79.317 79.385 79.255 79.092 78.782 78.447 78.112 77.795 77.627 77.392 77.535 77.767 78.025 78.4 78.682 79.027 79.295 79.517 79.68
85.735 85.692 85.66 85.552 85.327 85.23 85.105 84.972 84.84 84.677 84.485 84.33 84.215 84.052 83.872 83.65 83.432 83.227 82.932 82.63 82.267 81.857 81.425 80.895 80.32 79.717 79.127 78.43 77.562 77.187 76.977 76.662 76.432 76.667 76.902 77.222 77.592 78.025 78.492 78.99 79.395 79.747 79.957 80.142 80.127 80.052 79.925 79.807 79.742 79.657 79.647 79.61 79.612 79.632 79.572 79.612 79.545 79.387 79.152 78.815 78.485 78.18 77.997 77.797 77.922 78.18 78.452 78.857 79.125 79.502 79.785 80.01 80.122
85.965 85.93 85.81 85.57 85.412 85.282 85.152 85.012 84.86 84.71 84.555 84.44 84.287 84.122 83.932 83.735 83.507 83.247 82.952 82.617 82.227 81.815 81.352 80.8 80.22 79.637 79.035 78.177 77.682 77.415 77.112 76.832 76.867 77.157 77.43 77.767 78.13 78.57 79.025 79.472 79.862 80.145 80.327 80.43 80.372 80.277 80.135 80.065 79.972 79.887 79.877 79.845 79.807 79.857 79.777 79.817 79.782 79.632 79.43 79.117 78.825 78.542 78.382 78.207 78.287 78.597 78.86 79.255 79.542 79.882 80.152 80.42 80.482
86.13 85.99 85.74 85.56 85.445 85.32 85.2 85.047 84.882 84.732 84.635 84.532 84.365 84.19 83.997 83.792 83.577 83.332 83.017 82.65 82.26 81.812 81.292 80.762 80.22 79.63 78.857 78.217 77.915 77.622 77.267 77.177 77.445 77.687 77.972 78.33 78.7 79.135 79.54 79.965 80.275 80.512 80.632 80.672 80.612 80.497 80.39 80.305 80.225 80.147 80.112 80.08 80.025 80.08 79.97 79.97 79.982 79.832 79.667 79.395 79.167 78.885 78.757 78.597 78.65 78.962 79.19 79.6 79.89 80.192 80.457 80.7 80.78
