data/LIDAR-DSM-2M-NZ24se/nz2942_DSM_2M.asc
ncols 500
nrows 500
xllcorner    429000
yllcorner    542000
cellsize     2
NODATA_value -9999
[rows 384 to 415 of 500, columns 144 to 215 of 500]
89.208 88.748 88.763 88.89 89.765 92.083 94.06 95.353 95.833 95.68 90.043 89.1 89.225 89.46 89.418 89.458 89.388 89.508 89.565 89.513 89.7 95.025 97.218 96.403 92.035 89.97 90.025 90.128 90.258 91.518 90.925 90.798 90.795 90.78 90.785 90.798 90.843 90.993 91.375 91.063 91.113 90.895 91.003 91.115 91.175 91.15 91.168 91.158 91.245 91.543 93.265 95.138 96.455 97.143 97.635 98.108 94.025 94.56 97.733 97.285 96.448 94.658 92.413 93.92 92.315 92.463 92.11 92.175 93.17 92.743 92.84 92.088
88.505 88.655 91.505 94.093 95.563 96 96.608 96.418 96.27 95.7 91.978 89.053 89.215 89.443 89.408 89.415 89.335 89.608 89.423 89.47 89.59 95.105 97.458 96.318 91.19 89.985 90.33 91.675 90.72 91.6 90.773 90.803 90.8 91.298 91.135 90.835 90.905 90.98 90.998 90.97 90.988 90.998 91.058 91.115 91.128 91.365 91.488 91.18 91.64 93.335 96.8 97.218 97.693 98.113 98.18 97.908 96.9 91.855 96.328 94.885 94.02 92.64 91.55 91.775 91.673 91.93 91.72 91.573 92.073 92.043 92.36 92.068
88.733 88.52 92.12 95.875 96.36 96.058 95.74 94.943 93.623 91.963 89.968 89.043 89.19 89.365 89.333 89.368 89.325 89.448 89.385 89.415 89.74 95.673 97.16 96.188 90.643 89.915 90.06 90.27 90.468 91.188 91.01 90.813 90.835 91.64 91.59 91.178 91.143 90.955 91.04 90.978 91.015 91.105 91.49 91.298 91.08 91.105 91.333 91.063 91.565 91.778 97.028 98.165 98.118 97.813 97.305 96.825 94.743 92.128 93.015 93.5 92.413 92.115 91.683 91.655 91.7 91.783 91.93 91.805 92.088 92.165 92.253 92.098
88.473 88.413 90.258 95.068 94.793 92.285 90.933 89.633 89 89.033 88.96 89.045 89.253 89.328 89.28 89.315 89.253 89.348 89.345 89.39 90.753 95.918 97.243 96.103 90.545 89.968 90.038 90.198 90.468 90.895 91.388 91.545 90.783 90.743 90.89 90.998 91.488 90.893 91.185 92.518 93.403 92.425 91.635 91.053 91.118 91.05 91.058 91.07 91.085 91.195 94.655 97.75 97.26 96.485 95.25 92.85 91.203 91.293 91.758 91.503 91.685 92.66 92.405 91.735 91.775 91.978 92.443 91.958 91.933 91.99 92.058 92.115
88.04 88.615 88.85 89.915 89.208 88.775 88.788 89.083 88.883 88.993 88.928 88.985 89.178 89.258 89.253 89.268 89.243 89.438 89.773 90.073 90.515 96.005 97.255 96.03 90.155 90.05 90.08 90.213 90.37 91.035 90.918 90.833 90.723 90.763 90.823 90.8 90.813 90.888 92.728 96.878 97.013 94.805 91.05 91.038 91.288 91.088 91.075 91.07 91.033 91.183 91.33 95.448 94.065 92.35 91.645 91.258 91.245 91.345 91.62 91.655 91.62 92.948 93.693 91.845 91.88 91.988 92.04 91.938 91.978 92.045 92.05 92.08
88.143 88.395 88.5 88.563 88.6 88.643 88.71 88.988 88.898 88.823 88.863 88.945 89.093 89.195 89.203 89.213 89.208 89.29 89.705 90.353 91.36 96.09 97.448 95.415 90 90.23 90.28 90.61 90.853 91.378 91.053 90.73 90.733 90.77 90.803 90.818 90.84 90.888 91.565 96.91 97.39 95.128 91.038 91.103 91.545 91.078 91.068 91.083 91.035 91.195 91.825 91.308 91.14 91.135 91.305 91.288 91.325 91.428 91.55 92.563 93.408 93.448 93.255 91.893 91.938 91.95 91.973 92.018 92.025 92.078 92.083 92.11
88.515 88.235 88.395 88.435 88.473 88.585 88.663 88.695 88.828 88.77 88.833 88.938 89.093 89.158 89.148 89.19 89.47 89.643 89.468 89.633 90.93 96.19 97.235 95.84 90.073 90.018 90.238 90.22 92.063 91.99 90.765 90.883 90.728 90.72 90.768 90.83 90.85 90.868 91.27 96.518 97.415 95.53 91.133 91.435 91.795 91.07 91.065 91.108 91.055 91.168 91.585 92.868 91.478 91.28 91.51 92.42 91.688 91.653 91.703 91.865 92.028 91.88 91.925 91.955 91.998 92.023 92.068 92.068 92.1 92.093 92.115 92.15
89.098 88.93 88.753 88.248 88.648 88.53 88.573 88.63 88.723 88.783 88.9 89.273 89.053 89.07 89.098 89.345 89.923 89.245 89.41 89.505 91.358 96.293 97.21 94.665 89.84 89.963 90.06 90.138 90.88 91.493 92.45 92.633 91.088 90.715 90.765 90.925 90.895 90.953 91.12 96.08 97.783 96.038 91.233 91.45 91.245 91.125 91.078 91.115 91.078 91.165 91.263 92.468 92.67 92.688 92 92.355 91.57 91.643 91.723 91.808 91.868 91.905 91.92 91.978 92.023 92.05 92.095 92.123 92.13 92.145 92.13 92.173
87.948 88.535 89.908 89.433 88.383 88.625 88.498 88.53 88.735 88.763 88.878 89.638 89.558 88.963 89.073 89.198 89.513 89.223 90.89 91.013 91.355 96.375 97.358 95.165 90.368 89.985 90.023 90.12 90.423 91.475 92.48 92.945 92.068 91.385 91.955 91.61 91.373 91.02 90.968 94.2 97.42 96.643 92.46 91.263 91.168 91.14 91.068 91.105 91.068 91.113 91.29 91.385 91.465 91.575 91.44 91.525 91.608 91.695 91.768 91.815 91.873 91.89 91.925 92.008 92.05 92.058 92.083 92.128 92.18 92.193 92.193 92.23
87.935 87.995 88.398 89.015 88.13 88.28 88.34 88.758 88.578 88.623 88.865 89.248 88.865 88.913 89.003 89.035 89.01 89.565 90.39 90.44 91.708 96.465 97.18 93.98 91.188 91.578 91.125 91.673 91.735 91.635 92.413 92.46 91.185 90.728 90.798 90.783 90.873 91 90.905 93.138 97.155 97.138 94.933 91.293 91.91 91.37 91.095 91.113 91.105 91.108 91.253 91.305 91.355 91.493 91.515 91.573 91.658 91.715 91.753 91.81 91.885 91.898 91.925 92 92.075 92.083 92.12 92.173 92.215 92.23 92.255 92.293
88.123 87.998 88.075 88.15 88.193 88.225 88.258 88.425 88.468 88.555 88.663 88.725 88.813 88.91 88.968 88.983 88.985 89.088 90.02 90.335 92.078 96.56 97.07 94.405 89.965 90.335 90.353 90.905 92.113 92.218 90.935 91.823 90.74 90.883 90.848 90.77 90.818 91.123 90.988 92.153 96.918 97.29 94.118 91.313 91.593 91.365 91.103 91.138 91.12 91.108 91.188 91.28 91.325 91.475 91.475 91.575 91.663 91.725 91.768 91.85 91.9 91.918 91.955 91.983 92.063 92.13 92.158 92.205 92.25 92.29 92.333 92.363
88.868 88.618 88.19 88.16 88.283 88.283 88.325 88.355 88.405 88.54 88.583 88.668 88.78 88.87 88.905 88.948 88.95 89.293 89.353 89.433 93.2 96.64 96.978 93.54 89.875 89.928 90.058 90.135 91.33 91.058 90.748 91.19 90.85 90.88 90.935 90.783 90.84 91.218 91.07 91.008 96.36 97.37 94.725 91.183 91.22 91.34 91.755 91.36 91.155 91.12 91.228 91.28 91.32 91.418 91.493 91.608 91.68 91.725 91.788 91.86 91.9 91.92 91.968 92.003 92.073 92.143 92.185 92.225 92.278 92.365 92.395 92.443
88.108 88.188 88.595 88.615 88.75 89.425 88.415 88.398 88.453 88.533 88.593 88.643 88.745 88.818 88.875 88.94 88.88 89.485 89.713 89.51 92.298 96.745 96.905 93.453 89.903 89.925 90.045 90.128 90.208 90.7 90.78 92.145 91.425 91.28 91.05 90.705 90.81 90.833 90.878 90.92 95.29 97.44 96.675 92.49 91.148 91.178 91.528 91.523 91.158 91.128 91.273 91.298 91.33 91.423 91.53 91.64 91.69 91.758 91.823 91.855 91.885 91.92 91.968 92.01 92.09 92.158 92.21 92.28 92.35 92.398 92.413 92.428
87.92 87.988 88.33 88.728 88.698 89.513 89.555 88.415 88.445 88.488 88.55 88.633 88.693 88.785 88.823 88.883 88.888 90.585 91.435 90.455 93.75 97.143 96.855 92.57 90.023 89.948 90.013 90.083 90.175 90.525 91.45 90.68 90.608 90.655 90.723 90.735 90.71 91.075 90.858 90.883 93.958 97.395 96.9 92.143 91.168 91.243 91.17 91.145 91.155 91.148 91.283 91.323 91.35 91.448 91.56 91.655 91.728 91.778 91.85 91.9 91.91 91.96 92.018 92.07 92.138 92.208 92.273 92.343 92.408 92.445 92.43 92.443
90.203 88.58 88.035 88.183 88.245 88.465 88.408 88.41 88.428 88.478 88.538 88.58 88.643 88.71 88.743 89.66 89.09 90.285 90.573 89.575 94.74 96.898 96.725 93.215 89.985 90.68 91.583 90.658 90.728 92.79 94.22 90.893 90.7 90.688 90.743 90.733 90.693 92.113 91.318 90.955 93.408 97.2 97.145 93.14 91.218 91.228 91.453 91.145 91.188 91.118 91.233 91.325 91.365 91.44 91.543 91.623 91.718 91.76 91.818 91.875 91.94 91.998 92.055 92.118 92.163 92.255 92.318 92.383 92.43 92.46 92.458 92.465
94.44 92.44 88.173 88.175 88.15 88.265 88.423 88.505 88.57 88.465 88.485 88.56 88.613 88.665 88.723 89.578 89.178 89.25 89.373 89.548 93.83 97.028 96.628 92.303 89.81 90.483 91.8 91.2 91.658 92.643 93.668 91.475 90.725 90.705 90.795 90.753 90.8 91.065 91.323 91.348 92.68 96.978 97.315 94.735 91.67 91.108 91.323 91.158 91.2 91.178 91.153 91.285 91.35 91.45 91.5 91.61 91.683 91.755 91.793 91.835 91.915 92.005 92.085 92.123 92.17 92.255 92.348 92.403 92.43 92.455 92.46 92.475
95.277 94.35 88.827 88.177 88.12 88.237 88.38 88.39 88.512 88.51 88.57 88.522 88.55 88.595 88.652 88.785 89.207 89.72 89.387 89.51 94.78 96.802 96.472 91.227 89.845 89.98 89.95 90.182 90.45 90.677 92.705 91.202 90.997 90.81 90.785 90.732 90.675 90.73 90.812 91.32 92.015 96.755 97.457 95.117 91.902 91.482 91.232 91.167 91.197 91.19 91.127 91.152 91.237 91.31 91.382 91.557 91.64 91.717 91.772 91.842 91.89 91.99 92.07 92.122 92.187 92.285 92.362 92.38 92.4 92.435 92.485 92.5
94.185 91.222 88.05 88.412 88.195 88.257 88.297 88.317 88.372 88.487 88.66 88.64 88.512 88.537 88.615 88.587 89.067 89.865 89.6 89.552 93.595 94.42 94.557 92.082 89.72 89.867 89.867 90.077 92.085 93.64 92.475 91.255 90.647 90.712 90.557 90.62 90.67 90.737 90.792 92.225 93.92 96.45 97.41 95.842 91.712 91.785 91.34 91.147 91.202 91.162 91.15 91.18 91.22 91.29 91.362 91.545 91.585 91.687 91.772 91.835 91.925 91.995 92.072 92.137 92.18 92.257 92.332 92.377 92.402 92.435 92.477 92.51
90.985 87.925 88.147 88.692 90.35 89.667 90.647 88.315 88.335 88.427 88.51 88.607 88.487 88.497 88.557 88.53 88.82 90.01 89.735 90.255 90.315 90.525 90.505 90.387 90.502 90.712 90.505 90.227 91.605 95.927 95.245 90.992 91.075 90.472 90.61 90.627 90.637 90.722 90.802 91.79 92.952 95.685 97.595 96.767 91.16 91.1 91.205 91.187 91.18 91.227 91.167 91.19 91.267 91.287 91.387 91.535 91.567 91.665 91.762 91.842 91.952 92.03 92.095 92.142 92.225 92.28 92.3 92.337 92.412 92.437 92.457 92.492
87.737 88.312 88.107 89.072 94.4 95.152 93.86 88.287 88.3 88.35 88.405 88.477 88.482 88.467 88.525 88.482 89.692 89.847 89.225 89.232 89.32 89.417 90.292 89.65 89.687 89.85 89.835 90.125 90.217 92.07 92.395 90.97 91.882 91.1 90.725 90.672 90.76 90.717 90.8 90.84 90.907 93.042 97.182 97.085 93.685 91.06 91.157 91.27 91.2 91.282 91.235 91.202 91.277 91.382 91.45 91.525 91.59 91.667 91.74 91.847 91.925 92.017 92.13 92.175 92.24 92.29 92.315 92.347 92.397 92.39 92.435 92.487
88.242 88.325 88.052 88.262 93.905 95.785 94.875 88.877 88.227 88.275 88.375 88.412 88.465 88.447 88.462 88.45 88.555 88.812 89.145 89.235 89.305 89.4 94.22 95.08 92.702 90.96 89.595 89.865 89.96 90.18 90.745 90.88 90.515 90.367 90.612 90.787 90.477 90.54 90.627 90.737 90.872 92.512 96.995 97.19 95.332 91.295 91.105 91.47 91.207 91.29 91.232 91.217 91.39 91.447 91.472 91.532 91.565 91.637 91.725 91.83 91.932 92.02 92.125 92.197 92.24 92.307 92.312 92.337 92.375 92.397 92.44 92.475
89.145 87.857 87.887 88 92.85 95.752 95.015 90.747 88.087 88.142 88.225 88.327 88.54 88.385 88.455 88.43 88.525 88.82 89.105 89.237 89.352 90.117 95.437 96.912 96.332 92.395 89.595 89.887 90.02 90.112 90.48 91.7 90.335 90.342 90.645 90.887 90.527 90.56 90.647 90.735 90.865 91.247 96.687 96.427 94.355 91.115 91.285 91.642 91.22 91.23 91.207 91.222 91.435 91.475 91.497 91.54 91.572 91.635 91.712 91.81 91.942 92.045 92.147 92.19 92.225 92.3 92.315 92.325 92.375 92.407 92.435 92.475
89.3 87.722 87.712 87.78 93.14 95.945 95.572 89.252 88.032 88.147 88.162 88.262 88.527 88.357 88.415 88.387 88.682 88.982 89.112 89.21 89.355 90.507 95.842 97.107 96.007 91.032 89.685 89.907 90.035 90.1 90.515 91.41 90.732 90.357 90.385 90.467 90.497 90.572 90.657 90.745 90.945 90.915 92.347 91.707 91.38 91.257 91.222 91.305 91.232 91.24 91.28 91.212 91.397 91.47 91.512 91.537 91.577 91.655 91.702 91.817 91.957 92.077 92.145 92.205 92.23 92.252 92.277 92.317 92.37 92.382 92.407 92.47
87.317 87.395 87.477 87.542 92.26 95.245 95.035 90.797 87.985 88.072 88.132 88.252 88.41 88.307 88.36 88.325 88.682 88.975 88.872 88.97 89.197 91.73 96.215 97.092 95.075 90.012 89.697 89.9 90.06 90.11 90.415 91.24 90.962 90.335 90.405 90.42 90.495 90.69 91.057 90.88 91.085 91.212 91.167 91.155 91.19 91.2 91.217 91.332 91.26 91.247 91.28 91.225 91.357 91.437 91.505 91.522 91.565 91.632 91.722 91.825 91.957 92.075 92.147 92.185 92.23 92.237 92.272 92.307 92.362 92.41 92.452 92.457
86.987 87.242 87.415 87.502 90.967 95.125 95.17 91.377 87.977 88.062 88.347 88.242 88.44 88.4 88.317 88.307 88.58 88.647 88.742 88.88 89.217 92.752 96.362 96.862 93.452 89.587 89.675 89.952 90.2 90.077 90.332 90.777 91.017 90.397 90.855 91.582 91.757 91.75 91.105 90.992 91.275 91.14 91.152 92.295 92.685 91.527 91.222 91.275 91.285 91.292 91.32 91.27 91.355 91.465 91.512 91.517 91.545 91.595 91.7 91.855 91.98 92.085 92.15 92.19 92.235 92.262 92.287 92.337 92.367 92.427 92.457 92.497
86.917 87.172 87.377 87.657 91.4 94.97 95.267 91.817 87.985 88.045 88.157 88.225 88.642 88.975 88.295 88.452 88.537 88.595 88.702 88.802 89.09 93.915 96.572 96.195 91.825 89.31 90.817 89.805 90.145 90 90.785 91.867 90.54 90.325 90.332 90.602 91.217 92.435 91.222 91 91.067 92.965 95.857 97.575 97.442 92.677 91.217 91.285 91.555 91.29 91.34 91.307 91.357 91.452 91.467 91.54 91.595 91.642 91.742 91.875 92 92.09 92.187 92.24 92.23 92.282 92.327 92.355 92.38 92.442 92.472 92.512
86.795 87.082 87.302 87.452 91.582 94.97 95.66 92.165 87.992 88.032 88.142 88.25 88.24 88.277 88.327 89.06 88.4 88.51 88.63 88.717 89.29 95.017 96.807 95.832 90.862 89.637 91.55 92.402 92.492 92.187 91.09 91.375 90.285 90.237 90.277 90.215 90.53 91.085 90.757 90.982 91.29 94.227 98.122 99.222 97.975 93.722 91.235 91.317 91.73 91.302 91.347 91.347 91.317 91.437 91.505 91.637 91.7 91.71 91.787 91.892 92.01 92.087 92.187 92.28 92.302 92.307 92.342 92.375 92.402 92.447 92.48 92.502
86.695 86.665 87.527 87.675 89.745 94.697 95.54 91.8 87.937 87.982 88.072 88.3 88.317 88.187 88.24 88.607 88.357 88.407 88.58 88.807 90.417 95.752 96.765 95.455 89.595 89.33 89.475 90.125 90.977 91.692 90.587 90.395 90.175 90.122 90.115 90.247 90.312 90.165 90.815 91.207 93.797 93.65 97.865 99.387 98.29 94.772 91.24 91.302 91.772 91.375 91.357 91.395 91.33 91.437 91.555 91.667 91.745 91.755 91.782 91.862 92.005 92.097 92.202 92.27 92.305 92.337 92.357 92.417 92.44 92.47 92.497 92.522
86.247 86.27 87.405 87.445 88.762 94.555 95.512 94.1 87.92 87.962 88.07 88.2 88.1 88.132 88.165 88.147 88.362 88.317 88.327 88.487 92.24 96.32 96.685 94.762 89.545 89.91 89.457 89.57 89.715 89.742 90.097 90.427 90.14 90.057 90.02 90.02 90.022 90.03 90.69 91 92.745 92.45 97.55 99.73 98.932 96.167 91.175 91.277 91.935 91.432 91.36 91.385 91.325 91.425 91.51 91.592 91.69 91.745 91.765 91.845 91.977 92.085 92.18 92.262 92.3 92.357 92.425 92.42 92.44 92.467 92.512 92.55
86.525 86.345 87.315 87.422 89.067 94.41 95.58 93.68 88.297 87.95 88.045 88.127 88.082 88.112 88.127 88.132 88.152 88.247 88.227 88.472 93.59 96.482 96.325 93.367 89.36 89.367 89.477 89.887 90.512 89.777 90.127 90.367 90.135 89.995 89.965 89.97 89.932 89.985 90.202 90.515 90.705 90.875 96.722 99.015 98.975 97.135 91.31 91.312 91.662 91.5 91.352 91.407 91.362 91.442 91.522 91.597 91.655 91.735 91.79 91.89 91.957 92.055 92.145 92.262 92.275 92.337 92.38 92.417 92.435 92.43 92.517 92.555
88.28 87.13 87.227 87.432 88.68 94.292 95.582 94.362 88.002 87.902 88.127 88.137 88.042 88.085 88.1 88.11 88.147 88.175 88.177 88.395 94.857 96.655 95.942 92.057 89.205 89.087 89.09 89.242 90.477 90.29 90.347 90.775 90.377 89.897 89.937 89.92 89.875 89.925 90.062 90.42 90.71 90.882 95.122 98.565 98.702 97.41 92.365 91.28 91.367 91.802 91.357 91.435 91.4 91.397 91.522 91.602 91.637 91.717 91.79 91.897 91.992 92.09 92.15 92.23 92.282 92.345 92.382 92.41 92.452 92.47 92.527 92.547
87.005 86.965 86.907 87.155 87.79 93.767 95.707 94.092 88.605 87.762 87.942 88.135 88.015 88.03 88.07 88.04 88.287 88.207 88.14 88.25 95.355 96.76 95.517 89.947 89.042 89.02 89.045 89.107 89.432 90.157 90.262 91.227 90.502 89.817 89.842 89.822 89.797 89.892 90.06 90.43 90.732 90.95 93.945 97.325 96.117 95.37 92.69 91.302 91.377 91.87 91.402 91.447 91.427 91.407 91.517 91.605 91.66 91.712 91.805 91.877 92.01 92.107 92.15 92.222 92.292 92.337 92.357 92.4 92.45 92.467 92.512 92.537
