data/LIDAR-DSM-2M-NZ24se/nz2941_DSM_2M.asc
ncols 500
nrows 500
xllcorner    429000
yllcorner    541000
cellsize     2
NODATA_value -9999
[rows 160 to 191 of 500, columns 292 to 364 of 500]
67.223 67.277 67.287 67.356 67.398 67.42 67.431 67.467 67.539 67.578 67.634 67.632 67.695 67.717 67.762 67.77 67.795 67.832 67.855 67.845 67.847 67.83 67.832 67.817 67.687 67.667 67.735 67.677 67.655 67.6 67.525 67.442 67.465 67.597 67.597 68.62 68.41 67.775 67.82 67.917 67.932 67.96 68.002 68.095 68.125 68.237 68.295 68.322 68.392 68.472 68.547 68.62 68.657 68.717 68.76 68.82 68.877 68.927 68.977 69.037 69.077 69.147 69.202 69.235 69.302 69.35 69.377 69.432 69.497 69.517 69.55 69.555 69.567
67.112 67.177 67.183 67.239 67.294 67.323 67.349 67.4 67.419 67.467 67.466 67.52 67.555 67.555 67.612 67.625 67.625 67.655 67.667 67.682 67.7 67.72 67.68 67.637 67.532 67.535 67.56 67.525 67.497 67.427 67.345 67.295 67.355 67.405 67.412 68.582 67.897 67.582 67.652 67.722 67.747 67.737 67.852 67.942 67.955 68.04 68.127 68.175 68.217 68.297 68.345 68.4 68.447 68.527 68.552 68.612 68.655 68.71 68.767 68.787 68.845 68.88 68.93 68.95 68.992 69.057 69.105 69.172 69.197 69.205 69.25 69.245 69.225
67.022 67.066 67.103 67.149 67.166 67.213 67.242 67.318 67.32 67.342 67.361 67.395 67.402 67.442 67.455 67.46 67.47 67.467 67.525 67.53 67.522 67.545 67.527 67.445 67.335 67.38 67.407 67.375 67.335 67.252 67.195 67.132 67.23 67.245 67.362 68.572 67.657 67.38 67.512 67.54 67.56 67.567 67.67 67.74 67.785 67.872 67.93 68 68.052 68.11 68.192 68.222 68.26 68.325 68.345 68.395 68.415 68.455 68.492 68.53 68.57 68.602 68.64 68.682 68.722 68.785 68.822 68.875 68.88 68.93 68.935 68.957 68.947
66.945 66.948 67.017 67.037 67.072 67.087 67.127 67.193 67.21 67.212 67.218 67.26 67.292 67.305 67.302 67.327 67.307 67.34 67.377 67.352 67.372 67.375 67.325 67.277 67.195 67.245 67.227 67.207 67.2 67.072 67.015 66.992 67.07 67.11 67.3 68.235 67.182 67.2 67.362 67.34 67.34 67.385 67.495 67.577 67.595 67.67 67.75 67.807 67.875 67.952 67.98 68.03 68.035 68.09 68.142 68.147 68.187 68.242 68.257 68.292 68.322 68.355 68.37 68.415 68.437 68.497 68.532 68.572 68.6 68.645 68.65 68.657 68.685
66.822 66.875 66.912 66.943 66.982 67.015 67.039 67.084 67.094 67.096 67.086 67.112 67.13 67.135 67.15 67.185 67.205 67.207 67.217 67.21 67.212 67.202 67.175 67.107 67.067 67.097 67.085 67.057 67.002 66.892 66.83 66.822 66.892 66.907 67.292 67.602 66.997 67.027 67.152 67.192 67.127 67.215 67.297 67.405 67.41 67.51 67.585 67.63 67.702 67.75 67.795 67.845 67.867 67.885 67.915 67.937 67.957 67.995 68.012 68.062 68.06 68.097 68.142 68.16 68.162 68.225 68.247 68.292 68.315 68.335 68.337 68.34 68.367
66.738 66.792 66.824 66.864 66.889 66.915 66.957 66.978 66.98 66.992 67.008 67.012 67.01 67.022 67.032 67.037 67.06 67.055 67.08 67.095 67.082 67.085 67.045 66.965 66.907 66.99 66.925 66.897 66.84 66.72 66.66 66.652 66.737 66.737 67.582 67.005 66.802 66.835 66.93 66.957 66.95 67.042 67.14 67.197 67.262 67.345 67.405 67.457 67.492 67.562 67.607 67.61 67.637 67.675 67.685 67.732 67.747 67.745 67.767 67.785 67.81 67.83 67.862 67.885 67.917 67.955 67.975 68.012 68.062 68.06 68.09 68.1 68.09
66.634 66.679 66.737 66.75 66.79 66.818 66.84 66.861 66.871 66.876 66.852 66.875 66.89 66.905 66.917 66.9 66.897 66.922 66.94 66.92 66.915 66.91 66.855 66.77 66.762 66.817 66.772 66.732 66.657 66.497 66.465 66.49 66.585 66.552 67.302 66.562 66.557 66.622 66.75 66.762 66.78 66.902 66.955 67.04 67.117 67.18 67.242 67.245 67.297 67.357 67.4 67.412 67.445 67.487 67.477 67.507 67.532 67.505 67.52 67.552 67.547 67.575 67.582 67.615 67.662 67.685 67.702 67.725 67.775 67.797 67.792 67.815 67.822
66.585 66.602 66.662 66.687 66.706 66.693 66.719 66.717 66.733 66.715 66.73 66.747 66.775 66.77 66.77 66.795 66.795 66.8 66.802 66.807 66.785 66.737 66.715 66.617 66.607 66.655 66.627 66.56 66.452 66.352 66.262 66.337 66.417 66.5 67.125 66.23 66.365 66.417 66.55 66.547 66.58 66.687 66.8 66.825 66.91 66.96 67.025 67.042 67.12 67.165 67.157 67.195 67.245 67.262 67.247 67.265 67.285 67.295 67.285 67.3 67.317 67.325 67.33 67.362 67.395 67.415 67.442 67.48 67.512 67.512 67.52 67.525 67.565
66.552 66.585 66.589 66.619 66.652 66.654 66.669 66.665 66.646 66.631 66.651 66.64 66.62 66.622 66.622 66.61 66.622 66.617 66.615 66.635 66.592 66.577 66.52 66.442 66.47 66.462 66.42 66.362 66.305 66.182 66.142 66.187 66.205 66.382 66.577 66.077 66.17 66.252 66.345 66.372 66.39 66.51 66.612 66.632 66.702 66.765 66.807 66.842 66.88 66.912 66.945 66.955 66.982 67.022 67.03 67.042 67.072 67.032 67.052 67.072 67.072 67.085 67.117 67.117 67.127 67.155 67.165 67.205 67.205 67.217 67.24 67.28 67.265
66.516 66.547 66.561 66.565 66.571 66.555 66.581 66.576 66.572 66.562 66.548 66.54 66.57 66.58 66.537 66.532 66.53 66.527 66.485 66.462 66.405 66.392 66.347 66.29 66.312 66.295 66.255 66.212 66.105 66.03 65.962 65.977 66.087 66.347 66.387 65.925 65.952 66.037 66.147 66.155 66.2 66.33 66.422 66.46 66.552 66.597 66.605 66.632 66.682 66.72 66.732 66.752 66.757 66.82 66.83 66.83 66.845 66.842 66.835 66.832 66.822 66.815 66.84 66.852 66.86 66.89 66.932 66.927 66.955 66.957 67.005 66.997 66.995
66.451 66.449 66.482 66.508 66.502 66.506 66.503 66.489 66.477 66.453 66.439 66.432 66.45 66.447 66.412 66.392 66.385 66.372 66.35 66.322 66.282 66.27 66.26 66.182 66.197 66.165 66.132 66.062 65.952 65.797 65.805 65.887 65.87 66.532 66.347 65.735 65.787 65.87 66 65.977 66.022 66.145 66.222 66.247 66.322 66.387 66.395 66.42 66.47 66.482 66.507 66.54 66.547 66.595 66.605 66.61 66.59 66.617 66.625 66.617 66.6 66.6 66.612 66.607 66.592 66.635 66.622 66.635 66.672 66.712 66.727 66.76 66.742
66.315 66.331 66.367 66.408 66.41 66.411 66.412 66.379 66.382 66.333 66.333 66.335 66.332 66.337 66.295 66.282 66.262 66.275 66.242 66.185 66.142 66.137 66.115 66.022 66.032 65.992 65.95 65.88 65.742 65.63 65.655 65.722 65.737 66.477 65.962 65.552 65.61 65.695 65.792 65.772 65.83 65.95 66.025 66.042 66.13 66.17 66.195 66.205 66.257 66.295 66.317 66.332 66.33 66.367 66.355 66.372 66.372 66.355 66.375 66.382 66.365 66.337 66.355 66.36 66.365 66.375 66.382 66.392 66.415 66.452 66.46 66.47 66.495
66.169 66.208 66.232 66.247 66.249 66.264 66.257 66.269 66.247 66.238 66.242 66.23 66.197 66.205 66.185 66.145 66.145 66.12 66.095 66.07 66.015 65.98 65.935 65.872 65.92 65.825 65.767 65.697 65.58 65.53 65.502 65.557 65.577 66.34 65.427 65.415 65.465 65.527 65.587 65.605 65.68 65.767 65.837 65.837 65.925 65.965 65.957 66.007 66.052 66.057 66.072 66.085 66.085 66.137 66.14 66.157 66.125 66.125 66.127 66.127 66.127 66.11 66.112 66.13 66.14 66.145 66.142 66.152 66.167 66.192 66.2 66.222 66.217
66.04 66.039 66.068 66.071 66.071 66.088 66.104 66.09 66.083 66.051 66.051 66.042 66.02 66.047 66.035 65.995 65.977 65.98 65.942 65.91 65.872 65.842 65.802 65.715 65.667 65.625 65.562 65.487 65.365 65.33 65.4 65.43 65.435 65.872 65.237 65.28 65.332 65.38 65.407 65.42 65.472 65.555 65.652 65.68 65.742 65.767 65.737 65.777 65.805 65.807 65.822 65.84 65.865 65.882 65.905 65.907 65.925 65.927 65.912 65.907 65.897 65.905 65.895 65.882 65.882 65.897 65.922 65.882 65.927 65.937 65.972 65.987 65.975
65.872 65.903 65.928 65.917 65.905 65.913 65.911 65.906 65.898 65.891 65.887 65.882 65.867 65.835 65.825 65.812 65.795 65.767 65.75 65.725 65.72 65.68 65.632 65.567 65.505 65.412 65.345 65.265 65.202 65.205 65.345 65.295 65.267 65.175 65.005 65.112 65.205 65.237 65.227 65.252 65.32 65.397 65.432 65.457 65.512 65.537 65.537 65.567 65.6 65.602 65.615 65.63 65.632 65.657 65.695 65.695 65.717 65.717 65.697 65.692 65.67 65.665 65.652 65.667 65.662 65.68 65.695 65.68 65.69 65.692 65.722 65.742 65.72
65.654 65.702 65.768 65.793 65.785 65.759 65.755 65.73 65.735 65.723 65.716 65.72 65.705 65.66 65.627 65.61 65.612 65.6 65.56 65.522 65.472 65.465 65.405 65.377 65.312 65.247 65.165 65.042 64.987 65.075 65.16 65.12 65.245 65.272 65.037 64.952 65.105 65.06 65.055 65.062 65.172 65.197 65.225 65.247 65.28 65.332 65.315 65.332 65.372 65.382 65.39 65.415 65.405 65.435 65.47 65.462 65.475 65.477 65.505 65.467 65.45 65.43 65.457 65.42 65.437 65.445 65.452 65.46 65.47 65.492 65.502 65.515 65.54
65.316 65.384 65.428 65.487 65.514 65.525 65.597 65.606 65.619 65.598 65.592 65.555 65.54 65.492 65.495 65.452 65.44 65.447 65.395 65.335 65.275 65.262 65.215 65.17 65.127 65.07 65.022 64.962 64.87 64.937 65.037 64.982 65.13 64.915 64.777 64.8 64.912 64.91 64.9 64.877 64.947 65.022 65.01 65.075 65.102 65.145 65.11 65.162 65.18 65.195 65.207 65.185 65.197 65.2 65.225 65.245 65.255 65.265 65.257 65.245 65.27 65.247 65.247 65.225 65.217 65.215 65.21 65.207 65.242 65.292 65.285 65.285 65.322
64.96 64.974 65.011 65.051 65.105 65.152 65.255 65.314 65.361 65.398 65.402 65.495 65.417 65.372 65.307 65.255 65.242 65.237 65.215 65.192 65.095 65.075 65.022 64.97 64.92 64.872 64.88 64.822 64.747 64.805 64.845 64.967 65.932 64.94 64.575 64.617 64.97 64.762 64.742 64.702 64.797 64.83 64.855 64.895 64.955 64.917 64.935 64.95 64.982 64.995 64.997 64.982 65.005 65.002 65.022 65.042 65.057 65.057 65.042 65.057 65.035 65.02 65.015 64.982 65.01 64.995 65.03 65.037 65.035 65.05 65.095 65.112 65.132
64.637 64.635 64.611 64.625 64.659 64.657 64.696 64.814 64.902 65.008 65.045 65.115 65.105 65.127 65.1 65.017 65.062 65.05 65.035 65.027 65.007 64.945 64.835 64.792 64.742 64.71 64.707 64.685 64.587 64.677 64.795 65.097 66.095 64.787 64.405 64.54 64.782 64.615 64.562 64.58 64.607 64.647 64.67 64.717 64.74 64.72 64.722 64.745 64.762 64.765 64.787 64.785 64.78 64.83 64.822 64.835 64.835 64.85 64.817 64.83 64.842 64.84 64.82 64.812 64.822 64.817 64.825 64.83 64.857 64.872 64.895 64.907 64.92
64.369 64.373 64.348 64.327 64.291 64.333 64.338 64.417 64.489 64.354 64.384 64.445 64.495 64.647 64.712 64.727 64.817 64.81 64.787 64.8 64.765 64.682 64.557 64.495 64.475 64.427 64.39 64.4 64.47 64.542 64.65 65.322 65.822 64.522 64.185 64.38 64.517 64.44 64.387 64.375 64.447 64.46 64.467 64.51 64.535 64.52 64.552 64.575 64.602 64.575 64.572 64.56 64.567 64.59 64.62 64.622 64.62 64.63 64.63 64.615 64.63 64.657 64.64 64.615 64.617 64.645 64.635 64.655 64.697 64.702 64.71 64.735 64.747
64.144 64.122 64.127 64.086 64.072 64.063 64.038 64.056 64.155 64.092 64.146 64.067 64.05 63.997 63.975 64.027 64.132 64.165 64.205 64.212 64.352 64.41 64.395 64.317 64.327 64.307 64.35 64.442 64.37 64.215 64.222 64.967 65.505 64.092 64.002 64.25 64.52 64.282 64.22 64.155 64.24 64.255 64.29 64.307 64.332 64.322 64.367 64.385 64.395 64.392 64.37 64.39 64.405 64.432 64.43 64.442 64.452 64.432 64.427 64.43 64.42 64.44 64.422 64.437 64.432 64.455 64.437 64.482 64.507 64.51 64.54 64.565 64.575
64.041 64.012 63.957 63.912 63.891 63.887 63.848 63.802 63.807 63.764 63.743 63.782 63.77 63.732 63.727 63.712 63.732 63.727 63.615 63.67 63.725 64.187 64.302 63.847 63.91 64.142 64.835 64.105 64.082 63.98 63.86 64.19 63.977 63.8 63.822 64.155 64.377 64.11 64.012 63.957 64.03 64.062 64.047 64.12 64.135 64.135 64.19 64.2 64.202 64.21 64.202 64.182 64.225 64.227 64.26 64.26 64.235 64.235 64.232 64.237 64.245 64.237 64.222 64.23 64.255 64.265 64.282 64.317 64.327 64.345 64.367 64.397 64.395
63.893 63.872 63.843 63.826 63.821 63.785 63.734 63.687 63.63 63.521 63.499 63.49 63.407 63.47 63.392 63.33 63.395 63.372 63.34 63.36 63.572 63.822 63.512 63.472 63.517 65.065 65.742 63.85 63.66 63.75 63.69 63.745 63.687 63.565 63.712 64.317 64.19 63.905 63.802 63.765 63.815 63.83 63.86 63.93 63.935 63.955 63.995 63.997 63.99 63.977 63.97 64.005 64.005 64.022 64.015 64.03 64.01 64.047 64.037 64.047 64.067 64.037 64.085 64.072 64.092 64.1 64.112 64.125 64.125 64.177 64.197 64.21 64.222
63.762 63.734 63.686 63.684 63.631 63.601 63.606 63.544 63.494 63.479 63.455 63.382 63.28 63.23 63.15 63.105 63.042 63.052 63.102 63.162 63.155 63.185 63.14 63.205 63.217 63.327 63.712 63.375 63.412 63.362 63.34 63.41 63.502 63.34 63.787 64.847 64.142 63.695 63.587 63.58 63.602 63.63 63.627 63.7 63.732 63.742 63.775 63.805 63.815 63.82 63.807 63.802 63.837 63.832 63.82 63.845 63.815 63.852 63.875 63.875 63.89 63.897 63.877 63.885 63.91 63.92 63.94 63.967 63.987 63.992 64.012 64.032 64.025
63.612 63.58 63.55 63.556 63.556 63.537 63.517 63.436 63.385 63.346 63.277 63.232 63.107 63.045 62.995 62.972 62.922 62.825 62.83 62.792 62.845 62.9 62.795 62.81 62.922 62.86 62.887 62.945 63.095 63.08 63.027 63.235 63.215 63.1 63.437 64.012 63.685 63.435 63.335 63.317 63.347 63.385 63.415 63.487 63.507 63.515 63.577 63.6 63.61 63.62 63.62 63.645 63.655 63.635 63.645 63.642 63.62 63.622 63.655 63.665 63.687 63.69 63.71 63.717 63.702 63.725 63.742 63.745 63.77 63.787 63.795 63.852 63.877
63.446 63.39 63.353 63.325 63.371 63.319 63.302 63.279 63.261 63.218 63.231 63.123 63.022 62.93 62.772 62.747 62.62 62.62 62.55 62.517 62.452 62.462 62.442 62.475 62.397 62.527 62.517 62.66 62.687 62.785 62.7 62.917 62.842 62.85 63.222 63.427 63.352 63.167 63.065 63.035 63.085 63.115 63.18 63.245 63.265 63.275 63.355 63.367 63.422 63.407 63.415 63.435 63.42 63.412 63.425 63.43 63.415 63.42 63.445 63.432 63.447 63.5 63.49 63.517 63.522 63.562 63.547 63.575 63.577 63.622 63.677 63.69 63.707
63.339 63.278 63.249 63.209 63.148 63.093 63.066 62.992 62.971 62.897 62.876 62.873 62.852 62.77 62.697 62.622 62.43 62.357 62.307 62.187 62.167 62.165 62.075 62.06 62.065 62.155 62.207 62.335 62.397 62.397 62.392 62.562 62.43 62.502 62.957 63.245 63.005 62.895 62.782 62.76 62.812 62.847 62.91 62.965 62.997 63.022 63.092 63.102 63.15 63.147 63.18 63.202 63.212 63.207 63.197 63.197 63.215 63.215 63.237 63.23 63.245 63.262 63.282 63.312 63.355 63.337 63.372 63.42 63.422 63.452 63.505 63.497 63.52
63.207 63.199 63.182 63.165 63.161 63.111 63.044 62.949 62.888 62.813 62.692 62.6 62.527 62.425 62.355 62.287 62.245 62.217 62.137 62.102 62.007 61.925 61.827 61.752 61.745 61.797 61.827 61.922 62.04 62.087 62.16 62.165 62.032 62.147 62.632 62.81 62.755 62.58 62.495 62.487 62.55 62.577 62.625 62.707 62.715 62.76 62.825 62.892 62.912 62.922 62.927 62.94 62.955 62.972 62.975 62.965 62.967 62.995 63.002 63.035 63.067 63.05 63.092 63.1 63.13 63.115 63.14 63.187 63.222 63.252 63.302 63.312 63.322
63.079 63.073 63.043 63.051 62.989 62.936 62.922 62.878 62.869 62.743 62.701 62.622 62.51 62.397 62.307 62.125 61.982 61.885 61.785 61.767 61.65 61.74 61.835 61.785 61.587 61.482 61.615 61.657 61.74 61.835 61.822 61.787 61.65 61.92 62.307 62.497 62.447 62.262 62.192 62.227 62.292 62.31 62.36 62.42 62.442 62.5 62.552 62.595 62.647 62.677 62.7 62.747 62.725 62.73 62.715 62.74 62.765 62.77 62.802 62.83 62.855 62.862 62.875 62.897 62.935 62.937 62.96 62.975 63.032 63.072 63.1 63.1 63.137
62.955 62.937 62.903 62.893 62.857 62.775 62.759 62.711 62.636 62.496 62.435 62.467 62.27 62.222 62.255 62.07 61.952 61.897 61.742 61.63 61.482 61.395 61.3 61.29 61.315 61.295 61.385 61.335 61.392 61.412 61.417 61.432 61.26 61.587 61.97 62.257 62.142 61.96 61.907 61.955 61.985 62.002 62.087 62.137 62.175 62.222 62.282 62.337 62.392 62.41 62.425 62.46 62.475 62.46 62.48 62.5 62.502 62.51 62.572 62.587 62.63 62.665 62.67 62.717 62.737 62.735 62.762 62.787 62.82 62.852 62.87 62.902 62.925
62.706 62.7 62.661 62.667 62.651 62.597 62.577 62.521 62.48 62.339 62.286 62.215 62.02 61.93 61.82 61.827 61.71 61.635 61.537 61.44 61.322 61.275 61.117 61.052 60.965 60.975 60.967 61.035 61.06 61.09 61.177 61.102 60.977 61.395 61.732 62.105 61.782 61.677 61.612 61.64 61.697 61.697 61.795 61.85 61.87 61.947 62.02 62.08 62.107 62.177 62.175 62.197 62.202 62.205 62.252 62.262 62.267 62.302 62.325 62.365 62.45 62.452 62.482 62.507 62.497 62.532 62.552 62.575 62.612 62.642 62.672 62.707 62.745
62.539 62.538 62.488 62.46 62.398 62.319 62.24 62.211 62.189 62.105 62.046 62.052 61.94 61.892 61.705 61.625 61.57 61.47 61.192 61.082 60.972 60.897 60.8 60.74 60.685 60.695 60.715 60.75 60.747 60.767 60.812 60.795 60.79 61.21 61.417 61.98 61.5 61.38 61.335 61.345 61.385 61.387 61.495 61.545 61.607 61.662 61.767 61.82 61.867 61.905 61.912 61.93 61.95 61.97 62.007 62.032 62.072 62.127 62.142 62.16 62.195 62.267 62.27 62.305 62.355 62.337 62.352 62.38 62.43 62.445 62.495 62.535 62.55
