data/LIDAR-DSM-2M-NZ24se/nz2943_DSM_2M.asc
ncols 500
nrows 500
xllcorner    429000
yllcorner    543000
cellsize     2
NODATA_value -9999
[rows 192 to 223 of 500, columns 72 to 143 of 500]
79.063 79.045 79.095 79.163 79.148 79.213 79.428 79.788 80.57 79.575 79.425 79.45 79.475 79.495 79.523 79.523 79.58 79.648 79.688 79.745 79.755 79.78 79.835 79.838 79.89 79.955 79.948 79.96 80.003 80.003 80.03 80.098 80.15 80.223 80.315 80.435 80.428 80.598 80.438 80.45 81.23 81.818 82.973 84.573 85.558 86.225 86.423 86.638 86.74 83.645 83.288 81.898 81.99 80.988 80.958 81.013 80.858 80.928 80.903 80.878 80.915 80.923 80.943 80.948 81.048 81.003 81.055 81.7 81.06 81.078 81.12 81.243
79.213 79.188 79.19 79.513 79.305 79.338 79.388 79.39 79.373 79.34 79.408 79.45 79.485 79.5 79.568 79.543 79.605 79.655 79.665 79.668 79.7 79.743 79.778 79.845 79.838 79.903 79.893 79.948 79.995 80.053 80.07 80.113 80.173 80.185 80.205 80.263 80.318 80.405 80.46 80.508 80.858 80.595 80.575 80.615 81.39 82.208 83.755 85.028 85.565 83.358 83.28 81.8 81.863 80.955 80.965 80.985 80.968 83.365 86.18 81.908 81.65 80.965 80.965 81.005 81.06 81.065 81.088 81.133 81.1 81.133 81.135 81.17
79.23 79.323 79.29 79.305 79.38 79.318 79.28 79.313 79.29 79.35 79.423 79.453 79.468 79.485 79.51 79.523 79.565 79.623 79.7 79.718 79.813 79.865 80.1 80.018 80.028 80.005 79.993 80.008 80.02 80.02 80.05 80.103 80.168 80.205 80.26 80.29 80.318 80.315 80.36 80.438 80.533 80.683 80.668 80.625 81.028 80.708 80.763 80.94 81.593 81.93 81.965 81.505 81.185 80.985 81.025 81.023 81.813 90.128 90.53 84.373 81.468 81.025 81.043 81.053 81.743 81.503 81.253 81.16 81.17 81.178 81.2 81.198
79.403 79.448 79.328 79.2 79.158 79.208 79.28 79.313 79.34 79.365 79.395 79.413 79.465 79.52 79.638 79.758 79.788 79.738 79.843 79.833 79.913 79.935 80.155 80.28 80.63 80.193 80.45 80.233 80.12 80.228 80.263 80.153 80.138 80.165 80.22 80.283 80.34 80.378 80.398 80.403 80.428 80.51 80.625 80.995 81.8 80.798 80.825 80.845 80.8 80.795 81.073 82.008 80.958 80.965 80.96 80.998 84.695 93.343 90.57 82.838 81.208 81.145 81.145 81.133 82.173 81.888 81.558 81.135 81.16 81.275 81.593 81.2
79.278 79.145 79.108 79.153 79.165 79.203 79.27 79.305 79.34 79.398 79.448 79.63 79.663 79.69 79.67 79.798 79.828 79.83 80.505 80.263 79.93 80.013 80.033 80.08 80.123 80.16 80.205 80.458 80.918 80.35 80.545 80.968 80.775 80.643 80.32 80.265 80.31 80.325 80.388 80.418 80.445 80.475 80.505 80.588 81.198 81.665 81.623 81.84 80.815 81.575 81.805 81.04 80.938 80.978 81.008 82.083 86.515 93.038 90.95 82.83 81.298 81.293 81.328 81.318 81.348 81.478 81.24 81.203 81.19 81.383 82.123 81.213
79.063 79.105 79.153 79.158 79.18 79.24 79.25 79.31 79.39 79.695 79.81 79.63 79.795 79.615 79.863 80.733 79.97 79.925 80.783 80.7 80.72 81.548 80.348 80.373 80.195 80.22 80.233 80.77 80.973 80.26 80.398 81.115 80.863 81.16 81.013 80.703 80.4 80.398 80.378 80.368 80.47 80.52 80.545 80.545 80.568 80.738 81.523 81.725 80.828 80.848 80.865 80.883 80.928 80.943 81.003 83.438 90.838 92.163 84.39 81.805 81.798 81.415 81.44 81.44 81.47 81.423 81.418 81.44 81.383 81.475 81.518 81.328
79.12 79.183 79.175 79.158 79.188 79.273 79.45 79.393 79.848 79.605 79.938 80.015 79.953 79.943 80.973 81.565 79.938 81.983 84.825 85.375 84.128 84.35 81.4 80.303 80.373 80.88 80.908 81.28 80.583 80.31 80.513 80.995 80.575 80.56 80.595 80.675 80.523 80.605 80.763 80.5 80.51 80.51 80.57 80.585 80.625 80.675 80.718 80.735 80.76 80.798 80.845 80.895 80.943 80.958 80.998 84.008 92.628 91.978 84.735 81.745 81.85 81.81 81.55 81.533 81.513 81.48 81.485 81.508 81.53 81.503 81.483 81.493
79.095 79.133 79.153 79.273 79.425 79.548 79.503 79.445 80.375 79.543 79.67 80.375 79.685 80.415 81.348 80.218 79.945 83.453 86.273 86.233 86.203 86.158 86.103 85.43 84.948 85.788 85.448 84.213 81.888 80.763 80.745 80.883 80.59 80.603 80.755 80.703 80.603 80.59 81.22 80.725 80.595 80.55 80.515 80.6 80.703 80.755 80.763 80.803 80.79 80.805 80.875 80.915 80.938 80.995 81.04 84.825 92.453 90.253 83.965 85.925 86.035 83.465 81.73 81.53 81.495 81.505 81.55 81.608 81.555 81.525 81.558 81.585
79.093 79.191 79.486 79.418 79.546 79.581 79.556 79.493 80.023 80.181 80.003 80.196 80.373 80.096 80.976 80.933 80.193 83.568 86.728 86.778 86.733 86.731 86.748 86.881 86.751 86.676 86.656 84.386 81.588 81.555 81.33 80.558 80.598 80.625 81.383 80.8 80.665 80.645 81.37 80.693 80.705 81.138 80.77 80.658 80.66 80.768 80.815 80.828 80.84 80.87 80.888 80.92 80.945 81.02 81.115 82.28 89.955 89.14 83.11 88.595 90.115 89.15 88.613 86.233 85.173 81.72 81.585 81.625 81.583 81.548 81.578 81.645
79.251 79.326 79.423 79.498 79.628 79.711 79.758 80.571 82.398 84.651 80.693 80.206 80.166 80.366 79.913 81.006 80.793 83.883 85.966 86.131 86.168 86.216 86.251 86.303 86.356 86.406 86.446 83.726 81.785 80.403 82.003 80.76 80.623 80.935 80.993 80.698 80.665 81.31 81.223 80.743 80.748 80.885 81.105 81.025 80.88 80.735 80.795 80.858 80.873 80.878 80.925 80.955 80.998 81.025 81.15 81.293 81.403 82.348 82.503 89.668 90.16 90.315 90.308 90.343 89.865 88.9 87.355 84.635 83.44 83.588 81.605 81.638
80.201 79.478 79.571 79.608 79.666 79.703 80.583 84.016 85.261 85.593 82.131 81.076 81.413 80.063 80.338 79.886 80.636 80.923 81.471 82.743 81.841 83.111 83.836 84.273 85.193 84.323 84.288 82.933 81 80.615 86.665 86.353 85.443 84.9 84.395 83.168 81.163 81.783 80.813 80.82 80.805 80.873 80.885 81.128 81.268 80.998 80.835 80.833 80.908 80.953 80.973 81.048 81.078 81.128 81.15 81.28 81.443 81.498 81.513 84.428 90.025 90.32 90.338 90.328 90.31 90.31 90.293 90.3 89.243 88.763 86.133 85.1
80.293 81.638 82.733 80.263 79.956 81.593 84.051 85.716 86.003 86.308 85.468 80.228 81.811 80.911 82.146 82.171 80.501 81.018 80.618 80.518 80.621 81.956 83.521 82.736 83.961 82.606 80.413 80.418 80.418 83.115 87.283 87.155 86.85 86.55 86.24 85.78 81.975 81.375 80.84 80.855 80.843 80.893 80.918 80.913 81.013 81.488 81.818 80.968 80.895 80.973 81.023 81.088 81.103 81.123 81.155 81.288 81.43 81.52 81.6 81.81 86.255 90.078 90.31 90.313 90.315 90.32 90.313 90.308 90.31 90.283 90.308 90.27
82.966 84.508 85.373 81.453 79.896 85.011 86.113 86.328 86.376 86.176 85.873 82.406 81.281 80.618 81.561 83.518 80.361 80.111 81.078 80.743 80.528 80.958 81.696 81.248 81.898 80.798 80.431 80.436 80.668 83.235 86.833 87.12 87.293 87.318 87.055 85.51 81.333 81.848 80.91 80.99 81.03 80.9 80.918 80.938 80.98 81.53 81.765 81.103 81.015 80.953 81.045 81.103 81.098 81.108 81.16 81.258 81.423 81.56 81.573 81.583 81.598 81.603 83.818 86.613 89.155 90.338 90.33 90.303 90.313 90.298 90.265 90.313
84.988 85.768 86.106 85.268 80.216 82.768 86.311 86.016 85.731 85.428 83.383 82.068 80.136 79.751 79.851 80.818 81.391 80.458 80.321 80.906 80.653 80.768 80.853 81.236 80.788 80.643 80.688 80.643 81.6 81.55 83.523 85.64 86.618 87.103 87.168 83.945 83.05 84.603 83.21 80.968 80.915 80.898 80.915 80.923 81.048 82.068 81.23 81.153 81.123 81.098 81.073 81.118 81.193 81.238 81.355 81.283 81.338 81.505 81.595 81.618 81.645 81.645 81.668 81.7 81.725 82.998 85.24 87.523 89.713 90.313 90.308 90.295
86.216 86.448 86.526 86.346 81.443 80.183 85.411 85.181 82.431 81.291 79.763 79.816 80.101 79.881 79.931 80.001 80.461 81.398 80.458 80.411 80.861 81.061 81.153 81.523 80.896 80.928 80.926 81.461 81.755 80.775 80.755 81.775 84.08 85.47 85.925 82.695 83.615 85.768 86.76 84.415 81.328 81.265 81.178 81 81.725 81.348 81.19 81.198 81.225 81.5 81.718 81.28 81.18 81.245 81.31 81.34 81.298 81.45 81.61 81.703 81.748 81.745 81.8 81.795 81.78 81.803 81.8 81.8 81.768 83.395 85.835 88.145
86.481 86.241 85.911 85.533 82.753 81.198 82.131 82.803 81.116 79.876 79.843 79.893 79.976 80.011 80.036 80.113 80.168 80.846 81.321 80.408 80.481 81.388 81.746 81.453 80.981 81.031 81.206 81.723 81.42 81.165 80.973 80.798 80.78 80.813 81.503 82.805 85.025 87.353 87.393 87.125 85.905 84.068 82.983 81.713 81.328 81.235 81.315 82.085 81.47 81.383 81.543 82.215 81.403 81.303 81.318 81.42 81.32 81.415 81.573 81.68 81.755 81.798 82.478 82.403 81.928 81.955 81.995 81.958 81.94 81.863 81.818 81.798
85.801 84.768 83.098 80.746 80.278 81.146 80.913 81.646 80.411 80.006 80.058 80.076 80.141 80.171 80.158 80.181 80.246 82.608 84.991 82.121 80.481 80.686 81.718 81.168 81.023 81.131 81.361 81.566 81.263 81.275 81.258 81.158 81.395 81.708 81.695 82.955 84.298 86.733 87.105 87.445 87.41 87.085 83.503 81.885 83.253 81.84 81.623 81.765 81.315 81.343 81.4 81.59 81.688 81.448 81.365 81.42 81.543 81.5 81.55 81.673 81.798 81.798 81.823 81.858 81.955 82.09 82.67 82.645 82.085 82.038 81.948 81.925
84.266 81.976 79.868 79.963 80.598 80.528 80.658 80.316 80.113 80.153 80.248 80.278 80.341 80.321 80.281 80.288 84.131 89.093 87.723 82.096 80.646 80.633 80.966 81.393 81.363 81.348 81.741 81.583 81.303 81.34 81.343 81.37 81.85 82.34 82.36 81.288 81.14 81.753 85.003 86.723 87.13 86.78 81.813 83.72 85.2 85.018 81.968 81.308 81.305 81.508 81.38 81.42 81.535 82.133 81.593 81.44 81.568 81.568 81.59 81.743 81.898 81.928 81.905 81.958 82.055 82.025 82.05 82.06 82.13 82.23 82.06 82.045
83.066 82.296 80.021 80.408 80.551 80.573 83.013 84.871 80.586 80.451 80.556 80.493 80.508 80.491 80.421 80.748 83.413 87.106 83.128 80.581 80.643 80.701 80.783 81.226 81.631 81.576 81.606 81.576 81.373 81.363 81.395 81.438 81.78 81.805 81.295 81.208 81.09 81.03 81.318 82.313 83.938 84.325 83.55 84.538 87.335 87.42 84.11 81.383 81.32 81.375 81.403 81.433 81.785 81.688 81.993 81.565 81.615 81.693 81.675 81.74 81.895 81.998 82.013 82.018 82.05 82.06 82.045 82.088 82.143 82.085 82.078 82.068
80.756 80.366 80.566 80.628 80.598 80.588 81.228 83.281 80.841 80.576 80.603 80.573 80.838 81.121 82.063 83.951 82.483 80.758 80.496 80.538 80.616 80.741 80.766 80.818 82.173 81.713 81.918 81.868 81.598 81.435 81.503 81.6 82.668 81.588 81.388 81.343 81.338 81.323 81.305 81.185 81.91 82.283 84.128 86.98 87.935 87.93 87.1 85.128 81.598 81.42 81.43 82.15 82.003 81.648 82.043 81.855 81.673 81.745 81.82 81.808 81.943 82.063 82.08 82.093 82.098 82.098 82.125 82.153 82.158 82.143 82.16 82.18
81.238 80.763 80.546 80.601 80.593 80.608 80.613 81.683 81.366 80.588 80.846 83.221 85.106 85.458 82.006 82.801 81.286 81.803 81.028 81.081 80.928 80.768 80.808 80.841 80.918 82.133 82.921 82.131 81.628 81.55 81.685 82.04 82.238 81.585 81.495 81.46 81.425 81.398 81.408 81.908 82.053 81.705 82.16 83.96 87.06 87.9 88.038 87.515 84.045 81.58 82.385 82.858 81.868 81.705 82.023 82.275 81.89 81.868 81.865 81.945 81.98 82.125 82.165 82.165 82.19 82.213 82.223 82.24 82.26 82.273 82.268 82.243
81.438 82.271 80.656 80.641 80.658 80.676 80.656 80.713 80.748 80.666 82.353 87.606 87.143 83.436 82.443 81.076 83.326 84.923 82.478 84.526 81.983 80.991 80.873 80.916 81.066 82.743 82.376 82.473 82.138 81.67 81.728 81.983 81.748 81.68 81.613 81.59 81.563 81.5 81.57 81.825 83.423 82.233 81.64 81.593 83.205 87.165 87.8 88.068 86.76 82.79 81.883 81.893 81.723 81.813 82.17 82.308 82.278 81.968 82.003 82.065 82.038 82.135 82.278 82.285 82.28 82.298 82.295 82.315 82.325 82.3 82.325 82.313
80.836 82.266 81.536 80.691 80.673 80.731 80.696 80.706 81.403 82.006 82.943 85.963 84.738 81.211 81.091 81.103 82.068 83.606 82.131 83.811 81.058 80.866 80.983 80.981 81.033 81.106 81.423 82.451 83.21 81.75 82.335 82.385 82.035 81.918 81.76 81.733 81.688 81.62 81.935 82.495 82.723 81.72 81.588 81.578 82.71 85.05 87.028 87.205 83.478 81.798 81.673 81.728 81.79 81.883 82.055 82.25 82.035 82.128 82.075 82.118 82.153 82.18 82.285 82.36 82.393 82.353 82.325 82.325 82.315 82.338 82.36 82.358
80.841 81.098 82.578 81.291 80.718 80.776 80.726 80.751 82.016 82.546 82.986 81.693 81.138 81.051 81.143 81.146 81.456 82.603 81.831 80.938 80.938 81.241 81.056 81.133 81.098 81.161 81.218 82.491 82.375 82.965 83.423 83.153 82.898 82.035 81.908 81.85 81.828 81.953 81.908 81.823 82.013 81.778 81.635 81.61 84.233 84.708 84.755 84.063 82.235 81.758 81.748 81.783 81.865 81.945 81.958 82.058 82.095 82.508 82.21 82.193 82.218 82.238 82.333 82.4 82.418 82.398 82.333 82.35 82.308 82.338 82.335 82.265
80.946 80.993 81.366 82.708 80.968 80.766 80.761 81.101 82.718 81.966 81.078 81.066 81.106 81.138 81.176 81.173 81.131 81.356 81.496 81.268 80.896 81.203 80.921 80.973 81.131 81.191 81.256 81.838 82.213 83.255 84.678 82.22 82.025 82.08 82.055 81.975 82.163 82.008 81.935 82 81.848 81.748 81.725 81.683 82.08 83.338 84.175 86.603 87.418 83.67 81.803 81.833 81.94 82.055 82.02 82.048 82.18 82.398 82.365 82.238 82.315 82.283 82.265 82.388 82.425 82.4 82.355 82.33 82.278 82.18 82.223 82.235
81.031 81.063 81.076 82.181 81.973 80.863 81.186 82.283 81.501 81.088 81.086 81.103 81.148 81.198 81.243 81.238 81.228 81.231 81.371 81.556 82.391 82.003 80.946 81.103 81.278 81.286 81.351 81.401 81.783 83.245 84.17 83.673 82.055 82.115 82.173 82.178 82.165 82.15 82.02 82.573 81.85 81.795 81.738 81.9 82.698 84.463 87.21 88.52 88.328 87.058 83.31 82.518 82.735 82.858 82.435 82.383 82.115 82.43 82.475 82.303 82.373 82.378 82.31 82.36 82.34 82.303 82.275 82.258 82.193 82.238 82.24 82.268
81.078 81.198 81.463 81.696 82.621 81.831 82.178 81.236 81.086 81.103 81.131 81.168 81.208 81.248 81.283 81.268 81.271 81.278 81.358 84.261 83.286 83.361 81.018 81.648 81.578 81.338 81.433 81.498 81.53 81.77 82.543 84.983 84.133 82.433 82.29 82.28 82.263 82.14 82.048 82.023 81.903 81.843 81.94 81.933 83.563 83.613 85.268 87.995 88.453 88.37 87.79 85.73 82.688 83.013 83.135 82.535 82.1 82.263 82.663 82.413 82.425 82.485 82.395 82.35 82.303 82.31 82.285 82.273 82.285 82.285 82.265 82.27
81.086 81.158 81.463 82.011 83.203 81.956 81.218 81.141 81.146 81.171 81.186 81.231 81.261 81.306 81.311 81.311 81.313 81.331 81.358 82.366 81.713 82.258 81.271 81.953 83.146 81.336 81.478 81.606 81.593 81.65 81.953 83.478 84.808 84.735 82.39 82.613 82.233 82.153 82.103 82.035 81.95 82.318 82.95 82.343 82.68 82.188 83.32 86.888 87.965 88.468 88.17 86.845 84.583 82.808 82.298 82.065 82.143 82.275 82.668 82.51 82.425 82.498 82.443 82.45 82.383 82.34 82.353 82.338 82.323 82.333 82.39 82.695
81.621 81.061 82.433 82.891 81.563 81.116 81.161 81.173 81.173 81.183 81.218 81.256 81.263 81.328 81.333 81.321 81.351 81.368 81.388 81.411 82.693 83.073 81.866 81.626 81.596 81.303 81.448 81.633 81.725 81.685 81.785 82.185 83.725 84.89 82.898 82.335 82.278 82.213 82.125 82.03 82.275 82.82 82.11 82.068 82.038 82.128 83.683 85.305 86.545 87.933 86.953 84.785 84.753 83.995 82.09 82.12 82.28 82.483 82.768 82.65 82.473 82.5 82.51 82.475 82.448 82.363 82.38 82.405 82.71 83.265 83.213 83.188
82.001 82.663 82.446 81.293 81.123 81.141 81.183 81.188 81.201 81.191 81.228 81.258 81.303 81.338 81.358 81.383 81.386 81.408 81.396 81.411 81.411 82.571 82.053 82.048 81.886 81.321 81.421 81.578 81.818 81.798 81.79 81.903 82.33 83.343 82.78 82.565 82.343 82.243 82.203 82.65 82.338 82.445 82.103 82.09 82.093 82.11 82.213 83.1 84.665 86.28 85.33 83.623 84.065 83.11 82.788 82.67 82.555 82.55 82.555 82.54 82.468 82.49 82.515 82.485 82.465 82.463 82.633 83.495 83.048 82.738 82.758 82.818
82.376 82.001 81.173 81.158 81.208 81.201 81.221 81.223 81.238 81.258 81.288 81.323 81.341 81.363 81.378 81.421 81.436 81.448 81.443 81.466 81.516 81.523 82.773 82.656 81.798 81.431 81.646 81.593 81.788 81.928 81.88 81.895 82.025 82.268 82.858 83.105 82.41 82.343 82.563 82.91 82.288 82.245 82.195 82.143 82.113 82.07 82.07 82.128 82.568 83.533 84.015 82.735 82.81 83.668 84.728 82.618 82.508 82.623 82.53 82.575 82.515 82.578 82.56 82.513 82.55 82.673 82.56 82.543 82.508 82.535 82.603 83.828
81.673 81.168 81.203 81.221 81.246 81.241 81.256 81.283 81.311 81.328 81.341 81.368 81.391 81.411 81.428 81.456 81.483 81.496 81.463 81.516 81.553 81.578 81.596 81.903 82.018 82.218 82.691 82.361 81.78 81.975 81.975 81.91 81.965 82.143 82.33 83.423 83.035 82.973 83.268 83.305 82.378 82.313 82.29 82.193 82.105 82.125 83.553 83.93 83.215 83.16 83.85 84.325 85.293 85.778 85.845 83.54 82.598 83.673 82.778 82.573 82.53 82.555 82.593 82.588 82.698 82.788 82.593 82.55 82.558 82.553 82.683 84.148
