data/LIDAR-DSM-2M-NZ24se/nz2941_DSM_2M.asc
ncols 500
nrows 500
xllcorner    429000
yllcorner    541000
cellsize     2
NODATA_value -9999
[rows 448 to 479 of 500, columns 0 to 72 of 500]
34.732 34.725 34.695 34.685 34.689 34.681 34.677 34.693 34.768 34.861 34.942 35.102 35.299 35.5 35.671 35.849 36.032 36.17 36.255 36.398 36.478 36.616 36.69 36.766 36.862 36.942 37.017 37.142 37.248 37.308 37.404 37.474 37.597 37.634 37.752 37.783 37.814 37.778 37.811 37.846 37.855 37.877 37.823 37.868 37.876 37.918 37.906 37.928 37.931 37.966 38.058 38.091 38.113 38.143 38.177 38.207 38.239 38.277 38.193 38.156 38.219 38.283 38.351 38.461 38.54 38.969 39.396 39.498 39.356 39.208 39.308 39.368 39.349
34.747 34.705 34.678 34.672 34.655 34.648 34.661 34.667 34.77 34.881 34.997 35.163 35.364 35.564 35.743 35.929 36.071 36.203 36.342 36.449 36.567 36.637 36.72 36.812 36.904 36.987 37.068 37.169 37.258 37.353 37.396 37.532 37.58 37.626 37.733 37.778 37.811 37.781 37.828 37.834 37.828 37.856 37.823 37.873 37.918 37.933 37.903 37.967 37.951 38.055 38.043 38.088 38.121 38.153 38.188 38.22 38.256 38.254 38.184 38.198 38.236 38.298 38.391 38.447 38.563 39.151 39.711 39.921 39.473 39.346 39.517 39.859 40.207
34.673 34.664 34.65 34.644 34.645 34.63 34.683 34.714 34.8 34.928 35.072 35.262 35.435 35.648 35.803 35.997 36.114 36.245 36.37 36.461 36.595 36.679 36.761 36.858 36.932 37.008 37.115 37.225 37.292 37.424 37.419 37.496 37.618 37.658 37.706 37.748 37.793 37.776 37.816 37.836 37.831 37.886 37.902 37.914 37.958 37.973 37.964 38.005 37.911 38.041 38.133 38.143 38.154 38.123 38.223 38.263 38.216 38.171 38.173 38.198 38.241 38.306 38.388 38.468 38.678 39.313 40.204 40.386 39.674 39.988 40.65 41.295 41.473
34.697 34.637 34.64 34.623 34.645 34.639 34.642 34.71 34.802 34.957 35.117 35.292 35.504 35.708 35.894 36.056 36.196 36.343 36.439 36.556 36.65 36.737 36.82 36.889 36.992 37.049 37.154 37.261 37.383 37.398 37.501 37.546 37.616 37.693 37.683 37.706 37.782 37.818 37.841 37.902 37.912 37.985 37.966 37.937 38.019 37.989 37.96 37.973 37.991 38.118 38.146 38.141 38.158 38.166 38.161 38.203 38.178 38.163 38.195 38.246 38.298 38.326 38.408 38.444 38.732 39.668 40.455 40.711 40.02 41.386 41.696 40.518 40.458
34.671 34.63 34.636 34.601 34.653 34.667 34.686 34.73 34.825 34.998 35.188 35.392 35.61 35.789 35.991 36.124 36.276 36.382 36.487 36.599 36.712 36.789 36.866 36.956 37.057 37.146 37.229 37.353 37.387 37.431 37.551 37.601 37.693 37.718 37.726 37.813 37.869 37.853 37.873 37.915 37.935 37.965 37.963 38.028 38.032 38.013 37.971 38.011 38.091 38.158 38.148 38.158 38.238 38.209 38.14 38.153 38.213 38.199 38.252 38.324 38.353 38.371 38.441 38.611 39.284 40.053 40.888 40.792 40.418 40.383 40.388 40.521 40.361
34.681 34.637 34.626 34.611 34.614 34.647 34.7 34.78 34.875 35.091 35.29 35.461 35.661 35.859 36.041 36.22 36.326 36.436 36.538 36.646 36.737 36.825 36.93 37.031 37.086 37.2 37.294 37.394 37.416 37.483 37.598 37.636 37.696 37.761 37.801 37.86 37.861 37.902 37.958 37.97 37.955 37.993 37.97 38.046 38.043 38.023 38.076 38.104 38.161 38.151 38.206 38.227 38.269 38.218 38.168 38.179 38.2 38.259 38.316 38.358 38.363 38.41 38.693 39.446 40.422 41.226 41.466 40.456 40.26 40.281 40.281 40.241 40.268
34.649 34.624 34.6 34.585 34.608 34.658 34.728 34.789 34.955 35.158 35.351 35.568 35.786 35.969 36.158 36.29 36.422 36.517 36.623 36.711 36.796 36.916 36.983 37.105 37.173 37.235 37.344 37.459 37.508 37.603 37.66 37.658 37.745 37.8 37.816 37.868 37.902 37.909 37.928 37.961 37.953 37.976 38.001 38.073 38.071 38.098 38.159 38.108 38.198 38.24 38.259 38.269 38.235 38.183 38.166 38.249 38.266 38.343 38.383 38.423 38.436 38.781 39.533 40.631 40.966 40.706 40.29 40.265 40.214 40.218 40.193 40.189 40.175
34.625 34.585 34.573 34.601 34.628 34.661 34.72 34.861 35.011 35.225 35.437 35.675 35.865 36.018 36.164 36.362 36.476 36.561 36.689 36.78 36.898 36.98 37.033 37.184 37.213 37.315 37.39 37.498 37.606 37.591 37.653 37.708 37.8 37.801 37.823 37.871 37.917 37.929 37.963 38.006 38.026 37.998 38.038 38.111 38.125 38.137 38.168 38.071 38.26 38.307 38.248 38.228 38.208 38.263 38.249 38.303 38.368 38.458 38.46 38.531 39.013 40.148 40.781 40.718 40.268 40.263 40.33 40.201 40.156 40.166 40.096 40.065 40.029
34.633 34.609 34.584 34.601 34.606 34.689 34.814 34.909 35.104 35.313 35.511 35.708 35.91 36.113 36.258 36.413 36.546 36.65 36.741 36.833 36.936 37.042 37.081 37.237 37.312 37.376 37.481 37.524 37.649 37.675 37.744 37.767 37.823 37.876 37.911 37.934 37.918 38.008 37.996 38.026 38.058 38.061 38.105 38.174 38.177 38.192 38.123 38.191 38.337 38.279 38.251 38.233 38.278 38.318 38.368 38.386 38.502 38.61 38.771 39.083 40.683 40.963 40.533 40.281 40.252 40.212 40.125 40.056 40.071 40.006 39.99 39.939 39.984
34.651 34.594 34.568 34.627 34.632 34.703 34.865 35.036 35.184 35.414 35.627 35.821 36.04 36.203 36.284 36.456 36.562 36.673 36.823 36.933 36.954 37.142 37.151 37.315 37.408 37.481 37.516 37.641 37.647 37.731 37.766 37.763 37.838 37.918 37.911 37.961 37.988 38.013 38.022 38.094 38.083 38.102 38.148 38.206 38.181 38.248 38.208 38.33 38.293 38.256 38.226 38.311 38.361 38.393 38.438 38.52 38.702 39.158 39.693 41.328 40.899 40.447 40.231 40.199 40.108 40.056 39.998 39.948 39.916 39.893 39.911 39.969 40.927
34.632 34.594 34.575 34.628 34.667 34.746 34.895 35.058 35.28 35.528 35.701 35.932 36.141 36.255 36.387 36.532 36.646 36.766 36.884 36.937 37.043 37.156 37.252 37.376 37.432 37.529 37.576 37.656 37.723 37.776 37.788 37.883 37.873 37.978 37.943 38.006 38.038 38.048 38.077 38.156 38.175 38.175 38.213 38.176 38.231 38.306 38.262 38.256 38.263 38.253 38.348 38.428 38.426 38.467 38.586 38.755 39.228 40.266 40.812 42.086 40.565 40.071 40.068 40.021 39.986 39.981 39.898 39.83 39.938 40.203 41.078 40.911 52.149
34.628 34.605 34.608 34.63 34.714 34.803 34.99 35.127 35.315 35.53 35.82 36.016 36.176 36.312 36.468 36.561 36.678 36.806 36.895 37.011 37.131 37.196 37.292 37.388 37.505 37.58 37.63 37.731 37.76 37.833 37.826 37.913 37.956 37.948 38.013 38.033 38.038 38.132 38.152 38.156 38.158 38.188 38.183 38.256 38.278 38.338 38.266 38.233 38.258 38.378 38.486 38.486 38.51 38.623 38.853 39.538 40.673 40.778 40.35 40.11 40.086 40.021 40.013 39.948 39.923 39.939 39.935 40.382 41.976 41.32 42.888 41.962 53.361
34.629 34.577 34.62 34.669 34.753 34.848 35.002 35.178 35.431 35.67 35.881 36.066 36.225 36.368 36.494 36.587 36.731 36.901 37 37.053 37.192 37.262 37.371 37.468 37.577 37.621 37.657 37.771 37.821 37.866 37.873 37.956 37.986 38.003 38.026 38.104 38.12 38.14 38.161 38.201 38.156 38.178 38.271 38.271 38.306 38.226 38.241 38.273 38.393 38.463 38.513 38.574 38.636 39 39.556 40.973 40.579 40.31 40.048 40.023 39.987 39.941 39.886 39.848 39.856 40.141 40.56 42.36 43.635 43.714 43.379 43.95 51.328
34.654 34.623 34.613 34.7 34.759 34.918 35.085 35.279 35.451 35.71 35.946 36.139 36.316 36.417 36.523 36.674 36.788 36.885 37.014 37.096 37.253 37.303 37.43 37.522 37.63 37.704 37.716 37.803 37.866 37.951 37.933 37.999 37.993 38.063 38.099 38.173 38.164 38.151 38.249 38.163 38.173 38.263 38.293 38.291 38.218 38.218 38.27 38.397 38.471 38.493 38.574 38.658 38.861 39.898 41.183 40.305 40.216 40.023 39.971 39.946 39.923 39.863 39.877 39.874 40.07 41.285 41.708 44.193 44.545 44.216 45.098 50.708 54.926
34.636 34.654 34.661 34.712 34.824 34.956 35.185 35.367 35.576 35.801 35.997 36.148 36.341 36.422 36.597 36.701 36.824 36.914 37.029 37.163 37.308 37.356 37.438 37.543 37.62 37.725 37.785 37.871 37.903 37.956 37.969 37.991 38.066 38.128 38.101 38.185 38.147 38.202 38.192 38.216 38.256 38.281 38.285 38.248 38.228 38.292 38.391 38.457 38.484 38.52 38.664 38.831 40.106 40.846 39.991 40.081 39.988 39.893 39.924 39.881 39.833 39.856 39.877 40.106 40.459 43.641 44.229 44.92 45.448 44.941 50.05 58.853 60.921
34.633 34.624 34.675 34.758 34.887 35.024 35.271 35.443 35.648 35.923 36.046 36.244 36.352 36.5 36.596 36.761 36.869 36.948 37.048 37.146 37.296 37.384 37.49 37.61 37.687 37.751 37.835 37.901 37.928 37.984 38.031 38.013 38.073 38.145 38.157 38.163 38.245 38.246 38.246 38.246 38.288 38.278 38.213 38.203 38.286 38.363 38.45 38.491 38.516 38.703 39.031 40.301 40.726 39.958 39.963 39.926 39.861 39.89 39.852 39.808 39.769 39.968 40.437 41.132 43.658 44.805 45.158 45.398 45.796 45.818 42.066 49.991 59.888
34.657 34.646 34.694 34.811 34.895 35.107 35.346 35.58 35.785 36.017 36.154 36.283 36.423 36.537 36.639 36.808 36.925 37.002 37.063 37.226 37.288 37.408 37.54 37.668 37.699 37.775 37.883 37.921 38.002 38.011 37.988 38.051 38.136 38.165 38.153 38.222 38.204 38.273 38.291 38.331 38.253 38.265 38.193 38.276 38.387 38.458 38.491 38.588 38.731 39.198 40.383 40.318 39.904 39.956 39.836 39.851 39.872 39.84 39.791 39.871 40.082 40.265 41.668 43.599 44.396 44.781 44.811 45.373 45.318 45.446 43.743 43.871 49.767
34.648 34.678 34.762 34.877 35.039 35.237 35.4 35.61 35.851 36.095 36.231 36.407 36.487 36.581 36.695 36.843 36.941 37.066 37.143 37.248 37.324 37.445 37.52 37.701 37.734 37.837 37.87 37.991 37.974 38.036 38.046 38.104 38.214 38.186 38.181 38.228 38.241 38.293 38.341 38.203 38.241 38.173 38.321 38.388 38.416 38.468 38.588 38.78 39.553 40.961 40.253 39.935 39.958 39.826 39.851 39.841 39.818 39.851 39.988 40.153 40.575 42.654 44.043 42.966 42.383 43.428 45.501 45.736 46.158 44.12 43.816 43.08 43.897
34.664 34.708 34.816 34.973 35.136 35.338 35.486 35.712 35.949 36.134 36.315 36.445 36.548 36.682 36.758 36.909 36.987 37.129 37.181 37.33 37.404 37.522 37.623 37.783 37.8 37.872 37.917 38.008 38.006 38.023 38.075 38.151 38.215 38.153 38.264 38.233 38.276 38.291 38.263 38.253 38.251 38.306 38.397 38.453 38.467 38.553 38.836 39.984 40.796 40.026 39.911 39.925 39.806 39.826 39.809 39.834 39.863 40.033 40.37 41.123 42.658 43.856 42.711 41.506 41.631 42.046 45.321 45.851 45.237 47.521 52.946 49.978 47.903
34.678 34.766 34.903 35.025 35.258 35.46 35.691 35.921 36.028 36.221 36.37 36.498 36.628 36.772 36.896 36.981 37.045 37.138 37.248 37.347 37.471 37.562 37.66 37.789 37.862 37.954 37.937 38.033 38.041 38.11 38.145 38.224 38.213 38.249 38.244 38.273 38.281 38.271 38.281 38.283 38.273 38.375 38.449 38.482 38.535 38.858 40.101 40.888 39.923 39.911 39.806 39.791 39.818 39.817 39.786 39.848 40.058 40.504 41.138 43.593 43.693 42.261 41.318 41.241 41.316 42.231 44.298 45.776 46.668 52.206 52.969 53.161 51.211
34.729 34.838 35.013 35.147 35.351 35.534 35.751 35.983 36.176 36.363 36.452 36.59 36.696 36.824 36.948 37.042 37.105 37.198 37.282 37.434 37.498 37.58 37.674 37.763 37.827 37.897 38.003 38.068 38.096 38.175 38.227 38.192 38.204 38.28 38.286 38.288 38.203 38.258 38.272 38.313 38.353 38.429 38.495 38.604 39.027 39.944 40.493 39.846 39.833 39.801 39.778 39.753 39.768 39.769 39.85 40.048 40.452 42.122 43.483 42.913 41.284 41.228 41.236 41.203 41.292 41.749 44.003 46.888 51.142 49.626 44.18 52.657 55.136
34.755 34.89 35.094 35.272 35.472 35.695 35.906 36.099 36.249 36.407 36.542 36.678 36.776 36.899 37.011 37.089 37.15 37.273 37.319 37.454 37.516 37.639 37.711 37.82 37.878 37.918 38.018 38.106 38.136 38.164 38.219 38.245 38.297 38.316 38.271 38.236 38.223 38.3 38.336 38.376 38.422 38.555 38.659 39.067 40.152 40.298 39.816 39.821 39.738 39.761 39.751 39.737 39.776 39.946 40.126 40.744 42.228 43.551 41.873 41.166 41.129 41.188 41.203 41.231 41.288 41.572 44.022 46.698 47.118 49.043 55.433 55.735 59.79
34.848 35.001 35.172 35.411 35.576 35.836 36.031 36.149 36.351 36.484 36.638 36.786 36.825 36.99 37.108 37.166 37.243 37.32 37.372 37.493 37.589 37.695 37.763 37.835 37.936 37.945 38.043 38.138 38.22 38.201 38.191 38.306 38.327 38.296 38.226 38.228 38.356 38.326 38.423 38.458 38.56 38.834 39.653 40.649 40.286 39.788 39.768 39.703 39.773 39.778 39.746 39.79 39.936 40.131 40.75 42.875 43.518 41.966 41.048 41.029 41.111 41.126 41.125 41.194 41.32 41.556 45.963 48.038 47.979 51.655 53.471 56.284 51.651
34.943 35.109 35.306 35.514 35.693 35.966 36.138 36.305 36.483 36.563 36.69 36.824 36.937 37.042 37.136 37.19 37.293 37.411 37.488 37.558 37.634 37.74 37.817 37.874 37.928 37.978 38.104 38.146 38.263 38.231 38.293 38.364 38.27 38.163 38.251 38.346 38.401 38.398 38.473 38.575 38.925 39.417 40.651 40.017 39.768 39.713 39.653 39.731 39.706 39.676 39.782 39.971 40.151 40.647 42.797 43.433 41.506 40.923 40.965 40.984 41.023 41.019 41.105 41.2 41.317 42.102 50.911 46.693 52.266 56.423 53.17 50.33 54.453
35.043 35.162 35.413 35.636 35.857 36.121 36.228 36.406 36.527 36.651 36.793 36.873 36.977 37.095 37.199 37.286 37.381 37.401 37.53 37.596 37.705 37.776 37.831 37.875 37.984 38.048 38.108 38.161 38.222 38.246 38.297 38.292 38.221 38.238 38.381 38.361 38.426 38.493 38.554 38.946 39.451 40.607 39.977 39.737 39.663 39.618 39.658 39.673 39.701 39.745 39.979 40.21 40.744 42.794 43.593 41.498 40.868 40.891 40.938 40.933 40.933 41.046 41.094 41.234 41.402 46.476 49.791 50.784 52.248 55.138 51.043 56.228 50.898
35.087 35.32 35.571 35.796 36.026 36.217 36.368 36.513 36.622 36.726 36.903 36.954 37.088 37.156 37.258 37.323 37.388 37.466 37.548 37.653 37.749 37.807 37.851 37.928 38.007 38.076 38.133 38.216 38.231 38.243 38.253 38.191 38.201 38.331 38.38 38.418 38.436 38.592 38.884 39.847 40.6 39.823 39.711 39.608 39.616 39.638 39.638 39.661 39.736 39.933 40.174 40.675 42.8 43.205 40.998 40.821 40.828 40.878 40.866 40.898 40.957 41.091 41.168 41.892 47.141 51.17 57.743 57.658 51.183 52.168 53.453 50.532 59.488
35.163 35.411 35.614 35.9 36.096 36.33 36.458 36.601 36.691 36.808 36.906 37.051 37.191 37.216 37.271 37.374 37.458 37.511 37.615 37.666 37.793 37.827 37.945 37.975 38.057 38.107 38.131 38.251 38.238 38.234 38.237 38.263 38.411 38.421 38.451 38.426 38.491 39.235 41.422 41.538 40.2 39.713 39.562 39.563 39.648 39.618 39.601 39.743 40.155 40.565 41.005 42.832 42.647 41.173 40.738 40.813 40.781 40.821 40.886 40.96 41.039 41.092 41.183 41.368 47.678 51.571 56.603 56.125 57.021 51.192 51.676 54.483 60.051
35.328 35.571 35.786 36.023 36.218 36.413 36.578 36.681 36.856 36.921 37.002 37.148 37.211 37.28 37.373 37.423 37.494 37.563 37.641 37.718 37.831 37.869 37.927 37.977 38.088 38.156 38.211 38.231 38.214 38.238 38.262 38.401 38.414 38.435 38.511 38.556 43.328 42.941 39.979 39.618 41.109 39.577 39.568 39.556 39.652 39.703 39.808 40.056 40.903 41.118 42.128 42.489 40.893 40.723 40.733 40.766 40.741 40.828 40.942 40.981 41.084 41.19 41.28 41.505 43.213 54.648 56.339 57.414 56.547 52.156 55.456 54.9 57.403
35.437 35.671 35.889 36.133 36.329 36.48 36.676 36.77 36.926 36.998 37.128 37.238 37.26 37.368 37.424 37.469 37.559 37.593 37.709 37.806 37.889 37.899 37.958 38.015 38.14 38.173 38.183 38.158 38.209 38.299 38.368 38.393 38.457 38.476 38.723 39.441 41.716 40.781 39.533 39.589 39.548 39.55 39.561 39.578 39.622 39.776 40.076 40.428 41.765 42.93 42.482 40.828 40.723 40.688 40.743 40.736 40.811 40.856 40.961 41.085 41.165 41.261 41.42 41.593 42.321 47.871 50.454 54.021 55.273 51.648 50.441 57.888 52.601
35.62 35.861 36.043 36.291 36.422 36.568 36.716 36.885 36.961 37.065 37.153 37.268 37.374 37.438 37.529 37.543 37.551 37.652 37.768 37.841 37.893 37.942 38.04 38.09 38.166 38.128 38.106 38.186 38.314 38.398 38.393 38.477 38.538 38.688 39.586 40.266 40.418 40.843 41.859 39.992 39.577 39.553 39.455 39.626 39.808 40.101 40.313 41.38 43.076 41.923 40.71 40.694 40.663 40.691 40.716 40.723 40.816 40.948 41.023 41.185 41.243 41.361 41.503 41.681 43.443 49.038 53.286 49.614 53.968 52.516 53.096 57.406 52.476
35.718 35.931 36.209 36.398 36.497 36.652 36.819 36.941 37.038 37.135 37.232 37.345 37.419 37.471 37.523 37.593 37.672 37.774 37.801 37.835 37.949 38.021 38.075 38.104 38.073 38.119 38.173 38.288 38.335 38.388 39.863 38.647 38.661 39.648 40.096 39.636 39.556 39.468 39.523 39.572 39.501 39.478 39.575 39.924 49.948 45.628 41.798 43.073 41.312 40.685 40.661 40.689 40.611 40.656 40.681 40.746 40.876 40.995 41.095 41.246 41.36 41.459 41.621 41.788 41.949 47.618 54.128 52.993 51.575 53.296 59.331 59.803 56.788
35.908 36.073 36.36 36.504 36.653 36.838 36.942 37.058 37.136 37.231 37.321 37.385 37.458 37.501 37.592 37.626 37.708 37.806 37.823 37.901 38.014 38.078 38.068 38.066 38.078 38.186 38.271 38.36 38.326 38.391 43.467 46.43 43.921 39.936 39.576 39.578 39.421 39.473 39.532 39.439 39.483 39.662 45.822 45.496 51.558 42.111 42.654 41.307 40.61 40.638 40.608 40.551 40.631 40.689 40.703 40.771 40.931 41.09 41.173 41.293 41.42 41.522 41.681 41.868 46.963 51.178 51.038 53.816 54.326 57.796 60.27 57.777 51.793
