data/LIDAR-DSM-2M-NZ24se/nz2942_DSM_2M.asc
ncols 500
nrows 500
xllcorner    429000
yllcorner    542000
cellsize     2
NODATA_value -9999
[rows 0 to 31 of 500, columns 144 to 215 of 500]
92.981 91.611 91.791 92.796 91.943 91.283 91.296 91.278 91.711 94.083 93.951 93.748 91.433 91.298 91.751 91.971 94.898 93.806 90.753 90.746 90.821 90.826 91.406 90.603 90.598 90.603 90.741 91.588 90.516 91.401 95.956 97.193 96.863 95.811 91.763 90.413 90.611 91.268 90.858 90.458 90.521 90.583 90.933 90.998 91.001 90.653 90.718 90.876 91.553 91.153 90.528 91.058 95.541 96.961 97.341 95.796 91.203 90.866 91.566 90.791 90.771 90.823 90.786 90.808 90.843 90.906 90.928 90.913 90.936 90.921 91.036 91.431
91.586 91.698 91.528 92.888 93.016 91.316 91.328 91.728 92.273 93.191 93.243 93.711 93.323 91.338 93.328 96.211 97.216 96.001 91.926 90.748 90.688 90.996 90.666 90.618 90.586 90.678 91.681 91.193 90.781 90.476 93.841 96.521 96.281 94.221 91.231 90.616 91.791 90.486 90.396 90.421 90.478 90.621 90.653 91.611 92.523 91.201 90.931 91.628 91.678 91.098 90.553 90.553 92.881 96.368 96.458 95.798 94.198 91.658 91.396 90.968 90.841 90.821 90.856 90.851 90.851 90.911 90.938 90.926 91.036 91.431 91.728 91.793
91.393 91.408 92.433 93.111 94.333 92.341 92.826 92.991 92.688 92.738 94.106 93.781 92.658 91.156 91.811 96.653 97.686 97.203 93.761 91.236 90.828 90.913 90.788 91.036 90.828 90.591 91.181 90.878 91.431 90.596 91.601 95.333 91.411 90.388 90.373 90.573 90.616 90.383 90.393 90.403 90.461 90.528 90.683 91.046 91.836 91.983 91.838 91.218 91.638 91.103 90.556 90.758 91.128 94.023 94.543 94.701 94.263 92.008 91.846 91.113 91.036 90.883 90.888 90.928 90.871 90.913 90.936 90.998 91.083 91.438 91.736 91.646
91.831 91.441 92.118 92.326 94.718 92.636 91.648 91.203 91.141 91.651 91.763 91.028 90.888 90.813 90.793 94.743 97.143 97.693 95.688 91.578 90.776 90.701 91.051 90.908 91.608 90.618 90.598 90.603 90.881 91.088 90.976 90.446 90.603 93.211 94.791 92.418 90.443 90.391 90.421 90.428 90.493 90.588 90.823 91.418 92.181 91.543 90.601 90.746 91.063 90.798 90.593 90.696 90.623 90.563 92.306 92.511 93.493 93.396 91.341 90.978 91.318 90.948 90.931 90.968 90.958 90.956 90.983 91.113 91.168 91.231 91.363 91.353
91.923 91.673 91.506 91.373 91.641 92.276 91.158 91.048 91.021 91.001 90.971 90.911 90.868 90.836 90.818 91.903 96.266 97.856 97.311 94.233 91.101 90.723 91.088 91.086 91.036 90.588 90.598 90.573 90.601 91.033 90.561 90.536 93.131 96.431 96.951 95.651 91.161 91.263 90.523 90.491 90.691 91.241 92.103 91.246 91.863 91.073 90.588 90.631 91.048 90.976 90.901 92.713 92.878 90.658 90.988 90.961 91.748 91.153 90.986 91.036 91.311 91.003 90.971 91.021 91.061 91.006 91.058 91.243 91.301 91.283 91.266 91.286
91.473 91.343 91.361 91.353 91.353 92.553 91.886 91.023 90.981 90.951 90.913 90.873 90.843 90.848 91.578 92.731 95.596 97.061 97.768 96.276 92.681 90.658 90.676 90.893 90.743 90.573 90.573 90.571 90.553 90.601 90.736 90.521 92.216 96.528 97.418 96.631 94.128 93.051 90.931 90.921 90.996 91.268 91.608 90.741 90.761 91.241 90.933 90.613 90.856 91.608 94.733 96.368 95.683 91.621 91.143 90.866 91.071 91.313 91.336 91.123 91.116 91.553 92.183 90.993 91.046 91.066 91.111 91.271 91.271 91.253 91.226 91.201
91.388 91.328 91.346 91.343 91.346 91.908 92.913 91.266 90.941 90.936 90.898 90.878 91.573 93.016 92.398 92.963 93.868 96.496 97.583 97.348 95.491 92.728 92.438 91.046 90.763 90.521 90.556 90.596 90.588 91.023 90.641 90.508 90.691 95.556 97.076 97.246 96.113 91.688 90.603 90.416 91.178 90.606 91.508 90.816 90.581 90.628 91.021 91.093 94.053 95.883 96.821 97.321 97.368 94.571 90.788 90.743 90.758 90.771 90.951 91.083 91.188 92.601 91.121 91.073 91.093 91.146 91.113 91.168 91.213 91.183 91.211 91.201
91.401 91.333 91.513 91.606 92.093 91.948 93.893 91.891 90.941 90.911 91.146 91.961 92.281 91.368 90.833 91.353 93.061 94.983 96.948 97.088 96.413 93.141 91.416 90.553 90.658 90.651 90.568 90.576 90.593 91.808 90.858 90.558 90.493 91.988 96.271 97.493 96.746 92.598 90.471 90.436 90.956 90.576 91.133 90.981 90.688 91.261 92.756 95.813 96.663 97.218 98.041 97.563 97.051 96.173 90.768 90.791 90.783 90.818 90.873 90.941 91.168 92.448 91.283 91.121 91.118 91.161 91.136 91.116 91.148 91.213 91.213 91.223
91.396 91.311 91.486 91.461 91.783 91.833 93.736 92.668 91.641 92.356 92.098 91.263 90.926 90.766 90.776 90.913 90.951 91.371 95.896 94.131 90.803 90.641 90.613 90.576 90.578 90.743 90.616 90.563 90.581 90.631 90.593 90.623 90.646 91.281 94.493 97.046 97.253 95.646 91.218 90.578 90.771 90.573 90.628 91.673 92.541 95.508 96.578 97.126 97.543 97.426 96.976 96.721 96.968 92.478 90.988 90.826 90.841 90.868 90.933 91.093 91.093 91.141 91.111 91.131 91.131 91.133 91.113 91.166 91.211 91.203 91.176 91.168
91.258 91.248 91.263 91.291 91.326 91.308 93.393 92.668 92.931 91.358 90.981 90.848 90.773 90.738 90.746 90.746 90.786 91.091 91.433 90.703 92.126 95.006 93.416 90.566 90.586 90.623 90.686 90.556 90.546 90.546 90.533 90.781 91.406 90.586 91.868 96.403 97.378 96.808 93.461 92.016 91.778 91.076 91.741 95.038 96.426 96.971 97.468 97.486 97.071 96.498 94.481 94.123 91.838 90.686 90.851 91.086 90.941 90.966 91.038 91.141 91.118 91.108 91.103 91.126 91.128 91.168 91.201 91.176 91.191 91.178 91.196 91.196
91.306 91.196 91.226 91.421 91.661 92.133 92.748 92.988 93.623 92.276 91.351 90.901 91.173 90.961 90.721 90.741 90.776 91.028 90.768 94.578 96.521 96.961 96.246 90.936 90.533 90.563 90.838 90.616 90.506 90.556 90.518 90.943 91.283 90.718 90.873 95.106 96.776 96.571 95.648 90.856 91.556 94.428 96.358 96.861 98.018 97.728 97.153 96.613 95.826 91.478 90.583 90.726 91.361 90.766 90.826 91.176 91.018 91.123 91.063 91.093 91.126 91.128 91.096 91.123 91.196 91.208 91.191 91.251 91.241 91.556 91.163 91.133
92.881 91.251 91.861 92.471 91.546 91.071 91.138 91.341 93.211 93.301 91.243 90.928 91.641 91.308 90.933 90.823 90.756 90.963 90.806 92.381 96.606 97.521 96.846 93.196 90.531 90.571 90.846 90.606 90.558 90.536 90.558 91.611 90.968 91.503 90.511 92.658 95.766 92.218 90.691 91.188 91.141 94.611 96.908 97.558 97.626 96.828 95.838 92.688 91.091 90.948 90.593 90.618 91.131 91.026 91.251 91.221 91.046 91.091 91.118 91.153 91.121 91.108 91.098 91.128 91.176 91.176 91.406 91.943 91.396 91.183 91.086 91.686
92.046 92.296 91.853 91.111 91.046 91.073 91.108 91.331 92.931 92.451 91.623 90.961 91.663 90.838 90.738 90.626 90.708 90.633 90.651 91.366 95.306 97.151 97.458 94.893 90.953 90.673 90.543 90.793 90.611 90.533 90.551 90.958 91.223 91.111 90.778 90.978 90.721 90.388 90.441 91.498 92.123 93.571 95.966 96.873 97.316 96.148 90.948 90.533 91.116 91.778 91.168 90.806 91.028 91.283 91.076 91.056 91.081 91.076 91.076 91.103 91.131 91.146 91.118 91.171 91.288 91.323 91.188 91.306 91.078 91.066 92.988 96.801
91.121 91.101 91.086 91.076 91.086 91.206 91.093 91.223 92.293 92.073 91.771 92.098 91.098 91.123 90.623 90.613 90.621 90.608 90.616 90.673 92.756 96.538 97.906 96.973 92.831 90.648 90.676 90.881 90.618 90.551 90.541 90.548 90.556 90.593 90.756 90.498 90.453 90.453 90.508 91.488 90.928 92.886 94.376 95.223 93.766 91.623 91.283 90.608 90.838 91.448 90.931 91.056 90.993 90.983 90.996 91.066 91.046 91.043 91.081 91.138 91.163 91.141 91.133 91.208 92.001 91.231 91.046 91.421 92.836 96.586 97.753 98.378
91.098 91.146 91.163 91.153 91.488 92.303 91.021 91.133 91.238 91.303 92.338 92.013 91.788 91.583 90.628 90.583 90.568 90.598 90.601 90.658 91.061 94.548 97.071 97.526 96.418 90.648 90.768 90.733 90.621 90.526 90.518 90.541 90.513 90.488 90.531 91.713 90.738 90.463 90.518 91.658 90.646 91.981 91.211 91.151 90.613 90.591 90.778 90.891 90.833 91.081 90.953 90.933 90.958 91.008 91.008 90.998 91.066 91.071 91.111 91.116 91.198 91.131 91.086 91.068 91.011 90.973 92.256 96.456 97.593 98.316 98.456 97.901
91.136 91.213 92.106 92.141 91.026 91.018 91.008 91.481 91.523 91.406 92.171 91.446 91.256 90.891 90.623 90.561 90.563 90.603 91.101 92.113 91.846 91.626 96.433 97.481 97.038 94.998 90.551 90.533 90.541 90.501 90.526 90.518 90.531 90.508 90.576 90.716 90.471 90.521 90.536 91.798 90.741 90.636 90.651 90.688 90.683 90.696 90.896 91.198 91.048 90.928 90.906 90.928 90.928 90.976 90.996 91.018 91.078 91.068 91.178 92.136 92.583 91.083 91.008 90.953 92.656 95.418 97.311 98.128 98.398 97.993 97.163 93.921
91.613 91.111 91.066 91.061 91.021 91.036 91.791 92.428 91.441 91.781 92.396 91.013 90.828 91.153 90.633 90.701 91.541 91.453 91.821 91.448 91.068 90.953 93.606 96.928 96.876 95.378 91.623 90.541 90.533 90.573 90.556 90.513 90.528 90.503 90.521 90.643 90.751 90.531 91.056 91.481 90.641 90.668 90.673 90.728 90.893 91.083 91.121 90.886 90.903 90.916 90.936 90.913 90.926 90.951 90.998 91.033 91.111 91.883 91.456 92.098 91.136 90.886 91.748 93.791 97.103 97.776 97.958 97.648 97.158 93.743 91.593 91.206
93.866 91.178 91.096 91.066 91.023 91.563 92.348 91.781 91.021 90.928 92.453 90.771 91.016 91.881 92.593 90.871 92.023 91.573 90.951 91.108 91.616 90.603 91.478 96.161 94.508 93.298 92.241 90.578 90.551 90.593 90.598 90.631 90.718 90.508 90.503 90.591 90.678 90.561 90.958 91.328 90.633 90.683 90.923 90.826 90.936 91.156 90.826 90.848 90.888 90.891 90.881 90.928 90.963 90.988 91.006 91.256 91.963 91.766 91.066 90.883 91.073 93.866 97.098 97.701 98.203 98.183 97.036 96.678 95.153 91.486 91.223 91.493
96.081 91.781 91.173 91.536 91.283 91.166 90.968 91.116 90.906 91.721 92.773 91.433 91.111 91.251 90.961 90.716 90.626 90.638 90.721 90.676 90.753 90.971 90.636 92.193 92.801 92.078 91.703 90.918 90.593 90.603 90.628 90.761 91.863 90.493 90.481 90.516 90.733 90.748 91.316 90.871 90.803 91.413 91.281 90.801 90.803 90.833 90.821 90.803 90.808 90.871 90.916 90.916 90.953 91.183 91.693 91.378 90.953 90.866 91.098 93.378 96.446 97.638 98.253 98.233 97.751 97.111 95.171 95.921 95.113 92.676 91.498 91.538
95.908 92.721 91.221 91.121 91.203 90.988 90.958 90.921 90.911 91.736 92.203 91.716 90.816 90.693 90.753 91.008 90.611 90.631 90.826 90.766 90.748 90.741 91.953 93.156 91.908 90.878 90.646 90.583 90.626 90.636 90.651 90.673 91.418 90.916 90.521 90.503 90.553 91.183 92.308 91.458 91.468 90.948 90.726 90.768 90.796 90.778 90.778 90.823 90.823 90.851 90.861 90.911 91.088 92.298 91.401 90.863 90.808 92.433 95.703 97.556 98.213 98.801 99.493 97.841 96.723 96.386 92.963 93.776 92.498 91.723 91.661 91.578
91.783 93.578 91.756 91.131 91.053 91.001 90.973 90.936 91.626 92.083 91.186 91.278 90.758 90.731 90.681 91.176 90.756 90.641 90.706 91.103 90.828 93.478 94.623 96.766 95.921 91.916 91.121 90.638 90.693 90.698 90.651 90.728 90.616 90.481 90.516 90.521 90.476 90.766 91.488 90.841 90.661 90.711 90.743 90.766 90.771 90.778 90.803 90.811 90.846 90.856 90.883 90.888 90.881 90.923 90.761 91.768 95.346 97.461 98.066 98.731 99.233 99.511 99.101 97.123 93.126 91.683 91.391 91.336 91.033 91.118 91.656 91.688
95.143 95.743 92.716 91.091 91.103 91.328 91.756 93.286 93.388 91.646 91.491 91.611 91.061 90.818 90.733 91.023 91.333 91.128 91.063 92.148 95.813 96.648 97.163 97.571 97.773 95.316 91.173 90.698 90.736 90.888 90.693 90.726 90.731 90.511 90.491 90.508 90.518 90.568 90.606 90.643 90.688 90.706 90.696 90.746 90.751 90.771 90.788 90.793 90.851 90.838 90.808 90.778 90.723 91.386 95.311 96.726 97.363 98.746 99.276 99.473 99.143 98.563 97.928 97.083 92.953 90.951 91.113 91.401 91.278 91.083 91.428 92.473
97.351 97.613 95.801 91.073 91.748 93.236 93.326 91.801 90.848 90.868 91.298 91.168 90.988 90.836 90.768 91.543 91.651 92.581 94.351 96.591 97.331 97.556 97.623 97.206 97.176 97.416 92.613 90.728 90.703 91.301 90.901 90.941 90.688 90.561 90.486 90.516 90.561 90.548 90.558 90.593 90.671 90.671 90.726 90.728 90.733 90.751 90.796 90.818 90.828 90.728 90.698 91.041 94.378 96.923 97.341 97.671 97.601 98.748 99.303 98.608 98.003 97.418 96.313 92.361 91.568 91.226 91.091 91.348 91.351 91.253 91.313 93.168
97.886 98.248 97.176 94.101 92.326 92.366 91.041 90.933 90.938 91.003 91.151 90.923 91.133 91.306 90.766 91.571 94.188 95.758 97.003 97.513 97.941 97.566 97.353 96.323 95.886 94.513 91.486 90.728 90.706 90.691 90.723 91.041 90.851 90.603 90.498 90.501 90.548 90.541 90.563 90.623 90.678 90.696 90.708 90.706 90.716 90.753 90.723 90.721 90.678 90.656 93.248 96.981 97.646 98.253 98.833 97.166 96.583 95.953 97.568 97.466 96.433 92.611 92.746 92.961 91.086 91.918 91.083 91.233 91.626 91.373 91.381 92.436
97.491 98.748 97.691 95.561 91.358 91.051 91.023 90.981 90.968 91.138 90.863 90.938 91.141 91.378 94.351 96.423 96.918 97.468 97.731 97.378 96.826 96.448 97.043 92.846 92.173 90.673 90.668 90.693 90.668 90.671 90.701 91.011 90.741 90.598 90.508 90.516 90.531 90.541 90.601 90.641 90.681 90.678 90.691 90.701 90.701 90.656 90.633 90.971 92.013 95.546 97.203 97.846 98.711 98.923 98.638 96.421 94.631 94.043 94.831 95.391 93.961 91.426 91.601 91.761 91.021 92.288 91.373 91.121 91.541 91.566 91.676 93.556
96.933 98.013 97.973 96.966 93.408 91.051 91.076 91.083 91.146 91.601 90.833 92.083 92.688 95.796 96.871 97.393 97.653 97.433 96.951 96.331 93.381 91.233 91.058 90.593 90.596 90.581 90.603 90.796 90.808 90.748 90.823 90.631 90.606 90.581 90.526 90.506 90.516 90.556 90.588 90.633 90.673 90.648 90.666 90.653 90.578 90.546 91.543 94.631 97.163 97.681 97.781 97.643 98.558 97.991 97.416 95.838 93.878 93.683 93.473 94.676 94.288 92.251 90.888 91.433 93.153 95.876 95.243 91.708 91.211 91.466 91.591 92.926
95.633 97.371 97.103 95.978 92.913 91.038 91.073 91.141 91.286 91.373 90.836 92.806 96.608 97.271 98.041 97.736 97.018 96.503 93.806 91.661 90.603 90.546 90.808 90.561 90.546 90.536 90.548 90.766 90.868 90.626 90.581 90.573 90.531 90.503 90.496 90.506 90.546 90.573 90.588 90.601 90.631 90.613 90.593 90.796 91.931 94.641 96.788 97.606 97.706 97.328 96.738 96.996 97.536 95.996 92.853 93.656 93.676 91.933 91.083 92.263 94.081 92.923 91.293 92.848 95.073 96.481 96.043 93.548 91.293 91.431 91.708 93.028
92.851 96.173 93.188 91.151 91.083 91.063 91.063 91.121 91.241 91.431 90.836 91.231 95.508 97.641 97.496 96.853 94.183 91.223 90.671 90.738 90.918 90.548 90.616 90.613 90.453 90.568 90.586 90.548 90.553 90.533 90.511 90.473 90.436 90.468 90.496 90.526 90.578 90.568 90.558 90.548 90.548 90.523 90.793 94.641 96.506 97.551 97.733 97.473 96.753 95.711 94.736 96.333 96.753 92.148 90.738 93.046 93.648 90.883 94.103 95.381 91.556 91.851 93.498 93.516 93.898 96.006 96.211 93.858 91.423 91.456 91.806 92.828
91.066 91.686 91.241 91.733 92.071 91.133 91.071 91.276 91.291 91.163 90.816 90.703 92.643 96.623 97.083 95.291 91.388 90.611 90.686 90.766 90.841 90.616 90.541 90.678 90.583 90.596 90.538 90.503 90.488 90.458 90.431 90.503 90.488 90.478 90.511 90.526 90.518 90.498 90.541 90.521 92.213 94.113 93.121 96.063 97.681 97.383 96.738 95.813 94.831 94.241 93.851 93.713 92.503 91.406 90.743 91.813 92.461 91.493 94.821 95.288 91.628 91.823 92.703 92.608 94.406 94.953 95.748 95.711 91.988 91.798 91.491 91.313
91.218 93.198 92.858 92.506 91.763 91.718 92.171 92.768 93.023 91.151 90.883 90.708 90.698 94.161 92.413 91.061 90.698 90.721 90.558 90.661 90.666 90.873 90.506 90.616 90.538 90.543 90.501 90.446 90.413 90.451 90.458 90.463 90.486 90.513 91.313 91.073 90.513 90.503 90.528 91.798 95.956 97.241 96.386 94.628 96.638 95.601 94.591 94.241 93.926 92.308 92.808 91.418 90.526 91.831 91.473 90.803 90.888 91.468 91.776 91.351 91.228 91.706 92.388 94.126 94.381 94.856 93.598 92.023 91.466 91.713 91.571 92.251
92.053 92.266 92.051 91.261 90.998 91.053 92.591 92.808 91.596 91.246 90.891 90.808 90.673 90.651 90.646 90.691 90.953 90.728 90.516 90.658 90.821 90.528 90.473 90.508 90.491 90.428 90.378 90.388 90.406 90.451 90.451 90.433 90.483 90.548 91.058 90.568 90.553 90.638 90.621 92.671 97.623 98.351 98.093 94.151 94.018 93.978 93.616 92.456 91.493 90.563 90.691 90.551 91.588 92.411 91.748 91.181 91.648 91.173 91.033 91.071 92.236 93.401 93.098 93.678 93.068 91.928 91.431 91.246 91.258 91.258 91.211 91.236
90.838 90.898 90.923 90.863 90.756 90.768 91.243 92.983 91.408 91.118 91.008 90.913 90.706 90.596 90.586 90.596 90.721 91.153 90.813 90.616 90.468 90.418 90.433 90.433 90.356 90.378 90.406 90.446 90.418 90.446 91.408 90.763 90.426 90.491 90.516 90.728 91.333 90.643 90.906 91.068 96.563 98.298 97.698 95.473 93.041 93.731 93.258 92.996 91.281 90.551 91.146 91.983 91.948 91.393 91.228 91.583 90.966 91.023 92.108 93.083 93.568 93.928 92.276 92.221 91.453 91.218 91.406 91.118 91.131 91.098 91.181 91.198
