data/LIDAR-DSM-2M-NZ24se/nz2941_DSM_2M.asc
ncols 500
nrows 500
xllcorner    429000
yllcorner    541000
cellsize     2
NODATA_value -9999
[rows 0 to 31 of 500, columns 365 to 437 of 500]
85.367 85.347 85.32 85.275 85.292 85.275 85.225 85.232 85.252 85.195 85.19 85.152 85.13 85.045 85.027 84.945 84.895 84.847 84.812 84.767 84.75 84.727 84.662 84.642 84.625 84.635 84.572 84.56 84.532 84.48 84.462 84.425 84.395 84.35 84.292 84.24 84.2 84.125 84.03 83.977 83.89 83.83 83.745 83.69 83.652 83.612 83.557 83.542 83.497 83.482 83.432 83.402 83.405 83.345 83.33 83.31 83.3 83.24 83.21 83.18 83.162 83.085 82.997 82.882 82.775 82.752 82.687 82.622 82.537 82.517 82.487 82.435 82.385
85.317 85.32 85.267 85.242 85.215 85.2 85.192 85.175 85.165 85.142 85.107 85.07 85.092 85 84.935 84.912 84.855 84.762 84.765 84.7 84.707 84.69 84.645 84.612 84.6 84.567 84.53 84.532 84.5 84.447 84.407 84.36 84.312 84.28 84.247 84.172 84.125 84.06 83.975 83.922 83.842 83.76 83.665 83.62 83.58 83.55 83.47 83.457 83.415 83.385 83.367 83.33 83.317 83.275 83.232 83.2 83.197 83.185 83.157 83.135 83.09 83.042 82.947 82.867 82.752 82.63 82.662 82.585 82.495 82.452 82.415 82.355 82.31
85.29 85.277 85.227 85.202 85.15 85.14 85.132 85.115 85.105 85.087 85.065 85.017 84.997 84.935 84.902 84.86 84.762 84.71 84.677 84.66 84.642 84.62 84.602 84.592 84.555 84.572 84.5 84.475 84.465 84.407 84.365 84.302 84.257 84.21 84.157 84.135 84.072 83.985 83.902 83.807 83.767 83.707 83.62 83.552 83.507 83.455 83.385 83.355 83.337 83.302 83.27 83.222 83.212 83.17 83.14 83.12 83.11 83.087 83.097 83.042 83.025 83 82.94 82.845 82.757 82.617 82.555 82.532 82.445 82.37 82.342 82.282 82.237
85.227 85.227 85.19 85.145 85.117 85.112 85.075 85.032 85.027 85.005 84.99 84.972 84.927 84.885 84.83 84.762 84.695 84.665 84.63 84.617 84.59 84.555 84.535 84.565 84.505 84.48 84.47 84.452 84.437 84.38 84.3 84.267 84.232 84.155 84.115 84.032 83.982 83.917 83.847 83.74 83.702 83.64 83.58 83.49 83.417 83.392 83.357 83.26 83.23 83.185 83.182 83.15 83.11 83.097 83.092 83.055 83.03 83.017 83.02 82.965 82.927 82.94 82.89 82.815 82.745 82.62 82.477 82.445 82.412 82.34 82.27 82.227 82.182
85.177 85.167 85.135 85.082 85.07 85.057 84.992 85.015 84.96 84.932 84.907 84.902 84.852 84.807 84.755 84.682 84.657 84.625 84.547 84.567 84.53 84.515 84.49 84.522 84.497 84.465 84.437 84.412 84.395 84.327 84.26 84.21 84.145 84.102 84.035 83.975 83.92 83.867 83.78 83.692 83.637 83.557 83.49 83.422 83.35 83.312 83.282 83.22 83.147 83.117 83.08 83.047 83.03 82.98 82.997 82.95 82.902 82.92 82.892 82.905 82.857 82.855 82.807 82.727 82.682 82.58 82.487 82.357 82.337 82.295 82.222 82.147 82.105
85.112 85.062 85.087 85.057 85.007 85.007 84.96 84.91 84.87 84.87 84.835 84.792 84.772 84.745 84.705 84.665 84.582 84.527 84.507 84.472 84.477 84.46 84.432 84.455 84.48 84.39 84.412 84.377 84.352 84.317 84.277 84.215 84.157 84.065 84 83.912 83.832 83.782 83.725 83.642 83.552 83.49 83.435 83.387 83.317 83.247 83.162 83.145 83.052 83.017 82.977 82.972 82.942 82.91 82.895 82.857 82.862 82.815 82.835 82.83 82.78 82.747 82.745 82.692 82.647 82.532 82.462 82.35 82.212 82.21 82.17 82.077 82.047
85.04 85.017 85.012 85.005 84.962 84.912 84.882 84.85 84.802 84.772 84.735 84.737 84.717 84.672 84.612 84.575 84.512 84.477 84.472 84.412 84.39 84.427 84.425 84.417 84.422 84.4 84.397 84.34 84.32 84.282 84.24 84.177 84.07 84.03 83.945 83.837 83.77 83.7 83.675 83.6 83.502 83.44 83.387 83.327 83.25 83.172 83.1 83.047 83.015 82.982 82.925 82.862 82.865 82.827 82.792 82.792 82.79 82.725 82.7 82.725 82.7 82.655 82.622 82.592 82.582 82.522 82.422 82.342 82.222 82.132 82.132 82.057 81.962
84.98 84.94 84.945 84.925 84.897 84.845 84.82 84.775 84.752 84.69 84.67 84.622 84.637 84.567 84.527 84.507 84.457 84.442 84.39 84.392 84.372 84.385 84.392 84.367 84.387 84.38 84.357 84.327 84.302 84.262 84.207 84.14 84.07 83.99 83.87 83.777 83.725 83.65 83.552 83.55 83.452 83.397 83.335 83.25 83.207 83.155 83.082 82.997 82.967 82.897 82.855 82.797 82.772 82.76 82.732 82.712 82.672 82.675 82.635 82.62 82.592 82.57 82.535 82.545 82.502 82.47 82.38 82.297 82.202 82.065 82.01 82.027 81.922
84.935 84.877 84.86 84.832 84.827 84.805 84.747 84.71 84.677 84.615 84.592 84.535 84.527 84.48 84.455 84.46 84.395 84.357 84.337 84.33 84.34 84.317 84.315 84.312 84.32 84.325 84.317 84.3 84.252 84.215 84.177 84.117 84.035 83.95 83.827 83.737 83.662 83.585 83.53 83.465 83.425 83.347 83.267 83.207 83.145 83.095 83.022 82.967 82.885 82.825 82.765 82.727 82.682 82.657 82.65 82.622 82.612 82.587 82.557 82.525 82.515 82.5 82.475 82.44 82.46 82.395 82.347 82.262 82.197 82.1 81.962 81.93 81.91
84.88 84.825 84.782 84.775 84.767 84.727 84.697 84.645 84.622 84.56 84.515 84.44 84.45 84.425 84.372 84.372 84.365 84.322 84.28 84.292 84.29 84.267 84.255 84.292 84.292 84.282 84.285 84.272 84.235 84.197 84.172 84.062 84.017 83.93 83.825 83.717 83.617 83.535 83.482 83.442 83.36 83.267 83.195 83.152 83.072 83.05 82.96 82.9 82.852 82.762 82.712 82.672 82.627 82.58 82.56 82.545 82.497 82.485 82.457 82.415 82.422 82.415 82.39 82.347 82.337 82.302 82.272 82.202 82.13 82.057 81.987 81.875 81.887
84.765 84.735 84.697 84.69 84.687 84.645 84.6 84.557 84.517 84.487 84.43 84.397 84.347 84.3 84.282 84.27 84.287 84.247 84.262 84.265 84.247 84.22 84.237 84.26 84.262 84.237 84.247 84.212 84.212 84.155 84.125 84.037 83.965 83.907 83.8 83.68 83.582 83.48 83.412 83.407 83.3 83.217 83.182 83.112 83.025 82.972 82.9 82.827 82.775 82.685 82.65 82.605 82.575 82.522 82.46 82.432 82.422 82.39 82.36 82.325 82.33 82.337 82.297 82.262 82.235 82.215 82.165 82.147 82.072 82.01 81.932 81.84 81.797
84.745 84.685 84.642 84.617 84.57 84.58 84.522 84.487 84.43 84.402 84.362 84.325 84.277 84.24 84.23 84.192 84.21 84.215 84.215 84.23 84.24 84.185 84.185 84.232 84.22 84.215 84.222 84.207 84.18 84.152 84.095 84.025 83.942 83.892 83.762 83.66 83.582 83.462 83.355 83.29 83.252 83.187 83.14 83.042 82.982 82.927 82.862 82.805 82.737 82.65 82.61 82.54 82.502 82.435 82.4 82.352 82.325 82.317 82.245 82.212 82.22 82.227 82.21 82.185 82.162 82.137 82.1 82.07 82.012 81.962 81.877 81.815 81.707
84.657 84.592 84.57 84.55 84.507 84.485 84.432 84.405 84.347 84.352 84.272 84.242 84.195 84.185 84.187 84.147 84.122 84.147 84.182 84.172 84.19 84.185 84.172 84.2 84.167 84.172 84.162 84.155 84.142 84.125 84.045 83.992 83.912 83.837 83.737 83.632 83.55 83.45 83.357 83.285 83.2 83.137 83.07 83.035 82.965 82.875 82.82 82.727 82.675 82.622 82.545 82.467 82.435 82.372 82.317 82.272 82.24 82.215 82.17 82.147 82.11 82.12 82.102 82.1 82.065 82.042 81.985 81.985 81.965 81.902 81.85 81.782 81.735
84.602 84.555 84.495 84.45 84.412 84.405 84.385 84.342 84.31 84.247 84.222 84.207 84.172 84.112 84.117 84.112 84.095 84.1 84.125 84.12 84.147 84.17 84.142 84.125 84.167 84.132 84.107 84.125 84.112 84.062 84.02 83.957 83.885 83.812 83.7 83.612 83.525 83.432 83.342 83.262 83.2 83.115 83.065 83.007 82.915 82.847 82.765 82.695 82.587 82.58 82.487 82.402 82.352 82.305 82.257 82.2 82.142 82.137 82.082 82.057 82.015 82.012 82.002 82 81.972 81.947 81.907 81.905 81.852 81.835 81.795 81.755 81.682
84.527 84.49 84.422 84.402 84.342 84.307 84.295 84.215 84.21 84.197 84.17 84.122 84.105 84.077 84.027 84.065 84.037 84.022 84.062 84.102 84.102 84.125 84.112 84.097 84.112 84.092 84.085 84.062 84.027 83.967 83.965 83.89 83.842 83.77 83.692 83.592 83.517 83.427 83.34 83.255 83.182 83.105 83.01 82.947 82.872 82.82 82.745 82.67 82.585 82.515 82.435 82.372 82.307 82.222 82.167 82.105 82.052 82.03 81.997 81.962 81.94 81.907 81.89 81.89 81.89 81.845 81.81 81.832 81.797 81.742 81.735 81.72 81.637
84.47 84.42 84.375 84.297 84.285 84.225 84.205 84.165 84.14 84.115 84.1 84.08 84.075 84.052 84 83.99 84.042 84.005 83.992 84.045 84.072 84.09 84.137 84.095 84.097 84.08 84.042 83.997 83.992 83.945 83.877 83.872 83.822 83.772 83.675 83.575 83.47 83.395 83.312 83.215 83.145 83.05 82.997 82.935 82.862 82.787 82.702 82.622 82.582 82.447 82.405 82.31 82.252 82.162 82.095 82.022 81.985 81.937 81.892 81.872 81.837 81.815 81.782 81.795 81.785 81.762 81.737 81.73 81.7 81.68 81.67 81.627 81.585
84.392 84.315 84.292 84.23 84.202 84.167 84.145 84.08 84.05 84.065 84.04 84.007 84.027 83.997 83.962 83.942 83.977 83.965 83.935 83.977 84.032 84.025 84.037 84.06 84.012 84.027 84 83.955 83.95 83.915 83.857 83.81 83.745 83.705 83.642 83.542 83.442 83.377 83.287 83.2 83.147 83.05 82.967 82.885 82.827 82.712 82.697 82.582 82.532 82.415 82.335 82.262 82.21 82.1 82.04 81.975 81.882 81.845 81.797 81.772 81.765 81.73 81.685 81.672 81.672 81.682 81.642 81.655 81.645 81.635 81.625 81.555 81.55
84.347 84.262 84.212 84.162 84.127 84.095 84.042 84.04 84.01 84.01 83.945 83.975 83.952 83.947 83.942 83.945 83.93 83.96 83.965 83.957 83.982 84.032 83.995 84.002 84.002 83.997 83.962 83.932 83.88 83.857 83.812 83.757 83.705 83.675 83.607 83.517 83.405 83.342 83.287 83.185 83.112 83.047 82.952 82.86 82.78 82.705 82.632 82.585 82.48 82.39 82.28 82.245 82.155 82.057 81.995 81.907 81.847 81.782 81.71 81.705 81.657 81.645 81.582 81.572 81.58 81.575 81.557 81.557 81.542 81.522 81.527 81.495 81.475
84.305 84.205 84.125 84.087 84.032 84.032 84.015 83.982 83.965 83.905 83.902 83.905 83.91 83.93 83.96 83.92 83.912 83.937 83.937 83.935 83.96 83.957 83.962 83.975 83.967 83.935 83.922 83.882 83.862 83.78 83.74 83.707 83.672 83.595 83.55 83.5 83.435 83.302 83.245 83.162 83.102 83.04 82.965 82.85 82.755 82.687 82.602 82.552 82.447 82.357 82.255 82.152 82.112 82.01 81.942 81.847 81.772 81.71 81.647 81.612 81.58 81.53 81.51 81.47 81.477 81.45 81.452 81.445 81.455 81.44 81.45 81.41 81.39
84.242 84.147 84.092 84.005 83.975 83.935 83.935 83.912 83.887 83.89 83.837 83.862 83.87 83.917 83.892 83.925 83.902 83.897 83.905 83.902 83.932 83.917 83.912 83.897 83.897 83.897 83.87 83.842 83.82 83.742 83.715 83.667 83.6 83.537 83.497 83.482 83.407 83.335 83.255 83.167 83.105 83.032 82.952 82.867 82.76 82.68 82.572 82.475 82.44 82.33 82.237 82.122 82.062 81.94 81.872 81.792 81.722 81.635 81.582 81.517 81.465 81.452 81.42 81.405 81.39 81.392 81.36 81.35 81.355 81.38 81.357 81.357 81.335
84.202 84.13 84.045 83.985 83.917 83.912 83.87 83.82 83.807 83.835 83.837 83.825 83.84 83.852 83.875 83.902 83.887 83.882 83.895 83.89 83.897 83.887 83.885 83.87 83.872 83.865 83.827 83.787 83.78 83.715 83.682 83.605 83.552 83.527 83.46 83.395 83.375 83.305 83.237 83.17 83.102 83.007 82.915 82.847 82.772 82.67 82.572 82.465 82.402 82.32 82.215 82.1 82.01 81.917 81.822 81.757 81.685 81.6 81.532 81.437 81.405 81.355 81.322 81.327 81.28 81.295 81.31 81.26 81.26 81.255 81.282 81.275 81.255
84.147 84.045 84 83.89 83.857 83.847 83.8 83.777 83.75 83.77 83.802 83.782 83.792 83.805 83.847 83.885 83.877 83.88 83.872 83.847 83.845 83.847 83.855 83.845 83.832 83.825 83.78 83.757 83.735 83.665 83.607 83.567 83.53 83.44 83.432 83.377 83.322 83.267 83.195 83.105 83.065 83.007 82.9 82.842 82.745 82.645 82.562 82.452 82.35 82.272 82.185 82.067 81.987 81.872 81.797 81.707 81.605 81.567 81.48 81.372 81.322 81.3 81.24 81.25 81.217 81.187 81.192 81.185 81.182 81.175 81.192 81.205 81.187
84.05 84.002 83.96 83.88 83.807 83.795 83.752 83.702 83.717 83.745 83.757 83.752 83.777 83.797 83.797 83.817 83.88 83.872 83.865 83.847 83.827 83.82 83.802 83.805 83.782 83.78 83.75 83.725 83.685 83.617 83.575 83.537 83.485 83.435 83.382 83.302 83.297 83.252 83.182 83.085 83.052 82.99 82.877 82.792 82.737 82.607 82.507 82.42 82.317 82.225 82.137 82.057 81.957 81.835 81.75 81.67 81.575 81.522 81.41 81.36 81.28 81.232 81.167 81.137 81.127 81.09 81.105 81.11 81.09 81.062 81.085 81.087 81.082
84.035 83.947 83.877 83.832 83.782 83.72 83.695 83.682 83.657 83.677 83.665 83.717 83.727 83.772 83.802 83.797 83.83 83.857 83.845 83.817 83.817 83.782 83.785 83.79 83.725 83.73 83.715 83.645 83.615 83.582 83.547 83.522 83.452 83.407 83.365 83.297 83.245 83.205 83.177 83.092 83.002 82.94 82.885 82.78 82.71 82.622 82.485 82.405 82.297 82.162 82.072 82.017 81.91 81.807 81.712 81.635 81.542 81.49 81.397 81.285 81.222 81.197 81.135 81.07 81.057 81.03 81.025 81.002 81.007 81.007 81.02 80.985 80.992
83.985 83.887 83.812 83.795 83.747 83.67 83.657 83.612 83.625 83.63 83.645 83.695 83.717 83.725 83.75 83.78 83.815 83.84 83.84 83.807 83.807 83.782 83.762 83.737 83.697 83.672 83.642 83.625 83.605 83.562 83.53 83.445 83.417 83.352 83.33 83.275 83.21 83.162 83.127 83.062 82.99 82.905 82.87 82.737 82.65 82.542 82.477 82.397 82.25 82.162 82.05 81.937 81.887 81.757 81.682 81.607 81.492 81.43 81.35 81.262 81.175 81.117 81.087 81.027 80.965 80.947 80.945 80.957 80.925 80.917 80.907 80.9 80.88
83.922 83.865 83.785 83.722 83.695 83.632 83.605 83.602 83.587 83.582 83.602 83.612 83.672 83.712 83.757 83.755 83.777 83.812 83.835 83.822 83.78 83.79 83.752 83.705 83.675 83.642 83.615 83.582 83.56 83.505 83.485 83.42 83.382 83.36 83.265 83.235 83.18 83.127 83.087 83.042 82.967 82.877 82.815 82.722 82.592 82.512 82.432 82.325 82.235 82.127 82.017 81.937 81.817 81.725 81.655 81.575 81.46 81.4 81.317 81.232 81.187 81.072 81.02 80.947 80.915 80.877 80.862 80.837 80.847 80.832 80.82 80.825 80.797
83.867 83.795 83.727 83.682 83.645 83.627 83.577 83.56 83.565 83.562 83.577 83.59 83.66 83.705 83.725 83.722 83.762 83.795 83.807 83.8 83.777 83.765 83.727 83.697 83.645 83.627 83.577 83.53 83.515 83.495 83.46 83.432 83.37 83.325 83.28 83.22 83.145 83.12 83.052 82.99 82.942 82.865 82.782 82.697 82.557 82.467 82.405 82.287 82.192 82.095 81.995 81.89 81.777 81.692 81.605 81.557 81.437 81.352 81.287 81.2 81.15 81.055 80.967 80.92 80.837 80.82 80.757 80.785 80.777 80.752 80.73 80.727 80.747
83.797 83.72 83.687 83.645 83.602 83.587 83.535 83.492 83.485 83.5 83.525 83.57 83.592 83.657 83.69 83.715 83.727 83.785 83.775 83.795 83.765 83.757 83.69 83.64 83.617 83.582 83.545 83.517 83.475 83.442 83.397 83.387 83.39 83.292 83.24 83.187 83.117 83.062 83.007 82.935 82.887 82.825 82.745 82.645 82.557 82.427 82.357 82.247 82.16 82.052 81.945 81.842 81.73 81.61 81.567 81.492 81.407 81.335 81.265 81.172 81.117 81.032 80.935 80.877 80.817 80.77 80.74 80.687 80.682 80.697 80.68 80.655 80.677
83.74 83.66 83.637 83.605 83.552 83.53 83.515 83.472 83.472 83.487 83.507 83.502 83.54 83.602 83.665 83.7 83.735 83.755 83.747 83.762 83.77 83.715 83.707 83.66 83.58 83.54 83.517 83.482 83.457 83.427 83.405 83.347 83.34 83.275 83.207 83.187 83.107 83.047 82.95 82.89 82.837 82.75 82.682 82.615 82.505 82.425 82.305 82.25 82.107 82.012 81.937 81.817 81.73 81.627 81.535 81.442 81.405 81.305 81.207 81.152 81.072 80.99 80.917 80.83 80.775 80.717 80.652 80.607 80.592 80.59 80.59 80.562 80.595
83.655 83.625 83.565 83.557 83.512 83.47 83.455 83.45 83.447 83.432 83.447 83.507 83.52 83.562 83.637 83.67 83.695 83.7 83.717 83.71 83.722 83.697 83.675 83.64 83.585 83.525 83.475 83.445 83.42 83.37 83.355 83.332 83.3 83.26 83.205 83.112 83.075 83.007 82.912 82.867 82.8 82.727 82.637 82.552 82.467 82.377 82.232 82.192 82.107 81.987 81.887 81.792 81.687 81.58 81.487 81.397 81.342 81.27 81.19 81.12 81.042 80.975 80.895 80.795 80.722 80.657 80.587 80.525 80.505 80.512 80.5 80.485 80.487
83.6 83.572 83.492 83.475 83.455 83.435 83.405 83.405 83.405 83.415 83.42 83.462 83.495 83.53 83.595 83.645 83.67 83.687 83.7 83.695 83.712 83.692 83.655 83.612 83.567 83.527 83.472 83.427 83.395 83.35 83.31 83.275 83.255 83.202 83.165 83.105 83.025 82.97 82.895 82.83 82.737 82.677 82.585 82.525 82.42 82.342 82.23 82.117 82.065 81.935 81.862 81.747 81.63 81.555 81.447 81.372 81.312 81.227 81.14 81.08 81.035 80.945 80.85 80.782 80.675 80.617 80.537 80.475 80.415 80.405 80.415 80.435 80.415
83.527 83.497 83.457 83.43 83.397 83.402 83.387 83.362 83.362 83.42 83.435 83.455 83.442 83.505 83.57 83.62 83.64 83.675 83.662 83.662 83.667 83.65 83.647 83.617 83.572 83.502 83.477 83.415 83.367 83.332 83.27 83.242 83.19 83.16 83.145 83.085 82.997 82.97 82.865 82.802 82.69 82.605 82.53 82.457 82.38 82.3 82.185 82.082 82.02 81.905 81.8 81.702 81.585 81.507 81.412 81.335 81.272 81.212 81.122 81.057 80.99 80.905 80.837 80.742 80.64 80.54 80.46 80.42 80.352 80.335 80.345 80.307 80.305
