data/LIDAR-DSM-2M-NZ24se/nz2944_DSM_2M.asc
ncols 500
nrows 500
xllcorner    429000
yllcorner    544000
cellsize     2
NODATA_value -9999
[rows 96 to 127 of 500, columns 365 to 437 of 500]
27.743 27.355 29.198 29.396 30.088 29.086 24.587 24.353 26.128 27.877 27.494 24.322 24.926 25.527 25.959 26.518 26.72 26.787 30.255 30.107 28.63 29.362 30.513 31.685 33.872 33.137 33.711 34.228 34.976 36.273 37.106 37.823 42.633 47.656 49.978 48.168 50.201 51.996 53.323 54.646 55.543 56.201 56.771 57.286 57.798 58.433 59.153 59.918 60.816 61.733 62.808 64.203 65.493 66.596 67.641 69.396 71.033 72.766 73.686 71.846 71.763 71.573 71.526 71.498 71.433 71.351 71.318 71.276 71.241 71.231 71.186 71.138 71.121
29.144 26.729 23.63 23.445 22.54 23.058 24.826 23.636 24.033 24.335 26.572 25.182 25.998 26.458 26.557 26.66 26.835 27.421 28.48 30.893 30.743 30.743 31.988 32.798 33.532 34.321 34.811 35.518 36.323 40.968 38.746 43.336 45.846 47.193 48.528 50.023 51.926 55.271 54.073 55.568 56.058 56.701 57.216 57.728 58.383 59.153 60.038 60.843 62.053 63.006 64.153 65.448 66.541 67.526 69.341 70.841 71.288 73.286 72.143 71.866 71.643 71.581 71.548 71.498 71.446 71.398 71.368 71.341 71.338 71.293 71.263 71.201 71.171
27.048 24.192 22.623 23.232 24.83 24.953 24.237 24.476 24.812 25.296 25.646 26.11 26.478 26.626 26.728 27.021 27.946 29.238 29.946 30.808 33.569 32.132 32.969 33.791 34.608 35.493 36.066 37.036 37.701 43.606 43.826 46.411 47.271 48.846 50.666 52.208 53.183 54.058 54.941 56.238 56.641 57.541 57.678 58.358 59.141 60.001 60.913 61.866 62.971 64.948 65.531 66.681 67.486 68.651 72.003 71.771 72.718 72.063 71.933 71.773 71.646 71.631 71.583 71.548 71.486 71.441 71.411 71.376 71.388 71.368 71.318 71.281 71.248
23.772 22.99 23.802 24.227 25.772 25.816 24.84 25.325 25.819 26.249 26.5 26.738 27.06 27.03 27.585 28.414 29.659 30.575 31.045 31.743 32.753 33.214 33.999 34.803 35.783 36.538 37.398 40.373 39.723 42.666 45.133 47.378 49.208 50.718 52.381 54.086 54.748 55.198 55.791 56.616 57.123 57.751 58.298 59.146 60.068 60.996 62.008 63.123 64.356 65.743 66.753 67.648 68.953 70.543 71.901 72.898 72.236 72.003 71.886 71.681 71.688 71.656 71.633 71.568 71.518 71.461 71.441 71.436 71.401 71.403 71.356 71.336 71.313
23.685 24.129 24.63 25.043 25.115 25.136 25.489 26.041 26.448 26.84 27.145 27.31 27.732 28.18 29.104 29.957 30.968 31.767 32.127 32.826 33.417 34.075 34.753 35.753 37.133 37.746 38.346 39.446 42.263 45.868 47.933 49.196 50.618 52.426 54.073 55.178 55.883 56.191 56.681 57.166 57.591 58.316 59.136 60.098 61.253 62.326 63.518 64.723 65.768 67.078 67.878 69.071 71.516 71.891 73.508 72.236 72.033 71.941 71.751 71.716 71.716 71.696 71.648 71.586 71.558 71.521 71.516 71.496 71.473 71.461 71.411 71.403 71.393
24.73 24.886 25.457 25.99 25.912 25.981 26.074 26.523 26.958 27.334 27.918 28.512 29.316 29.606 30.254 31.103 32.086 32.954 33.242 33.793 34.263 35.176 36.398 37.428 38.736 39.343 41.041 42.896 44.933 47.778 49.581 50.693 52.136 53.646 55.123 55.826 56.286 56.831 58.023 57.656 58.323 59.333 60.248 61.283 62.896 64.121 65.038 66.391 67.393 67.983 69.228 70.591 71.623 72.813 72.301 72.026 71.968 71.793 71.763 71.761 71.733 71.701 71.658 71.603 71.581 71.568 71.558 71.556 71.536 71.503 71.473 71.458 71.436
25.426 25.822 26.283 26.46 26.479 26.577 27.236 27.497 28.114 28.566 29.282 29.909 30.504 30.865 31.409 32.073 32.84 33.51 33.813 34.501 35.346 36.371 37.556 38.726 39.961 41.053 43.596 45.958 48.191 49.603 50.978 52.411 53.918 54.986 55.633 56.146 56.676 57.618 57.773 58.938 59.898 60.676 61.446 62.496 63.753 65.458 66.768 67.808 68.301 69.466 70.878 71.791 72.488 72.061 72.086 72.008 71.773 71.733 71.756 71.763 71.756 71.706 71.656 71.641 71.631 71.621 71.608 71.588 71.586 71.528 71.526 71.541 71.496
26.426 26.691 26.923 26.957 27.232 27.593 27.955 28.864 29.506 29.954 30.523 30.966 31.405 32.191 32.568 33.064 33.715 34.386 35.066 35.948 38.028 39.383 38.923 41.131 42.708 45.106 46.818 48.208 49.478 51.396 52.898 54.181 55.118 55.693 56.178 56.818 57.473 59.278 59.548 59.868 60.893 61.933 62.938 63.718 65.308 68.716 68.188 68.646 70.418 71.283 71.796 72.626 72.063 72.081 72.008 71.806 71.751 71.766 71.781 71.771 71.763 71.728 71.683 71.683 71.643 71.633 71.656 71.641 71.623 71.596 71.591 71.576 71.553
26.873 27.048 27.442 27.938 28.467 28.678 29.122 29.911 30.654 30.751 30.875 31.24 32.29 33.675 33.857 34.178 34.888 35.631 42.816 42.531 41.478 42.576 42.378 44.173 46.821 48.771 49.771 50.536 51.648 53.431 54.573 55.278 55.723 56.198 56.898 57.871 58.668 59.443 60.243 61.121 61.941 62.953 63.961 65.286 66.636 67.986 68.841 69.573 71.658 71.968 73.186 72.101 72.066 72.006 71.838 71.726 71.776 71.783 71.798 71.781 71.763 71.736 71.718 71.708 71.681 71.681 71.658 71.666 71.676 71.633 71.641 71.623 71.606
27.586 28.143 28.745 29.219 29.342 29.417 29.989 30.463 30.827 30.976 31.468 32.251 33.176 34.338 34.903 35.871 37.056 37.098 40.993 44.568 43.086 44.443 44.946 47.096 49.256 50.686 51.656 52.738 53.813 55.061 55.551 56.046 56.416 57.071 58.033 58.858 59.753 60.593 61.373 62.303 63.603 64.513 65.473 66.481 67.758 69.068 69.781 70.763 71.803 72.626 72.103 72.036 72.048 71.846 71.711 71.756 71.781 71.788 71.791 71.801 71.773 71.768 71.758 71.718 71.713 71.701 71.721 71.716 71.696 71.666 71.653 71.651 71.638
29.061 29.707 29.96 30.282 30.532 30.629 30.796 31.18 31.878 32.533 32.611 33.389 34.096 35.131 35.973 36.816 37.933 38.968 42.376 43.821 44.818 46.168 49.398 49.091 50.766 52.613 54.481 54.966 55.428 56.421 56.428 56.863 57.356 58.093 58.976 60.021 61.026 61.916 62.643 63.811 65.161 66.106 66.878 67.838 69.018 70.016 70.966 72.666 73.341 71.978 71.966 72.051 71.868 71.718 71.738 71.761 71.783 71.791 71.828 71.818 71.811 71.796 71.783 71.773 71.756 71.748 71.761 71.731 71.733 71.713 71.703 71.681 71.683
30.374 30.815 30.983 31.139 31.081 31.199 31.276 31.524 32.324 33.075 33.501 34.413 35.398 36.206 37.176 38.036 38.978 40.336 43.198 46.158 47.308 47.716 51.648 50.828 52.286 53.993 55.091 55.761 56.306 56.888 57.336 58.376 58.238 59.013 60.041 61.263 62.281 63.118 64.321 65.586 66.671 67.513 68.256 69.526 70.366 71.241 72.196 72.426 71.908 71.991 71.998 71.971 71.753 71.731 71.751 71.773 71.786 71.796 71.833 71.841 71.833 71.826 71.806 71.786 71.791 71.766 71.771 71.793 71.781 71.736 71.728 71.736 71.733
31.121 31.199 31.671 31.498 31.715 32.303 32.524 32.273 32.901 33.551 34.801 35.633 36.441 37.463 38.908 40.511 41.681 42.666 45.066 47.193 48.416 49.413 50.493 52.071 53.781 55.203 55.813 56.353 57.053 57.668 58.151 58.643 59.098 60.008 61.108 62.243 63.478 64.576 65.853 67.073 68.466 68.886 69.806 70.303 71.163 72.406 72.841 71.858 71.976 72.063 72.016 71.861 71.736 71.728 71.771 71.771 71.808 71.796 71.833 71.861 71.861 71.848 71.838 71.828 71.818 71.816 71.813 71.801 71.791 71.776 71.781 71.781 71.768
31.664 31.777 32.069 32.4 32.951 33.751 34.121 34.141 34.296 35.081 37.583 38.746 39.868 42.078 42.486 42.583 44.338 46.226 47.833 49.261 50.256 51.223 52.336 53.711 54.986 55.868 56.473 57.013 57.741 58.301 58.693 59.326 60.106 61.118 63.576 64.713 64.871 66.051 67.868 68.296 69.328 70.126 70.578 72.556 74.041 72.346 71.826 71.928 72.023 72.043 71.971 71.813 71.756 71.743 71.766 71.781 71.821 71.823 71.848 71.823 71.881 71.883 71.856 71.858 71.843 71.866 71.853 71.821 71.818 71.818 71.808 71.808 71.828
32.813 32.916 32.985 33.437 33.801 34.928 35.371 36.131 36.431 36.826 40.676 44.198 43.723 47.063 46.436 46.786 47.733 48.988 51.528 51.128 52.176 53.286 54.318 55.028 55.851 56.521 57.131 57.783 58.381 58.856 59.351 60.161 61.086 62.151 63.648 64.726 66.361 67.268 68.496 69.433 70.546 70.756 71.623 73.086 71.861 71.801 71.883 71.928 72.031 72.031 71.933 71.806 71.786 71.803 71.823 71.821 71.833 71.851 71.868 71.871 71.878 71.881 71.893 71.888 71.886 71.873 71.863 71.861 71.853 71.848 71.851 71.861 71.871
34.349 34.242 34.376 34.933 34.998 36.158 36.956 37.501 37.993 38.813 40.553 44.876 45.848 47.588 48.283 49.076 49.953 50.931 52.341 53.161 54.446 55.103 55.591 56.031 56.603 57.258 57.873 58.541 59.118 59.756 60.426 61.223 62.166 63.243 64.473 65.741 67.331 68.466 69.308 72.066 71.966 72.926 72.071 71.591 71.693 71.833 71.933 72.008 72.001 72.053 71.923 71.821 71.803 71.808 71.861 71.841 71.856 71.848 71.881 71.901 71.908 71.911 71.893 71.896 71.893 71.898 71.868 71.903 71.876 71.876 71.898 71.886 71.908
35.758 35.903 35.963 37.028 36.341 37.046 37.956 38.846 39.923 42.611 44.333 46.003 47.678 48.903 50.013 50.948 51.976 52.966 54.286 55.286 55.783 56.116 56.453 56.966 57.648 58.251 58.963 59.613 60.491 61.153 61.766 62.621 63.441 64.786 65.958 67.671 68.248 70.068 70.316 71.016 71.656 72.223 71.593 71.663 71.706 71.821 71.896 71.941 71.971 72.033 71.928 71.881 71.806 71.788 71.836 71.841 71.863 71.868 71.896 71.913 71.928 71.926 71.901 71.916 71.916 71.918 71.908 71.923 71.911 71.921 71.933 71.941 71.931
37.271 37.408 39.008 43.886 42.868 39.388 40.103 41.526 43.611 45.753 46.838 47.916 49.226 50.718 51.606 52.806 53.958 54.766 55.688 56.178 56.473 56.778 57.198 58.291 59.233 59.408 60.091 60.896 62.148 62.431 63.391 64.196 65.038 66.298 67.573 68.386 69.228 70.373 71.098 71.526 71.588 71.558 71.646 71.791 71.743 71.816 71.961 72.026 71.983 72.048 71.991 71.893 71.863 71.818 71.876 71.883 71.903 71.888 71.916 71.911 71.951 71.948 71.911 71.923 71.941 71.926 71.916 71.933 71.923 71.931 71.946 71.968 72.008
40.866 39.211 40.486 44.138 44.236 44.541 45.758 45.813 46.613 48.093 49.353 49.933 50.743 52.246 53.228 54.421 55.313 55.861 56.448 57.906 57.161 57.716 58.421 59.253 60.266 60.596 61.421 62.413 63.196 64.006 64.993 65.726 66.631 67.653 68.668 69.468 70.641 71.748 72.208 71.556 71.581 71.621 71.706 71.986 71.943 71.861 72.211 72.048 72.033 72.041 71.981 71.913 71.903 71.883 71.898 71.906 71.931 71.933 71.953 71.951 71.958 71.936 71.936 71.938 71.946 71.948 71.961 71.956 71.948 71.938 71.973 72.008 72.028
44.061 43.443 45.026 46.346 46.766 47.593 48.103 48.076 48.813 49.868 50.938 51.583 52.413 53.423 54.436 55.401 56.063 56.628 57.161 57.518 58.006 58.688 59.406 60.173 61.103 61.943 63.628 64.061 64.771 65.568 66.388 67.196 68.058 69.076 70.121 70.598 72.888 73.081 71.611 71.576 71.598 71.633 71.766 71.796 71.776 71.758 72.218 71.943 72.053 72.106 72.118 71.986 71.916 71.936 71.951 71.966 71.953 71.973 71.953 71.966 71.961 71.928 71.926 71.951 71.968 71.966 71.968 71.976 71.973 71.983 72.008 72.053 72.063
47.036 47.331 47.551 48.126 48.538 49.413 50.156 50.356 50.811 51.521 52.496 53.201 53.796 54.648 55.491 56.018 56.793 57.386 57.978 58.506 59.043 59.743 60.458 61.378 62.371 63.303 64.326 65.708 67.546 67.446 68.043 68.698 69.626 70.396 71.068 72.761 72.066 71.656 71.653 71.643 71.651 71.686 71.761 71.813 71.898 71.948 72.181 72.091 72.066 72.173 72.638 72.163 71.948 71.976 72.021 72.006 71.986 72.003 72.003 71.976 71.973 71.966 71.953 71.986 71.988 71.968 71.963 71.973 72.001 71.991 72.031 72.031 72.043
48.926 49.391 49.773 50.298 50.901 54.148 51.836 51.436 52.078 53.158 54.023 54.888 55.188 55.631 56.218 56.973 57.763 58.456 59.046 59.651 60.226 60.966 61.771 62.626 63.516 64.531 65.768 66.861 67.846 68.348 69.193 70.126 70.796 71.508 72.326 71.858 71.651 71.651 71.678 71.678 71.708 71.791 71.806 71.831 71.883 71.921 71.996 72.008 72.108 72.181 72.251 72.221 72.113 72.078 72.066 72.041 72.068 72.063 72.041 72.021 72.011 72.006 72.023 72.031 72.018 71.993 71.956 72.008 72.013 72.023 72.076 72.106 72.103
50.351 51.188 51.733 52.083 52.076 54.313 55.766 53.073 53.668 54.593 55.301 55.848 56.256 56.863 57.446 58.151 58.836 59.628 60.991 60.898 61.571 62.301 63.038 63.881 65.028 66.178 67.253 67.866 68.786 70.318 70.921 71.098 71.671 72.488 71.686 71.626 71.671 71.668 71.696 71.706 71.778 71.823 71.828 71.838 71.853 71.873 71.913 71.976 72.228 72.386 72.143 72.236 72.228 72.253 72.211 72.146 72.128 72.113 72.136 72.118 72.101 72.073 72.073 72.063 72.071 72.061 72.033 72.031 72.018 72.033 72.091 72.116 72.116
52.238 53.408 53.486 53.643 53.833 54.038 54.923 54.876 55.331 55.771 56.256 56.706 57.231 57.928 58.738 59.391 60.238 61.426 62.603 62.121 63.053 63.836 64.588 65.563 66.561 67.703 68.536 69.788 70.783 71.141 71.791 71.828 71.671 71.621 71.633 71.671 71.643 71.671 71.646 71.686 71.753 71.818 71.798 71.813 71.848 71.888 71.921 71.996 72.053 72.121 72.146 72.211 72.256 72.323 72.353 72.308 72.261 72.221 72.216 72.201 72.201 72.168 72.141 72.151 72.131 72.126 72.108 72.088 72.081 72.076 72.106 72.118 72.131
53.693 54.418 54.991 55.238 55.413 55.576 55.853 56.021 56.341 56.771 57.368 57.906 58.683 59.286 59.888 60.611 61.418 62.346 63.021 63.616 64.551 65.346 66.131 67.033 67.976 68.728 69.901 71.306 71.583 72.366 72.823 71.861 71.626 71.636 71.686 71.656 71.603 71.618 71.651 71.673 71.723 71.776 71.771 71.798 71.841 71.878 71.951 71.996 72.021 72.038 72.053 72.138 72.278 72.281 72.373 72.436 72.461 72.373 72.331 72.266 72.256 72.276 72.258 72.243 72.238 72.196 72.171 72.138 72.123 72.141 72.146 72.148 72.161
55.301 55.826 56.228 56.388 56.458 56.771 56.756 57.026 57.403 57.951 58.768 59.461 59.878 60.521 61.221 61.938 62.861 63.786 64.376 65.156 66.613 66.853 67.598 68.271 68.958 70.008 71.098 71.653 71.821 71.746 71.691 71.641 71.616 71.698 71.656 71.586 71.576 71.593 71.648 71.683 71.721 71.731 71.753 71.778 71.841 71.871 71.916 71.993 72.058 72.068 72.071 72.106 72.123 72.146 72.228 72.581 72.468 72.448 72.491 72.473 72.371 72.321 72.326 72.343 72.338 72.303 72.298 72.266 72.216 72.228 72.221 72.208 72.218
56.306 56.748 57.103 57.273 57.413 57.548 57.796 58.128 58.611 59.416 60.278 60.878 61.303 61.911 62.581 63.266 64.148 65.106 65.931 66.773 67.573 68.218 69.278 69.638 71.181 70.991 71.826 71.818 71.741 71.743 71.723 71.658 71.626 71.661 71.596 71.543 71.601 71.658 71.716 71.736 71.728 71.731 71.743 71.753 71.813 71.878 71.923 71.998 72.041 72.076 72.108 72.098 72.151 72.161 72.168 72.226 72.321 72.476 72.543 72.556 72.566 72.548 72.483 72.401 72.396 72.393 72.378 72.381 72.346 72.318 72.308 72.291 72.308
57.061 57.506 57.976 58.303 58.538 58.796 59.051 59.438 59.948 60.598 62.301 62.368 62.623 63.288 63.908 64.651 65.671 66.426 67.493 68.721 69.471 69.476 70.401 71.438 72.413 71.613 71.738 71.658 71.668 71.683 71.688 71.668 71.568 71.566 71.553 71.551 71.643 71.706 71.748 71.721 71.711 71.718 71.723 71.776 71.803 71.863 71.871 71.966 72.038 72.081 72.123 72.138 72.176 72.178 72.206 72.238 72.268 72.373 73.091 72.993 72.616 72.611 72.601 72.568 72.523 72.468 72.438 72.446 72.458 72.441 72.413 72.386 72.373
57.938 58.556 59.038 59.461 59.841 60.153 60.541 60.823 61.298 61.861 62.591 63.431 64.253 64.571 65.483 66.191 67.033 67.633 68.688 69.521 70.568 70.553 70.888 71.198 71.738 71.688 71.608 71.611 71.598 71.673 71.656 71.611 71.561 71.536 71.546 71.603 71.676 71.676 71.698 71.711 71.706 71.711 71.746 71.793 71.836 71.873 71.906 71.958 71.988 72.031 72.086 72.166 72.176 72.216 72.228 72.253 72.253 72.293 72.276 72.548 72.503 72.656 72.591 72.641 72.623 72.621 72.578 72.513 72.471 72.503 72.508 72.491 72.466
58.996 59.633 60.236 60.703 61.186 61.513 61.958 62.323 62.736 63.273 63.823 66.373 65.551 66.281 67.401 67.433 67.968 68.696 69.666 70.346 70.488 71.598 71.258 71.366 71.453 71.538 71.571 71.596 71.618 71.663 71.608 71.496 71.513 71.543 71.583 71.638 71.673 71.666 71.691 71.708 71.696 71.718 71.778 71.828 71.866 71.896 71.923 71.961 71.976 72.006 72.081 72.111 72.133 72.198 72.236 72.261 72.293 72.293 72.308 72.341 72.363 72.373 72.441 72.553 72.676 72.671 72.726 72.693 72.636 72.558 72.553 72.558 72.543
60.216 60.953 61.481 62.068 62.473 62.923 63.356 63.723 64.128 64.578 66.543 66.823 67.006 67.293 67.968 68.508 68.961 69.563 70.213 70.933 71.388 70.951 71.321 71.351 71.403 71.466 71.548 71.611 71.613 71.571 71.513 71.481 71.521 71.568 71.596 71.638 71.656 71.656 71.693 71.688 71.708 71.758 71.816 71.846 71.878 71.921 71.943 71.971 71.973 71.996 72.043 72.093 72.128 72.166 72.208 72.248 72.298 72.288 72.338 72.333 72.348 72.391 72.391 72.438 72.513 72.576 72.683 72.726 72.761 72.776 72.721 72.641 72.563
62.266 62.066 62.723 63.293 64.291 64.356 64.671 65.086 65.508 66.241 66.768 68.891 68.043 68.423 69.261 69.508 69.973 70.881 70.743 70.908 71.428 71.571 71.271 71.308 71.391 71.433 71.483 71.533 71.508 71.493 71.491 71.496 71.528 71.548 71.603 71.596 71.623 71.646 71.688 71.681 71.726 71.808 71.848 71.878 71.903 71.938 71.976 71.983 72.003 72.028 72.056 72.076 72.106 72.153 72.191 72.226 72.223 72.243 72.306 72.338 72.366 72.391 72.416 72.403 72.448 72.483 72.568 72.706 72.731 72.786 72.813 72.813 72.773
