data/LIDAR-DSM-2M-NZ24se/nz2943_DSM_2M.asc
ncols 500
nrows 500
xllcorner    429000
yllcorner    543000
cellsize     2
NODATA_value -9999
[rows 320 to 351 of 500, columns 144 to 215 of 500]
88.406 91.063 91.038 90.373 87.803 86.386 86.27 86.408 86.545 89.078 86.355 86.315 86.31 86.328 88.085 88.798 89.92 90.67 90.428 89.635 86.7 86.023 86.3 85.828 85.783 85.79 85.843 86.003 86.115 86.208 86.215 86.25 86.053 86.07 86.073 85.955 89.408 91.97 92.9 91.98 90.07 87.52 86.01 86.253 86.66 85.865 85.818 85.87 85.888 85.743 85.573 88.965 91.188 91.47 89.345 86.285 85.605 86.06 87.25 88.188 90.715 92.055 91.943 91.47 88.083 87.768 87 88.74 89.213 89.185 89.448 86.788
88.326 88.991 88.708 89.353 88.918 87.166 87.498 86.86 86.99 87.618 86.515 86.38 86.503 86.763 88.75 89.015 89.468 90.25 90.313 89.39 86.545 86.083 86.288 85.915 85.918 85.898 85.96 86.108 86.17 86.293 86.513 86.603 86.133 86.163 86.175 86.355 89.408 92.108 92.813 91.823 89.358 86.36 86.24 86.198 85.948 85.96 85.93 85.933 86.043 85.833 85.743 87.92 87.845 88.055 88.248 86.508 85.885 86.258 87.275 88.78 91.78 93.163 92.995 90.235 88.945 87.248 86.39 86.77 86.993 86.87 87.31 86.61
89.298 91.981 91.798 92.878 90.418 86.981 87.38 86.65 87.448 88.608 87.92 86.995 86.585 87.008 88.155 87.83 86.448 86.783 87.388 88.15 86.145 86.138 86.338 86.033 86.005 85.993 86.063 86.208 86.265 86.343 86.893 86.76 86.258 86.235 86.275 86.598 89.518 91.92 92.553 91.693 88.225 85.978 86.138 86.23 86.063 86.005 85.973 85.958 86.395 86.113 86.123 86.098 85.828 86.2 86.43 86.205 86.445 86.345 87.088 89.165 92.423 93.09 93.235 89.83 87.503 86.675 86.378 86.473 86.545 86.57 86.623 87.448
88.658 92.548 93.303 92.896 90.053 86.621 86.615 86.595 86.608 87.835 88.475 87.24 87.195 87.83 87.738 86.96 86.498 86.55 86.295 86.225 86.21 86.228 86.198 86.113 86.123 86.125 86.188 86.35 86.353 86.398 86.825 87.065 86.568 86.798 86.408 86.288 86.343 88.013 88.433 88.815 87.135 86.683 86.32 86.23 86.145 86.11 86.088 86.023 86.25 86.393 86.158 86.188 86.16 86.153 86.138 86.165 86.325 86.47 86.885 88.84 90.878 91.983 92.148 89.278 86.745 86.413 86.5 86.505 86.538 86.688 86.85 86.973
88.996 92.536 93.258 92.836 90.188 86.331 86.638 86.893 86.528 87.52 88.44 86.81 87.755 88.983 89.038 89.21 87.935 86.56 86.608 87.13 87.405 86.385 86.308 86.203 86.205 86.21 86.24 86.493 86.423 86.508 86.908 86.51 86.388 86.4 86.453 86.758 87.93 87.4 87.553 87.493 86.45 86.708 86.783 86.35 86.21 86.208 86.153 86.105 86.14 86.335 86.33 86.275 86.228 86.228 86.23 86.278 86.385 86.533 86.703 86.615 87.298 87.828 88.705 86.928 87.643 86.505 86.543 86.58 87 87.175 86.85 86.775
88.711 92.541 93.388 92.831 90.568 86.971 86.9 87.428 87.5 87.498 87.998 87.17 87.048 87.91 89.073 89.908 89.545 89.21 89.338 89.245 86.818 86.448 86.44 86.295 86.318 86.328 86.303 86.325 86.445 86.588 87.105 86.418 86.41 86.458 86.428 87.883 89.233 89.005 89.083 88.838 86.63 86.388 86.71 86.358 86.323 86.308 86.265 86.225 86.168 86.21 86.288 86.425 86.538 86.673 86.435 86.545 86.575 86.663 86.825 86.633 86.715 86.538 86.59 86.755 86.89 86.723 86.943 86.96 86.858 86.81 86.768 86.755
89.278 92.563 93.501 92.838 90.568 88.173 87.288 86.975 87.47 87.778 87.673 86.838 86.755 87.845 89.318 90.778 90.678 90.578 90.415 89.468 86.448 86.543 86.523 86.395 86.403 86.45 86.448 86.42 86.583 86.69 87.105 86.485 86.485 86.483 86.478 88.758 92.355 93.343 92.803 90.735 87.38 86.485 86.558 86.435 86.418 86.42 86.343 86.328 86.3 86.285 86.273 86.315 86.36 86.383 86.49 86.555 86.558 86.618 86.625 86.585 86.675 86.68 86.733 86.813 86.705 86.805 86.813 86.763 86.723 86.728 86.73 86.785
89.283 92.558 93.303 92.831 90.893 88.276 87.38 86.708 86.658 87.255 87.905 86.915 86.76 87.728 89.328 90.343 90.463 90.63 90.73 89.75 87.085 86.905 86.6 86.513 86.543 86.56 86.555 86.538 86.64 86.77 87.2 86.673 86.595 86.578 86.545 89.533 92.518 93.393 92.663 90.993 86.948 86.625 86.758 86.585 86.513 86.498 86.395 86.398 86.418 86.393 86.393 86.38 86.355 86.383 86.44 86.463 86.435 86.478 86.485 86.513 86.505 86.54 86.57 86.595 86.588 86.635 86.663 86.67 86.72 86.75 86.718 87.72
89.081 92.401 93.288 92.836 90.686 86.766 86.98 86.74 86.735 86.915 87.538 86.945 87.04 86.99 88.24 89.785 89.87 89.945 89.953 88.998 86.79 87.49 86.618 86.62 86.663 86.65 86.658 86.63 86.775 86.863 87.99 87.543 87.755 87.268 86.838 90.305 92.69 93.478 92.498 90.643 86.535 86.608 86.803 86.628 86.57 86.563 86.513 86.503 86.478 86.448 86.625 87.145 86.918 86.448 86.453 86.433 86.508 86.51 86.515 86.5 86.525 86.57 86.603 86.6 86.598 86.623 86.675 86.685 86.698 86.74 86.795 86.998
88.658 89.798 90.148 91.036 88.423 86.676 86.753 86.808 86.985 87.388 87.118 87.013 87.003 86.91 88.115 89.698 89.775 89.51 87.79 87.003 87.36 87.28 86.808 86.78 86.783 86.725 86.718 86.7 86.863 87.08 87.998 86.798 86.7 86.62 86.615 90.798 92.838 93.368 92.35 89.78 86.893 87.215 86.99 86.7 86.68 86.683 86.603 86.6 86.585 86.563 86.743 86.943 86.96 86.548 86.478 86.483 86.458 86.518 86.518 86.523 86.543 86.555 86.583 86.578 86.598 86.643 86.703 86.735 86.83 86.98 87.875 87.28
87.338 87.538 87.878 88.596 87.341 87.123 87.1 87.13 88 88.143 87.38 87.098 87.055 86.985 88.928 89.703 88.798 87.1 87.173 87.8 87.538 87.165 87.315 86.965 86.975 86.925 86.898 86.948 86.97 87.835 87.663 86.933 86.785 87.49 87.395 91.778 92.97 93.275 92.188 88.508 86.755 87.245 87.133 87.013 86.738 86.72 86.718 86.788 87.613 88.11 87.445 86.565 86.925 88.145 87.703 87.215 87.08 86.653 86.643 86.643 86.665 86.715 86.755 86.838 86.878 86.918 86.908 86.845 87.018 87.158 89.628 87.585
87.178 86.891 87.223 87.161 87.073 87.698 87.638 87.845 87.503 87.458 87.89 87.513 87.148 87.078 89.13 89.373 88.035 87.235 87.693 87.945 87.468 87.248 87.17 87.16 87.148 87.268 87.943 88.155 88.015 88.638 89.375 87.03 86.958 87.138 86.8 91.255 92.653 92.59 91.923 87.773 86.853 87.13 87.523 87.455 86.863 86.778 86.89 87.853 87.173 88.208 86.908 86.55 86.608 87.358 87.478 87.11 86.75 86.64 86.635 86.64 86.648 86.705 86.805 86.978 86.913 86.85 86.828 86.81 86.83 87.335 89.62 87.118
87.393 87.198 87.586 87.926 91.093 89.683 89.043 87.295 87.22 87.313 87.95 88.108 87.165 87.135 88.9 87.478 87.508 87.8 88.21 90.815 90.928 89.66 88.288 87.618 87.303 87.475 87.66 87.568 88.16 88.695 88.445 87.773 87.373 87.218 87.775 89.195 89.768 89.583 89.458 86.813 86.848 87.195 87.373 87.218 86.965 86.865 87.303 86.97 86.675 86.693 86.58 86.56 86.638 86.88 86.745 86.84 86.59 86.603 86.58 86.583 86.593 86.603 86.645 86.753 86.813 86.658 86.68 86.71 86.798 87.218 87.973 87.03
87.358 88.668 92.521 92.846 93.356 90.756 87.718 87.385 87.298 87.238 87.478 87.708 87.423 87.715 88.295 87.368 88.073 88.588 88.935 90.975 91.565 90.963 89.09 88.5 87.415 88.958 89.248 89.66 89.215 89.163 88.33 87.643 87.14 87.74 88.498 88.828 89.585 88.665 88.323 87.028 87.7 87.738 87.07 87.005 86.958 87.045 87.345 86.938 86.728 86.62 86.603 86.598 88.283 89.45 89.015 88.453 88.483 88.445 88.51 87.235 87.485 88.158 87.618 88.01 87.808 86.8 87.218 87.31 86.815 87.77 90.485 90.815
87.663 90.221 93.406 93.638 93.451 91.966 87.688 87.348 88.328 87.65 87.338 88.115 88.16 87.753 87.363 87.413 89.048 90.285 90.388 91.088 91.538 90.815 88.745 87.68 87.55 89.555 91.19 91.54 90.775 89.218 87.575 87.148 87.12 87.635 90.345 91.503 90.895 91.305 88.963 87.548 88.493 87.588 87.15 87.118 87.09 87.19 87.955 86.975 86.763 86.638 86.63 86.633 90.258 92.378 92.37 92.403 92.34 92.323 90.435 88.613 88.968 91.283 92.005 92.185 92.183 92.13 91.423 89.9 87.923 88.845 93.023 93.025
87.573 87.941 92.946 93.048 92.481 91.801 87.998 87.443 89.565 88.423 87.628 88.028 88.015 87.378 87.413 87.495 89.638 90.278 90.478 91.238 91.428 90.388 88.153 87.455 88.435 90.205 91.34 91.455 90.613 88.823 87.845 87.29 87.153 87.208 90.76 93.4 94.183 93.28 90.763 87.445 87.72 87.4 87.228 87.24 87.205 87.438 88.305 87.898 86.84 86.613 86.675 86.998 92.343 93.13 93.093 93.318 93.148 93.13 90.083 88.155 89.11 92.045 92.99 93.028 93.175 92.96 92.915 89.673 88.023 90.08 93.72 93.718
87.466 87.451 91.116 91.298 90.586 89.278 87.78 89.01 88.778 87.87 87.515 87.545 87.633 87.478 87.405 87.455 90.038 90.298 89.768 91.31 91.338 90.43 89.465 87.995 88.283 90.633 91.453 91.293 90.51 88.1 87.625 87.605 87.223 87.325 91.068 93.538 94.063 93.088 90.17 87.255 87.525 87.528 87.303 87.318 87.268 87.51 87.673 87.69 87.265 87.188 88.985 89.083 92.383 92.773 92.798 92.828 92.825 92.848 90.57 88.338 89.01 91.843 92.855 92.858 92.895 92.883 92.908 89.853 87.945 89.538 93.248 93.253
87.391 87.316 88.786 89.456 87.753 87.366 88.445 88.988 87.798 87.603 87.48 87.5 87.758 87.6 88.48 87.63 89.69 89.958 87.56 87.493 88.525 89.925 89.855 88.875 90.02 90.735 91.543 91.138 89.815 87.678 87.278 87.305 87.33 87.443 92.273 93.693 94.063 92.973 89.235 87.458 87.72 87.588 87.365 87.358 87.355 87.488 87.338 88.29 87.66 87.458 89.223 89.215 91.033 91.145 90.838 91.688 90.893 91.588 89.53 87.848 88.56 90.803 92.05 92.04 91.985 91.613 92.098 89.183 87.48 87.89 90.743 91.268
87.651 88.428 87.916 87.248 87.458 88.431 90.008 90.97 90.003 88.81 87.605 87.533 87.755 87.853 88.135 87.455 87.53 87.663 87.36 87.373 88.238 89.835 89.223 88.798 89.89 90.143 90.61 90.713 89.165 87.438 87.275 87.298 87.365 87.603 92.6 93.813 93.97 92.82 89.425 87.85 88.135 87.773 87.46 87.465 87.415 87.825 88.213 87.445 87.49 87.09 87.608 88.238 87.733 86.765 86.625 87.008 86.773 86.918 86.813 86.993 86.663 87.105 87.31 88.408 87.035 87.225 86.65 86.693 86.945 87.73 87.358 87.245
87.586 87.738 87.721 87.656 88.521 90.446 91.848 92.77 91.06 88.388 87.618 87.793 87.783 87.638 87.8 87.528 87.448 87.425 87.403 87.363 87.613 87.765 87.48 88.063 88.67 88.325 89.005 89.605 89.315 87.663 87.368 87.345 88.38 88.74 92.835 93.948 93.788 92.433 88.485 88.12 87.683 87.56 87.493 87.518 87.455 87.645 87.928 87.645 89.863 91.73 90.245 89.183 87.865 87.815 88.225 87.9 86.93 86.658 86.675 87.243 87.195 87.123 87.705 87.5 86.935 86.878 86.943 86.925 87.913 88.318 87.35 87.328
87.671 87.441 87.448 89.283 90.643 92.436 93.608 93.778 91.503 89.365 87.698 87.665 87.565 87.558 87.9 88.005 88.163 87.413 87.43 87.398 87.453 87.518 87.763 87.643 87.498 87.495 87.72 87.89 87.928 87.82 87.7 87.625 88.115 88.19 91.718 92.855 91.988 91.588 87.673 87.525 87.76 87.57 87.535 87.52 87.515 87.67 87.358 87.795 91.3 93.628 93.618 93.59 89.81 87.405 87.088 87.048 87.283 86.95 86.953 87.345 87.095 86.978 87.003 87.04 87.095 87.05 87.09 87.245 87.94 88.065 87.558 87.285
87.498 87.883 87.788 88.793 91.298 93.013 93.923 94.128 92.89 91.37 88.635 87.978 87.663 87.638 87.55 87.453 87.62 87.53 87.915 87.583 87.448 87.508 87.753 87.785 87.505 87.548 87.448 87.458 88.32 88.38 87.693 87.875 88.015 88.41 89.77 89.425 89.528 88.81 87.29 87.49 87.72 87.613 87.563 87.525 87.553 87.76 87.43 87.433 91.18 93.638 93.653 93.668 89.448 87.328 87.115 87.105 87.288 88.54 88.018 87.3 87.05 87.005 87.103 87.96 87.398 87.118 87.14 87.208 88.05 88.805 88.533 87.395
87.386 87.563 88.371 87.746 89.916 92.181 93.423 94.225 94.123 93.495 92.058 90.338 88.733 87.54 87.273 87.295 87.305 87.428 87.823 87.435 87.498 87.74 87.733 88.743 88.888 87.875 87.938 88.258 88.053 87.43 87.413 87.47 87.703 89.028 90.373 90.045 89.203 88.238 87.695 87.515 87.638 87.56 87.578 87.52 87.643 87.765 87.795 87.528 90.06 91.96 92.513 91.935 88.728 87.273 87.135 87.135 87.188 87.753 87.808 88.458 87.66 87.38 87.9 87.595 87.343 87.43 87.25 87.535 87.548 87.855 87.953 87.965
87.381 87.391 87.506 87.523 87.536 88.851 91.98 93.625 94.088 93.993 93.363 90.393 87.78 87.595 87.238 87.255 87.255 87.29 87.793 87.31 87.508 88.123 88.313 89.345 89.475 88.448 88.853 87.873 87.688 87.518 87.415 87.423 87.6 90.52 92.383 93.073 92.295 90.063 87.61 87.575 87.63 87.563 87.573 87.493 87.608 88.435 88.158 87.545 88.988 89.585 89.715 89.733 87.573 88.065 87.723 87.198 87.545 87.928 88.758 87.568 87.328 88.503 89.163 87.53 87.015 88.65 87.105 87.885 87.358 87.355 87.365 87.425
87.403 87.353 87.431 87.558 87.586 87.718 88.523 92.328 93.71 93.798 91.653 89.625 87.725 87.393 87.033 87.103 87.213 87.628 88.053 87.438 87.16 87.615 87.818 87.713 87.363 87.495 87.795 87.428 87.415 88.098 87.548 88.37 88.91 91.995 93.793 94.295 93.263 90.308 88.138 88.385 87.633 87.53 87.543 87.47 87.608 88.82 88.16 88.073 87.46 88.13 88.64 88.353 88.095 88.44 87.813 87.55 87.558 87.845 87.885 87.048 87.065 87.038 87.21 87.823 87.023 87.525 87.085 88.415 87.37 87.39 87.405 87.503
87.368 87.316 87.311 87.411 87.746 87.463 87.843 90.88 92.97 91.08 89.955 88.205 87.758 89.493 91.185 90.318 88.713 87.833 87.12 87.105 87.173 87.83 88.248 87.778 87.335 87.453 87.423 87.338 87.328 87.395 88.18 88.935 90.19 92.568 93.92 94.238 93.11 89.873 87.47 87.98 87.643 87.503 87.503 87.48 87.673 88.268 87.868 87.838 87.39 87.465 87.765 87.795 87.615 88.145 87.33 87.31 87.3 87.46 88.063 87.05 87.075 87.035 87.53 87.778 87.063 87.155 87.31 88.2 87.953 87.848 87.485 87.545
87.358 87.338 87.298 87.303 87.478 87.491 87.755 89.268 89.733 89.38 87.938 87.933 88.735 90.583 93.388 93.098 92.813 92.078 88.56 87.085 87.148 87.768 88.225 87.375 87.293 87.463 87.845 87.433 87.393 87.67 88.215 88.598 88.993 92.943 94.083 94.125 93.03 89.26 87.46 87.738 87.64 87.518 87.528 87.485 87.553 88.05 88.233 87.75 88.058 88.418 88.27 87.238 87.39 88.33 87.33 87.348 87.335 87.53 88.803 87.325 87.45 87.343 87.605 88.213 87.535 87.453 87.463 87.533 87.9 87.64 87.758 88.668
87.316 87.328 87.268 87.261 87.341 87.783 87.393 87.433 87.758 87.648 87.505 88.053 89.435 91.975 93.635 93.7 93.643 93.245 92.955 92.205 87.385 87.338 89.958 88.365 87.385 87.373 88.085 88.518 87.248 87.39 87.815 87.57 88.688 93.123 94.173 93.963 92.78 88.543 87.465 87.805 88.153 87.923 87.49 87.455 87.51 87.535 87.368 88.185 89.84 89.825 89.573 88.378 89.21 89.868 89.908 88.775 90.088 89.62 87.95 88.528 91.2 91.293 91.025 91.148 92.01 91.413 87.988 87.863 88.89 90.065 93.115 92.988
87.318 87.263 87.251 87.281 87.253 87.266 87.32 87.44 87.475 87.508 87.603 88.348 89.173 92.645 93.005 93.305 93.628 93.765 93.693 90.84 88.958 89.41 92.773 92.268 91.515 91.693 90.335 89.785 89.578 89.12 88.36 87.425 89.11 93.283 94.345 93.793 92.373 87.825 87.463 87.555 88.2 87.788 87.47 87.423 87.83 88.023 87.83 87.773 87.765 89.528 92.383 93.283 93.295 93.328 93.353 93.395 93.428 91.998 87.425 90.003 92.968 93.64 93.703 93.75 93.783 93.575 89.073 87.758 89.083 91.458 94.353 94.345
87.368 87.308 87.196 87.258 87.236 87.203 87.288 87.523 87.435 87.455 87.625 87.605 87.408 88.25 89.52 91.683 92.653 93.138 92.828 90.048 88.78 91.015 93.605 93.573 93.503 93.455 93.393 93.36 93.268 90.575 88.538 87.508 89.753 91.6 92.138 92.23 91.3 87.78 87.953 87.635 87.548 87.443 87.42 87.42 88.308 88.37 87.418 87.985 87.5 88.423 92.59 94 94.03 94.105 94 94.023 94.038 92.303 87.48 90.228 93.573 94.455 94.505 94.67 94.448 94.158 90.668 88.345 88.908 91.325 94.723 94.62
87.303 87.333 87.251 87.171 87.206 87.226 87.153 87.163 87.381 87.601 87.418 87.926 87.106 87.211 87.191 87.721 89.141 91.233 91.068 89.426 87.931 90.923 93.856 93.898 93.888 93.831 93.898 93.906 93.593 90.521 88.811 88.448 88.146 89.398 89.888 89.466 89.041 87.961 88.416 87.698 87.458 87.351 87.381 87.368 88.566 88.573 87.598 87.351 87.431 87.281 91.091 93.576 93.536 93.493 93.468 93.451 93.435 92.158 87.87 90.028 92.605 93.688 93.665 93.608 93.553 93.563 90.32 88.263 89.298 91.468 93.513 93.498
87.198 87.341 87.153 87.076 87.141 87.183 87.226 87.153 87.078 87.288 87.118 87.201 87.043 87.013 87.121 87.168 86.938 86.938 87.768 88.136 88.058 90.778 93.031 93.061 93.091 93.136 93.178 93.213 92.893 90.571 88.473 88.606 88.103 88.211 87.498 87.763 88.536 88.998 88.508 88.091 87.496 87.338 87.363 87.361 90.573 90.911 88.053 87.183 87.186 87.191 90.111 92.263 91.778 91.843 91.273 91.136 90.54 90.348 87.56 89.515 91.26 92.215 91.735 91.948 91.365 91.285 89.528 88.088 87.815 89.185 90.09 90.068
