data/LIDAR-DSM-2M-NZ24se/nz2943_DSM_2M.asc
ncols 500
nrows 500
xllcorner    429000
yllcorner    543000
cellsize     2
NODATA_value -9999
[rows 192 to 223 of 500, columns 288 to 359 of 500]
84.103 84.053 84.058 83.985 84.1 84.02 84.09 84.385 83.978 83.965 83.973 84.268 84.29 84.013 84.478 84.113 83.853 83.785 83.778 83.815 83.828 83.798 83.755 83.715 83.653 84.4 84.435 84.21 84.245 84.618 83.915 83.633 83.678 83.72 83.703 83.705 83.783 83.758 83.758 83.778 85.83 83.928 83.768 83.743 83.73 83.698 83.695 83.695 83.71 83.715 83.71 83.72 83.738 83.718 83.748 83.75 83.775 83.79 83.798 83.815 83.83 83.825 83.838 83.853 83.845 83.865 83.888 83.923 83.938 83.968 83.988 84
84.14 84.198 84.12 84.075 84.058 84.025 84.313 84.4 83.978 83.935 83.955 83.933 83.975 83.923 83.888 83.875 83.795 83.81 83.805 83.78 83.82 83.798 83.743 83.728 83.718 84 85.233 85.315 84.753 83.73 84.348 84.005 83.593 83.613 83.61 83.64 83.94 83.758 83.785 83.815 85.625 83.963 83.753 83.74 83.748 83.723 83.705 83.698 83.718 83.708 83.73 83.723 83.71 83.735 83.758 83.765 83.793 83.815 83.815 83.843 83.865 83.87 83.873 83.863 83.865 83.898 83.945 83.965 83.99 84 84.003 84.023
84.17 84.183 84.15 84.113 84.075 84.068 84.123 84.048 83.965 83.943 83.935 83.92 83.955 83.9 83.89 83.85 83.798 83.798 83.778 83.765 83.78 83.743 83.703 83.758 83.71 83.93 85.11 84.298 84.548 83.705 83.85 83.688 83.495 83.718 84.138 83.58 83.585 83.728 83.673 83.79 85.895 85.08 83.82 83.748 83.765 83.76 83.738 83.728 83.718 83.76 83.75 83.758 83.76 83.738 83.763 83.793 83.81 83.838 83.85 83.855 83.883 83.878 83.885 83.9 83.905 83.923 83.965 84.01 84.02 84.013 84.038 84.035
84.223 84.21 84.185 84.113 84.115 84.105 84.093 84.023 84.038 83.955 83.93 83.973 83.963 83.895 83.885 83.818 83.823 83.788 83.788 83.735 83.748 83.755 83.735 83.74 83.73 83.723 85.033 84.798 84.02 83.578 83.44 83.435 83.468 84.153 84.44 83.658 83.618 83.583 83.618 83.743 85.198 85.335 83.958 83.8 83.8 83.768 83.745 83.733 83.748 83.763 83.773 83.76 83.768 83.76 83.8 83.82 83.823 83.858 83.87 83.873 83.87 83.898 83.905 83.92 83.953 83.965 84.005 84.033 84.018 84.038 84.038 84.063
84.268 84.31 84.238 84.148 84.178 84.17 84.14 84.09 84.025 83.99 83.97 83.943 83.943 83.94 83.903 83.815 83.788 83.83 83.808 83.975 83.788 83.765 83.76 83.74 83.71 83.72 84.19 84.685 85.14 83.88 83.503 83.415 83.475 83.603 83.573 83.598 84.15 83.625 83.645 84.64 85.795 85.388 84.413 83.903 83.805 83.828 83.8 83.773 83.78 83.758 83.768 83.773 83.785 83.803 83.81 83.815 83.853 83.848 83.885 83.883 83.888 83.915 83.933 83.95 83.98 84.02 84.04 84.07 84.06 84.058 84.058 84.098
84.228 84.39 84.24 84.183 84.19 84.16 84.14 84.165 84.12 84 84.043 83.918 83.933 84.08 83.878 83.838 83.808 83.815 83.78 83.873 83.838 83.793 83.798 83.763 83.73 83.698 83.693 84.225 85.575 83.598 83.445 83.473 83.468 83.48 83.5 83.513 83.638 83.608 83.668 83.788 84.733 84.958 84.748 83.933 83.748 83.8 83.803 83.83 83.828 83.81 83.795 83.788 83.803 83.823 83.82 83.835 83.86 83.883 83.88 83.905 83.925 83.938 83.955 83.985 84.008 84.045 84.055 84.073 84.088 84.09 84.113 84.12
84.295 84.755 84.198 84.158 84.13 84.12 84.148 85.025 84.183 84.028 83.98 83.903 83.873 83.905 83.845 83.83 83.825 83.793 83.8 83.935 83.915 83.78 83.803 83.785 83.73 83.72 83.67 83.658 84.308 84.593 83.61 83.548 83.485 83.443 83.408 83.445 83.528 83.533 83.583 83.97 85.27 84.268 84.285 83.7 83.6 83.703 83.753 83.8 83.805 83.82 83.815 83.81 83.828 83.848 83.838 83.85 83.888 83.888 83.883 83.903 83.925 83.943 83.96 83.99 84.043 84.058 84.095 84.103 84.1 84.09 84.133 84.145
84.12 84.16 84.18 84.2 84.17 84.108 84.455 86.153 85.43 84.028 83.97 83.923 83.91 83.878 83.848 83.838 83.848 83.805 83.813 83.92 83.813 83.77 83.808 83.788 83.735 83.69 83.688 83.64 84.32 85.775 85.048 84.17 83.545 83.493 83.525 83.823 83.783 83.573 83.978 83.67 83.603 83.705 83.65 83.585 83.51 83.513 83.615 83.728 83.788 83.805 83.82 83.865 83.86 83.865 83.868 83.865 83.888 83.885 83.913 83.928 83.945 83.97 83.988 84.005 84.055 84.06 84.088 84.118 84.135 84.133 84.158 84.16
84.125 84.135 84.16 84.228 84.24 84.133 84.173 84.605 84.02 84.018 83.978 83.978 83.93 83.86 83.855 83.83 83.823 83.823 83.845 84.003 84.19 83.793 83.798 83.803 83.785 83.715 83.665 83.645 84.14 85.81 85.25 85.413 83.953 83.475 83.445 83.45 83.655 83.46 83.963 84.743 84.603 83.563 83.588 83.558 83.498 83.44 83.448 83.575 83.68 83.748 83.823 83.863 83.89 83.898 83.873 83.888 83.903 83.935 83.935 83.963 83.973 83.973 84.033 84.04 84.055 84.07 84.103 84.133 84.13 84.183 84.18 84.18
84.713 84.338 84.125 84.343 84.17 84.168 84.113 84 83.995 84.015 84.005 83.98 83.928 83.87 83.87 83.895 83.805 83.793 83.813 83.745 83.775 83.84 83.968 83.895 83.893 83.805 83.708 83.65 83.84 85.223 85.678 85.143 83.538 83.455 83.48 83.913 83.508 83.448 83.895 86.813 84.3 83.583 83.505 83.493 83.518 83.5 83.468 83.468 83.515 83.618 83.73 83.81 83.855 83.91 83.933 83.91 83.923 83.938 83.975 83.98 84.02 84.038 84.048 84.065 84.078 84.115 84.113 84.13 84.173 84.19 84.225 84.203
84.685 84.875 84.2 84.363 84.228 84.245 84.005 84 84.02 84.043 84.033 84.01 83.983 83.98 83.9 83.86 83.785 83.69 83.705 83.68 83.728 83.96 84.17 84.055 83.975 83.883 83.743 83.703 83.673 84.218 85.238 84.983 83.675 83.453 83.465 83.47 83.425 83.41 84.618 84.943 84.473 83.668 83.85 84.503 84.655 83.605 83.618 83.6 83.453 83.673 83.633 83.723 83.745 83.843 83.903 83.93 83.943 83.975 84.003 84.035 84.038 84.065 84.08 84.068 84.073 84.118 84.16 84.16 84.18 84.21 84.22 84.208
85.26 84.17 84.22 84.213 84.31 84.085 84 84.005 84.05 84.038 84.005 83.98 83.963 83.953 83.915 83.843 83.845 83.983 84.173 84.29 84.385 84.463 84.42 84.198 83.98 83.925 83.818 83.743 83.71 83.66 85.078 85.148 83.84 83.468 83.45 83.41 83.508 83.64 83.77 84.105 84.198 83.898 84.085 84.348 84.058 83.73 83.978 83.748 83.44 83.595 83.525 83.548 83.62 83.71 83.798 83.88 83.898 83.97 83.995 84.045 84.07 84.1 84.088 84.088 84.115 84.148 84.17 84.185 84.203 84.215 84.225 84.24
84.458 84.13 84.108 84.193 84.258 84.195 84.11 84.068 84.04 84.03 84.005 83.965 83.905 83.888 83.91 84.043 84.358 84.58 84.7 84.778 84.795 84.653 84.49 84.298 84.068 83.96 83.903 83.793 83.775 83.71 84.6 85.918 84.883 83.49 83.47 83.44 83.433 83.468 83.785 84.72 84.243 83.78 83.738 84.898 83.468 83.773 85.048 84.223 83.455 83.355 83.445 83.473 83.535 83.58 83.678 83.783 83.908 83.97 84.018 84.058 84.078 84.098 84.098 84.088 84.13 84.145 84.17 84.188 84.23 84.233 84.243 84.275
84.5 84.143 84.07 84.26 84.103 84.103 84.215 84.063 84.025 84.005 83.985 83.93 83.93 84.095 84.348 84.688 84.88 85.008 85.03 84.985 84.96 84.808 84.585 84.36 84.103 84.018 83.95 83.843 83.785 83.708 83.638 84.805 84.935 84.098 83.763 83.455 83.465 83.458 83.653 84.565 84.693 84.043 83.778 83.463 83.395 83.74 84.878 84.115 84.513 83.303 83.36 83.398 83.455 83.52 83.593 83.778 83.928 84.015 84.063 84.085 84.098 84.105 84.108 84.11 84.145 84.163 84.19 84.208 84.213 84.228 84.278 84.303
84.363 84.138 84.09 84.368 84.013 84.05 84.075 84.015 83.995 83.988 83.963 84.018 84.245 84.628 84.975 85.14 85.215 85.273 85.21 85.2 85.168 85.028 84.78 84.498 84.248 84.11 83.99 83.883 83.83 83.755 83.683 84.265 85.523 84.428 84.188 83.658 83.47 83.568 84.243 84.69 84.485 84.253 83.793 83.353 83.335 83.415 84.083 84.445 83.74 84.48 83.403 83.328 83.443 83.555 83.638 83.825 83.993 84.075 84.078 84.105 84.133 84.14 84.14 84.145 84.158 84.178 84.203 84.238 84.228 84.253 84.273 84.303
84.415 84.255 84.32 84.925 84.025 84.04 84.04 83.97 83.963 83.96 83.955 84.235 84.76 85.038 85.213 85.345 85.415 85.415 85.44 85.383 85.273 85.108 84.948 84.663 84.35 84.133 84.023 83.9 83.855 83.803 83.733 83.745 85.28 86.23 85.165 83.45 83.483 83.673 84.975 84.515 84.535 83.948 83.648 83.318 83.28 83.305 83.353 83.333 83.245 83.33 83.245 83.33 83.468 83.57 83.71 83.883 84.043 84.133 84.09 84.088 84.123 84.145 84.145 84.165 84.18 84.198 84.193 84.223 84.243 84.283 84.295 84.328
83.903 83.9 83.93 83.958 83.945 83.94 83.963 83.93 83.955 83.935 84.11 84.6 85.018 85.165 85.315 85.44 85.583 85.62 85.633 85.528 85.383 85.198 85.045 84.758 84.413 84.183 84.043 83.918 83.885 83.815 83.738 83.68 84.735 85.573 84.998 84.133 83.955 84.67 84.313 84.03 83.988 83.443 83.383 83.27 83.268 83.223 83.198 83.168 83.193 83.235 83.27 83.365 83.503 83.6 83.78 83.96 84.075 84.148 84.165 84.125 84.143 84.168 84.175 84.195 84.2 84.22 84.238 84.225 84.233 84.285 84.318 84.32
84.035 83.895 83.92 84.003 83.993 83.96 84.025 83.92 83.903 83.945 84.073 84.593 84.96 85.205 85.425 85.583 85.71 85.753 85.725 85.65 85.523 85.33 85.11 84.803 84.553 84.313 84.113 83.98 83.888 83.82 83.725 83.658 83.858 84.835 85.45 85.775 85.043 85.268 85.85 84.2 83.523 83.375 83.335 83.245 83.208 83.21 83.21 83.193 83.205 83.26 83.343 83.445 83.973 83.698 83.87 84.023 84.098 84.153 84.193 84.153 84.123 84.168 84.183 84.195 84.213 84.253 84.253 84.27 84.278 84.293 84.318 84.33
84.343 83.943 83.985 84.168 84.053 83.905 84 84.03 83.87 83.883 83.933 84.323 84.765 85.17 85.42 85.643 85.78 85.798 85.803 85.728 85.625 85.458 85.258 85.01 84.74 84.538 84.34 84.198 84.073 83.89 83.795 83.705 83.583 83.748 84.78 85.635 85.245 86.458 85.998 84.958 83.74 83.375 83.303 83.25 83.195 83.22 83.218 83.205 83.248 83.305 83.365 83.455 83.65 83.785 83.93 84.075 84.108 84.148 84.223 84.233 84.165 84.165 84.17 84.21 84.235 84.273 84.275 84.288 84.275 84.298 84.335 84.325
83.933 83.903 84.038 83.925 83.91 83.86 83.848 83.878 83.875 83.83 83.87 84.043 84.445 84.96 85.315 85.573 85.763 85.725 85.778 85.808 85.738 85.6 85.41 85.19 84.985 84.78 84.595 84.445 84.305 84.143 83.995 83.855 83.678 83.615 84.65 85.108 83.65 85.143 86.328 85.36 83.705 83.37 83.268 83.2 83.17 83.18 83.25 83.313 83.323 83.343 83.368 83.455 83.663 83.833 84.055 84.143 84.153 84.168 84.19 84.225 84.208 84.19 84.208 84.223 84.235 84.263 84.29 84.298 84.303 84.318 84.328 84.335
84.458 83.95 84.53 83.853 83.908 83.925 83.905 83.923 83.853 83.78 83.835 83.903 84.18 84.688 85.13 85.438 85.613 85.728 85.833 85.875 85.843 85.748 85.595 85.41 85.218 85.04 84.858 84.718 84.595 84.478 84.3 84.18 83.903 83.663 83.835 85.475 84.84 85.478 85.915 85.373 83.518 83.263 83.228 83.205 83.2 83.205 83.2 83.26 83.343 83.38 83.405 83.523 83.703 83.943 84.138 84.208 84.195 84.208 84.2 84.228 84.248 84.243 84.23 84.233 84.263 84.275 84.288 84.31 84.31 84.318 84.34 84.363
84.03 84.063 83.93 83.898 83.853 83.815 83.848 83.808 83.715 83.725 83.763 83.698 83.893 84.388 84.845 85.28 85.513 85.723 85.848 85.938 85.963 85.943 85.805 85.655 85.52 85.34 85.158 85.018 84.918 84.82 84.695 84.518 84.308 83.953 83.903 85.048 85.338 85.135 85.205 84.665 83.888 83.333 83.228 83.228 83.28 83.288 83.305 83.275 83.345 83.39 83.485 83.575 83.708 83.975 84.185 84.233 84.245 84.263 84.253 84.325 84.283 84.283 84.288 84.258 84.285 84.268 84.3 84.3 84.3 84.33 84.345 84.368
84.063 83.91 83.903 83.86 83.775 83.765 83.78 83.735 83.723 83.838 83.738 83.8 84.42 84.06 84.605 85.038 85.355 85.64 85.77 85.888 85.973 86.035 86.03 85.913 85.8 85.653 85.498 85.34 85.255 85.145 85.03 84.888 84.675 84.333 84.083 85.115 84.908 83.975 84.07 83.603 84.13 83.445 83.198 83.283 83.25 83.295 83.295 83.32 83.325 83.383 83.42 83.508 83.59 83.803 84 84.108 84.203 84.243 84.3 84.293 84.33 84.31 84.295 84.305 84.328 84.325 84.335 84.31 84.308 84.323 84.358 84.37
83.595 84.345 83.843 83.875 83.768 83.905 83.825 83.723 83.683 83.698 83.648 83.748 84.403 83.84 84.345 84.803 85.138 85.433 85.63 85.74 85.85 85.94 85.995 85.98 85.965 85.89 85.78 85.663 85.53 85.455 85.415 85.3 85.035 84.7 84.275 83.875 83.438 83.405 83.468 83.978 83.773 83.528 83.32 83.28 83.29 83.498 83.33 83.358 83.393 83.783 84.23 83.463 83.485 83.59 83.698 83.848 83.99 84.148 84.243 84.283 84.33 84.318 84.325 84.338 84.335 84.358 84.355 84.348 84.345 84.34 84.358 84.373
82.838 83.175 83.53 83.818 83.903 83.75 83.873 83.695 83.643 83.648 83.65 83.718 83.693 83.665 84.005 84.453 84.853 85.135 85.355 85.513 85.643 85.755 85.828 85.88 85.928 85.928 85.888 85.848 85.795 85.753 85.698 85.615 85.393 85.058 84.623 84.095 83.495 83.303 83.29 83.683 83.363 83.508 83.538 83.273 83.298 83.385 83.363 83.41 83.56 85.27 85.733 84.82 83.75 83.463 83.51 83.595 83.76 83.888 84.053 84.145 84.215 84.273 84.318 84.335 84.338 84.388 84.358 84.345 84.385 84.403 84.388 84.413
82.525 82.573 82.715 82.975 83.845 83.525 83.65 83.713 83.855 83.733 83.808 83.603 83.583 83.558 83.685 84.073 84.485 84.768 84.998 85.183 85.328 85.485 85.595 85.67 85.735 85.755 85.803 85.83 85.83 85.84 85.808 85.758 85.61 85.303 84.955 84.468 83.825 83.385 83.62 83.605 83.283 83.273 83.31 83.313 83.25 83.298 83.335 83.713 83.275 83.283 83.595 84.05 83.293 83.283 83.775 83.753 83.875 83.715 83.728 83.883 83.988 84.133 84.215 84.315 84.348 84.395 84.393 84.403 84.435 84.468 84.463 84.475
82.445 82.475 82.543 82.555 82.625 82.85 83.088 83.413 83.948 85.835 86.663 84.75 84.303 83.89 83.598 83.723 84.03 84.318 84.53 84.725 84.93 85.183 85.298 85.37 85.465 85.563 85.605 85.675 85.708 85.7 85.698 85.688 85.578 85.353 85.1 84.773 84.395 83.853 84.813 84.273 83.365 83.248 83.3 83.32 83.28 83.34 83.293 83.355 83.448 83.173 83.175 83.218 83.235 83.195 83.628 83.833 84.61 84.983 84.8 84.64 84.143 83.883 83.998 84.11 84.305 84.395 84.413 84.428 84.408 84.483 84.498 84.508
82.475 82.46 82.435 82.438 82.488 82.533 82.585 82.733 83.015 83.365 84.938 85.448 83.818 84.18 84.54 83.873 83.593 83.735 83.975 84.183 84.425 84.655 84.823 84.995 85.123 85.258 85.378 85.433 85.45 85.508 85.468 85.47 85.39 85.243 85.058 84.868 84.618 84.215 84.565 85.183 84.93 83.618 84.155 83.318 83.31 83.33 83.365 83.233 83.315 83.158 83.188 83.148 83.165 83.205 83.203 83.21 83.255 83.678 84.058 83.763 85.598 86.445 84.393 84.103 84.398 84.215 84.333 84.425 84.44 84.465 84.513 84.465
82.495 82.503 82.475 82.44 82.405 82.438 82.495 82.525 82.565 82.643 82.79 83.023 83.328 83.473 84.043 86.245 84.24 84.278 83.92 83.623 83.813 83.945 84.238 84.395 84.57 84.718 84.863 85.02 85.098 85.205 85.28 85.23 85.183 84.998 84.883 84.695 84.49 84.17 83.74 84.195 83.945 85.275 84.36 84.943 84.468 83.575 83.288 83.255 83.305 83.198 83.19 83.148 83.213 83.195 83.42 83.885 83.245 83.265 83.333 83.375 83.45 83.893 83.995 83.773 84.468 86.185 84.798 84.248 84.39 84.473 84.533 84.515
82.558 82.565 82.53 82.48 82.45 82.453 82.458 82.428 82.475 82.493 82.505 82.565 82.67 82.888 83.103 83.875 83.455 83.753 84.058 84.438 84.173 83.725 83.61 83.683 83.838 84.048 84.238 84.398 84.56 84.675 84.76 84.77 84.755 84.643 84.515 84.348 84.145 83.838 83.55 83.378 83.573 83.44 83.405 83.425 85.53 83.55 84.03 84.428 83.805 83.315 83.385 83.405 83.243 83.153 83.39 83.67 83.22 83.218 83.298 83.293 83.3 83.298 83.298 83.44 83.538 84.408 85.568 85.11 84.18 84.288 84.485 84.563
82.64 82.618 82.573 82.558 82.54 82.48 82.48 82.455 82.455 82.465 82.475 82.498 82.525 82.545 82.618 82.74 82.97 83.15 83.383 83.615 84.21 83.593 83.498 83.428 83.448 83.758 83.608 83.678 83.85 83.978 84.125 84.165 84.12 84.063 84.013 83.845 83.588 83.418 83.28 83.3 83.345 83.353 83.32 83.318 83.28 83.31 83.8 83.463 84.143 84.765 84.475 84.348 83.825 83.733 83.268 83.348 83.278 83.173 83.188 83.293 83.26 83.248 83.315 83.283 84.06 84.39 85.738 84.633 83.798 83.963 84.165 84.38
82.67 82.643 82.615 82.585 82.588 82.588 82.538 82.525 82.543 82.51 82.513 82.49 82.478 82.483 82.51 82.525 82.588 82.653 82.735 82.94 83.093 83.265 84.12 83.52 83.97 84.845 84.603 83.373 83.325 83.51 83.67 83.605 83.658 83.718 83.54 83.403 83.265 83.185 83.148 83.203 83.225 83.325 83.3 83.29 83.28 83.258 83.27 83.268 83.225 83.373 83.265 83.678 84.188 84.96 84.955 83.698 83.65 83.405 83.175 83.24 83.22 83.208 83.263 83.423 83.763 83.405 83.335 83.425 83.543 83.66 83.83 84.08
