data/LIDAR-DSM-2M-NZ24se/nz2940_DSM_2M.asc
ncols 500
nrows 500
xllcorner    429000
yllcorner    540000
cellsize     2
NODATA_value -9999
[rows 231 to 263 of 500, columns 0 to 72 of 500]
46.655 46.778 47.121 47.405 47.025 47.063 47.135 47.256 47.293 47.405 47.525 47.608 47.674 47.815 47.93 48.023 48.108 48.173 48.273 48.358 48.51 48.451 48.548 48.638 48.765 48.902 49.017 49.14 49.243 49.352 49.398 49.48 49.568 49.648 49.723 49.82 49.898 49.97 50.005 50.078 50.205 50.298 50.393 50.621 52.138 52.04 51.258 50.768 50.857 50.945 50.98 51.06 51.149 51.272 51.343 51.48 51.573 51.703 51.849 52.028 52.188 52.363 52.548 52.754 52.91 53.123 53.313 53.533 54.338 54.15 54.164 54.305 54.49
46.653 46.738 46.935 47.078 47.03 47.023 47.12 47.225 47.288 47.4 47.518 47.603 47.703 47.855 47.942 48.035 48.113 48.14 48.258 48.37 48.428 48.438 48.546 48.935 48.765 48.918 48.993 49.098 49.245 49.325 49.378 49.48 49.588 49.655 49.713 49.818 49.84 49.945 50.01 50.088 50.167 50.305 50.408 51.102 52.275 52.013 50.973 50.792 50.811 50.912 50.967 51.035 51.135 51.205 51.315 51.422 51.558 51.705 51.811 51.985 52.193 52.36 52.547 52.758 52.965 53.18 53.331 53.5 54.054 54.13 54.295 54.39 54.478
46.595 46.709 46.864 47.003 47.028 47.035 47.12 47.213 47.284 47.385 47.491 47.588 47.648 47.768 47.91 47.963 48.099 48.124 48.218 48.323 48.46 48.471 48.788 48.82 48.808 48.913 48.995 49.11 49.21 49.32 49.395 49.488 49.61 49.665 49.708 49.792 49.875 49.978 50.005 50.075 50.198 50.285 50.403 50.589 51.363 51.325 51.223 50.778 50.853 50.928 50.942 51.045 51.13 51.22 51.278 51.417 51.52 51.688 51.793 51.963 52.161 52.281 52.484 52.718 52.91 53.112 53.3 53.46 54.446 55.413 54.805 54.318 54.548
46.608 46.683 46.933 47.143 47.003 47.013 47.095 47.185 47.265 47.375 47.453 47.553 47.665 47.748 47.908 47.943 48.083 48.152 48.245 48.31 48.401 48.503 48.57 48.695 48.785 48.88 48.985 49.11 49.208 49.278 49.37 49.475 49.583 49.67 49.7 49.829 49.883 49.989 50.005 50.061 50.163 50.258 50.364 50.488 51.128 52.013 51.625 50.774 50.798 50.883 50.934 51.035 51.118 51.235 51.303 51.41 51.503 51.631 51.8 51.925 52.098 52.282 52.489 52.733 52.908 53.1 53.293 53.468 53.742 54.823 54.185 54.25 54.709
46.61 46.658 46.755 46.995 46.995 47.003 47.088 47.175 47.255 47.32 47.473 47.594 47.648 47.738 47.828 47.913 48.024 48.13 48.188 48.295 48.409 48.48 48.553 48.645 48.733 48.87 48.975 49.098 49.198 49.268 49.407 49.518 49.578 49.633 49.71 49.785 49.845 49.943 50.003 50.069 50.18 50.285 50.392 50.518 51.468 51.307 51.295 50.733 50.797 50.849 50.91 50.98 51.053 51.173 51.309 51.388 51.503 51.618 51.745 51.93 52.08 52.262 52.44 52.668 52.872 53.12 53.28 53.463 53.771 54.205 54.47 54.303 54.892
46.605 46.653 46.738 47.083 47.238 46.983 47.08 47.153 47.218 47.368 47.455 47.533 47.664 47.758 47.838 47.941 48.021 48.093 48.18 48.325 48.39 48.465 48.553 48.68 48.78 48.908 49 49.045 49.213 49.245 49.377 49.461 49.538 49.608 49.671 49.803 49.855 49.97 49.984 50.04 50.193 50.28 50.348 50.468 50.889 51.634 50.785 50.755 50.801 50.866 50.888 50.973 51.053 51.166 51.24 51.347 51.478 51.62 51.747 51.885 52.051 52.23 52.395 52.628 52.832 53.018 53.228 53.4 53.686 54.448 54.28 54.352 54.428
46.565 46.635 46.755 47.063 47 47.003 47.035 47.155 47.235 47.328 47.443 47.509 47.637 47.723 47.808 47.938 48.049 48.085 48.16 48.243 48.398 48.427 48.535 48.675 48.76 48.83 48.979 49.063 49.205 49.233 49.354 49.465 49.588 49.638 49.679 49.743 49.895 49.923 49.986 50.07 50.167 50.277 50.368 50.475 50.825 51.703 51.443 50.708 50.781 50.833 50.895 50.958 51.051 51.155 51.228 51.348 51.451 51.568 51.71 51.865 52.089 52.223 52.398 52.617 52.838 53.038 53.238 53.409 53.578 53.994 54.153 55.269 54.461
46.558 46.608 46.728 46.878 47.048 47.009 47.105 47.115 47.208 47.335 47.433 47.546 47.654 47.695 47.805 47.902 48.015 48.085 48.185 48.293 48.408 48.475 48.595 48.67 48.738 48.857 48.957 49.073 49.184 49.247 49.365 49.488 49.583 49.666 49.7 49.808 49.898 49.953 50.052 50.063 50.177 50.303 50.39 50.481 51.259 51.938 51.795 50.71 50.765 50.833 50.888 50.927 51.043 51.11 51.25 51.348 51.422 51.565 51.653 51.83 52.03 52.2 52.375 52.6 52.813 53.07 53.22 53.433 53.658 53.885 54.111 54.59 54.495
46.518 46.608 46.715 47.12 46.975 47.01 47.055 47.13 47.208 47.338 47.435 47.54 47.657 48.095 48.335 47.955 48.05 48.105 48.193 48.285 48.37 48.423 48.613 48.68 48.753 48.831 48.979 49.115 49.183 49.266 49.361 49.435 49.563 49.608 49.728 49.84 49.89 49.945 50.04 50.068 50.193 50.3 50.41 50.48 50.786 51.804 51.215 50.739 50.789 50.823 50.864 50.932 51 51.095 51.173 51.301 51.403 51.52 51.685 51.835 52.015 52.178 52.34 52.558 52.773 53.015 53.221 53.418 53.648 53.947 54.19 56.373 54.583
46.57 46.64 46.72 46.945 47.183 47.025 47.05 47.152 47.26 47.38 47.456 47.567 47.673 47.773 47.859 47.948 48.005 48.098 48.258 48.305 48.373 48.473 48.608 48.708 48.8 48.904 49.021 49.138 49.222 49.265 49.4 49.523 49.59 49.655 49.73 49.845 49.903 49.983 50.043 50.093 50.205 50.348 50.41 50.491 51.295 51.543 51.53 50.729 50.803 50.87 50.918 50.947 51.035 51.133 51.225 51.34 51.398 51.563 51.671 51.814 51.97 52.173 52.394 52.605 52.815 53.07 53.22 53.35 53.54 53.953 54.23 54.523 54.587
46.583 46.678 46.74 47.165 47.143 47.078 47.088 47.136 47.228 47.328 47.435 47.573 47.665 47.773 47.845 47.943 48.06 48.098 48.223 48.315 48.364 48.505 48.628 48.714 48.819 48.922 49.025 49.158 49.247 49.342 49.44 49.53 49.61 49.718 49.8 49.858 49.938 50.005 50.12 50.128 50.244 50.335 50.41 50.539 50.624 51.518 51.806 50.763 50.83 50.84 50.903 50.92 51.01 51.157 51.211 51.338 51.41 51.555 51.711 51.87 51.998 52.19 52.405 52.61 52.808 53.05 53.22 53.43 53.555 54.006 54.17 54.51 54.566
46.59 46.663 46.81 46.92 47.558 47.028 47.112 47.159 47.253 47.345 47.481 47.583 47.685 47.793 47.863 47.978 48.058 48.143 48.25 48.315 48.418 48.535 48.625 48.72 48.825 48.961 49.055 49.17 49.264 49.363 49.488 49.573 49.655 49.728 49.835 49.91 49.98 50.04 50.105 50.183 50.274 50.39 50.458 50.534 50.648 52.405 51.677 50.797 50.863 50.893 50.889 50.98 51.035 51.178 51.258 51.343 51.42 51.563 51.725 51.875 52.038 52.184 52.363 52.545 52.758 52.985 53.19 53.348 53.558 53.93 54.14 54.438 54.665
46.595 46.688 46.828 46.898 47.113 47.098 47.144 47.466 47.454 47.37 47.43 47.604 47.71 47.825 47.865 48.005 48.065 48.163 48.265 48.368 48.468 48.543 48.65 48.745 48.842 48.934 49.065 49.203 49.273 49.354 49.48 49.608 49.698 49.765 49.863 49.935 50.015 50.08 50.16 50.223 50.335 50.433 50.475 50.59 50.909 52.768 52.064 50.898 50.834 50.908 50.927 50.998 51.093 51.189 51.273 51.355 51.42 51.55 51.695 51.845 52.02 52.151 52.348 52.54 52.751 52.98 53.18 53.343 53.53 53.77 54.108 54.92 55.14
46.643 46.725 46.805 47.09 47.083 47.105 47.411 47.294 47.458 47.415 47.438 47.614 47.723 47.833 47.91 48.008 48.098 48.185 48.29 48.39 48.463 48.568 48.718 48.748 48.86 48.977 49.105 49.22 49.281 49.446 49.508 49.623 49.71 49.79 49.9 49.938 50.035 50.148 50.19 50.227 50.358 50.463 50.52 50.608 51.263 52.4 51.865 50.938 50.92 50.933 50.973 51.035 51.122 51.199 51.295 51.363 51.48 51.597 51.723 51.85 52.008 52.148 52.36 52.57 52.812 52.98 53.157 53.368 53.547 53.81 53.968 54.529 54.948
46.64 46.735 46.805 46.953 47.165 47.13 47.284 47.41 47.353 47.378 47.536 47.684 47.753 47.83 47.975 48.057 48.155 48.185 48.293 48.403 48.455 48.593 48.713 48.815 48.875 48.988 49.136 49.25 49.344 49.46 49.595 49.655 49.77 49.828 49.91 49.998 50.063 50.165 50.253 50.265 50.413 50.498 50.589 50.655 51.25 52.079 52.188 51.048 50.962 50.965 51.023 51.08 51.125 51.218 51.28 51.353 51.508 51.637 51.778 51.887 52.1 52.19 52.385 52.563 52.777 53 53.163 53.365 53.58 53.818 54.485 54.743 55.093
46.67 46.755 46.813 46.89 47.338 47.118 47.165 47.276 47.33 47.423 47.499 47.676 47.758 47.853 47.94 48.068 48.143 48.225 48.345 48.385 48.503 48.598 48.755 48.818 49.021 49.086 49.178 49.31 49.386 49.489 49.623 49.69 49.755 49.848 49.95 50.038 50.093 50.178 50.323 50.319 50.383 50.513 50.562 50.645 50.905 52.46 52.363 51.098 50.968 50.965 51.043 51.125 51.168 51.248 51.33 51.375 51.51 51.603 51.758 51.908 52.071 52.19 52.358 52.55 52.764 52.993 53.153 53.34 53.518 53.778 54.553 54.185 54.525
46.638 46.755 46.803 46.933 47.81 47.115 47.19 47.285 47.35 47.413 47.546 47.718 47.77 47.865 47.945 48.069 48.15 48.213 48.298 48.403 48.52 48.645 48.743 48.822 48.927 49.048 49.168 49.295 49.391 49.495 49.62 49.705 49.79 49.906 49.965 50.06 50.128 50.218 50.333 50.367 50.433 50.528 50.63 50.715 51.295 52.41 52.068 51.02 50.95 50.97 51.038 51.13 51.168 51.269 51.315 51.405 51.49 51.618 51.77 51.898 52.006 52.175 52.358 52.52 52.713 52.895 53.103 53.285 53.515 53.71 55.372 54.618 54.743
46.658 46.758 46.758 46.878 47.203 47.105 47.202 47.26 47.358 47.454 47.523 47.7 47.73 47.835 47.959 48.043 48.135 48.233 48.348 48.405 48.523 48.635 48.723 48.825 48.93 49.045 49.2 49.293 49.389 49.525 49.62 49.678 49.788 49.933 50.013 50.068 50.133 50.233 50.31 50.366 50.44 50.53 50.608 50.719 50.77 52.819 52.518 51.33 50.978 50.987 51.053 51.09 51.138 51.243 51.325 51.37 51.471 51.615 51.718 51.875 52.02 52.163 52.315 52.485 52.673 52.878 53.07 53.24 53.425 53.678 54.926 54.49 54.865
46.67 46.78 46.81 46.91 47.303 47.123 47.168 47.233 47.353 47.443 47.503 47.66 47.753 47.838 47.98 48.03 48.125 48.183 48.298 48.385 48.493 48.628 48.745 48.818 48.922 49.052 49.17 49.298 49.397 49.515 49.613 49.685 49.795 49.875 49.995 50.075 50.17 50.248 50.34 50.378 50.438 50.555 50.633 50.72 50.966 53.369 53.068 51.29 50.94 51.013 51.077 51.108 51.138 51.199 51.332 51.355 51.458 51.588 51.748 51.865 51.975 52.122 52.263 52.448 52.64 52.813 53.03 53.22 53.39 53.599 53.883 54.175 54.83
46.663 46.743 46.81 46.873 47.168 47.125 47.16 47.23 47.34 47.86 47.536 47.665 47.72 47.826 47.975 48.053 48.098 48.243 48.35 48.383 48.5 48.61 48.705 48.81 48.941 49.064 49.168 49.285 49.401 49.513 49.615 49.665 49.815 49.925 50.008 50.07 50.15 50.258 50.315 50.379 50.43 50.563 50.645 50.755 50.818 52.714 52.843 51.775 51.168 51.217 51.168 51.195 51.318 51.422 51.445 51.388 51.475 51.585 51.712 51.84 52.005 52.12 52.283 52.455 52.653 52.848 53.018 53.186 53.36 53.567 53.843 55 54.995
46.71 46.763 46.775 46.84 47.158 47.135 47.198 47.265 47.353 47.523 47.623 47.645 47.76 47.855 47.94 48.031 48.1 48.185 48.285 48.343 48.453 48.59 48.673 48.783 48.917 49.025 49.16 49.253 49.374 49.52 49.56 49.673 49.805 49.903 49.988 50.04 50.145 50.223 50.34 50.425 50.47 50.588 50.691 50.78 50.88 53.04 52.59 51.535 51.035 51.212 51.58 51.575 51.475 51.713 51.343 51.378 51.5 51.6 51.74 51.869 51.986 52.095 52.265 52.398 52.593 52.798 52.98 53.197 53.393 53.523 53.964 54.058 54.733
46.673 46.775 46.815 46.893 47.298 47.16 47.195 47.268 47.35 47.438 47.542 47.675 47.75 47.853 47.945 48.063 48.111 48.16 48.308 48.38 48.495 48.595 48.705 48.805 48.94 49.04 49.143 49.228 49.386 49.495 49.58 49.673 49.789 49.875 49.97 50.045 50.15 50.228 50.338 50.392 50.433 50.558 50.698 50.778 50.875 53.738 53.443 52.083 51.075 51.117 51.258 51.233 51.31 51.272 51.335 51.428 51.498 51.62 51.75 51.903 52.003 52.113 52.265 52.392 52.59 52.79 52.973 53.165 53.38 53.533 53.795 54.198 54.69
46.661 46.708 46.813 46.855 47.31 47.22 47.158 47.223 47.348 47.445 47.502 47.616 47.735 47.828 47.93 47.979 48.123 48.183 48.283 48.378 48.48 48.593 48.67 48.773 48.915 48.993 49.133 49.255 49.39 49.493 49.588 49.654 49.809 49.898 49.98 50.02 50.145 50.248 50.353 50.414 50.453 50.58 50.685 50.803 50.858 52.788 53.373 53.775 51.075 51.12 51.203 51.22 51.333 51.299 51.34 51.42 51.525 51.609 51.715 51.893 51.99 52.095 52.26 52.38 52.55 52.753 52.915 53.115 53.293 53.495 53.675 54.513 54.383
46.65 46.718 46.758 46.858 47.158 47.4 47.185 47.245 47.325 47.449 47.54 47.6 47.69 47.77 47.919 47.963 48.074 48.16 48.271 48.353 48.413 48.57 48.705 48.819 48.915 49.035 49.128 49.245 49.341 49.445 49.54 49.673 49.766 49.9 49.948 49.988 50.158 50.23 50.368 50.427 50.445 50.545 50.678 50.763 50.868 52.492 52.7 52.505 51.085 51.033 51.038 51.155 51.208 51.274 51.37 51.4 51.548 51.615 51.748 51.875 52.02 52.135 52.283 52.422 52.578 52.78 52.908 53.085 53.263 53.45 53.699 54.435 54.285
46.669 46.698 46.773 46.838 47.245 47.268 47.155 47.208 47.315 47.425 47.545 47.585 47.699 47.785 47.88 47.99 48.06 48.13 48.248 48.325 48.443 48.52 48.663 48.775 48.91 48.998 49.103 49.273 49.37 49.46 49.558 49.657 49.737 49.883 49.94 50.003 50.115 50.228 50.348 50.414 50.44 50.55 50.67 50.79 50.875 52.535 52.945 52.34 51.23 51.1 51.21 51.21 51.18 51.333 51.435 51.445 51.503 51.625 51.718 51.86 52 52.11 52.248 52.403 52.558 52.743 52.905 53.08 53.3 53.438 53.692 54.23 54.2
46.624 46.658 46.76 46.823 47.123 47.24 47.115 47.17 47.29 47.385 47.465 47.55 47.655 47.757 47.822 47.934 48.028 48.088 48.204 48.31 48.383 48.548 48.605 48.715 48.85 48.98 49.088 49.213 49.338 49.433 49.528 49.658 49.775 49.865 49.955 50.033 50.14 50.253 50.353 50.43 50.488 50.568 50.691 50.77 50.903 51.899 52.985 52.385 51.148 51.086 51.16 51.203 51.263 51.31 51.399 51.46 51.545 51.648 51.753 51.86 51.997 52.095 52.225 52.379 52.567 52.745 52.92 53.063 53.195 53.373 53.521 53.892 54.575
46.622 46.66 46.753 46.833 47.093 47.198 47.093 47.178 47.268 47.348 47.47 47.525 47.64 47.74 47.816 47.895 47.993 48.104 48.183 48.273 48.393 48.478 48.588 48.7 48.863 48.985 49.085 49.218 49.321 49.435 49.518 49.618 49.748 49.85 49.95 50.054 50.148 50.225 50.35 50.42 50.478 50.575 50.74 50.808 50.89 51.433 53.688 52.133 51.168 51.135 51.148 51.338 51.245 51.328 51.495 51.455 51.525 51.638 51.758 51.86 51.981 52.145 52.248 52.403 52.528 52.69 52.885 53.073 53.223 53.398 53.685 53.845 54.203
46.621 46.718 46.818 46.843 47.15 47.334 47.075 47.17 47.27 47.365 47.41 47.545 47.66 47.713 47.828 47.875 47.983 48.086 48.18 48.293 48.433 48.53 48.608 48.763 48.86 48.948 49.085 49.219 49.312 49.46 49.57 49.658 49.762 49.863 49.95 50.052 50.157 50.258 50.336 50.414 50.465 50.57 50.718 50.828 50.91 52.919 55.323 52.525 51.296 51.155 51.507 51.458 51.333 51.36 51.38 51.463 51.543 51.66 51.773 51.873 51.985 52.093 52.245 52.363 52.525 52.68 52.848 53.028 53.203 53.352 53.554 53.84 54.04
46.661 46.758 46.81 46.859 46.988 47.368 47.095 47.193 47.29 47.395 47.455 47.568 47.65 47.746 47.846 47.928 48.01 48.113 48.166 48.293 48.488 48.505 48.62 48.83 48.853 49 49.083 49.223 49.368 49.465 49.545 49.678 49.794 49.918 49.998 50.072 50.205 50.298 50.438 50.469 50.53 50.653 50.764 50.86 50.94 51.425 52.39 52.488 51.263 51.203 51.32 51.335 51.388 51.36 51.48 51.495 51.623 51.714 51.785 51.928 52.038 52.153 52.229 52.393 52.555 52.73 52.887 53.024 53.23 53.393 53.643 57.088 55.885
46.662 46.733 46.798 46.858 46.921 47.465 47.115 47.188 47.315 47.415 47.493 47.595 47.695 47.815 47.835 47.955 48.058 48.139 48.247 48.375 48.46 48.536 48.655 48.775 48.868 48.973 49.145 49.25 49.403 49.508 49.6 49.718 49.81 49.923 50.015 50.132 50.213 50.303 50.423 50.487 50.573 50.66 50.788 50.916 50.943 51.06 52.899 52.57 51.368 51.263 51.423 51.415 51.445 51.404 51.493 51.555 51.655 51.75 51.833 51.958 52.04 52.153 52.24 52.41 52.563 52.678 52.845 53.09 53.228 53.368 53.503 55.7 56.518
46.684 46.805 46.828 46.899 46.959 47.565 47.18 47.253 47.36 47.455 47.488 47.598 47.73 47.803 47.882 47.973 48.095 48.159 48.274 48.368 48.478 48.55 48.708 48.815 48.918 49.053 49.16 49.283 49.413 49.508 49.648 49.758 49.84 49.973 50.073 50.121 50.238 50.355 50.483 50.55 50.61 50.695 50.83 50.944 51.012 51.063 56.379 53.503 51.635 51.283 51.615 51.64 51.805 51.57 51.553 51.645 51.685 51.8 51.878 51.985 52.095 52.168 52.328 52.468 52.615 52.767 52.899 53.04 53.225 53.375 53.515 56.068 56.36
46.718 46.83 46.903 46.985 47.03 47.523 47.225 47.268 47.43 47.488 47.573 47.683 47.788 47.853 47.94 48.053 48.155 48.205 48.319 48.418 48.547 48.623 48.745 48.87 48.995 49.109 49.26 49.355 49.448 49.56 49.698 49.768 49.875 49.993 50.123 50.193 50.315 50.46 50.536 50.633 50.678 50.789 50.9 50.993 51.043 51.185 54.49 53.215 51.59 51.39 51.617 51.688 52.045 51.587 51.648 51.7 51.795 51.863 51.96 52.058 52.165 52.216 52.377 52.495 52.615 52.773 52.933 53.113 53.233 53.42 53.52 54.734 56.898
46.748 46.858 46.919 46.975 47.048 47.535 47.33 47.33 47.433 47.513 47.612 47.753 47.843 47.898 47.995 48.105 48.2 48.225 48.343 48.473 48.565 48.654 48.804 48.898 49.045 49.152 49.258 49.408 49.493 49.603 49.728 49.84 49.973 50.078 50.108 50.25 50.383 50.48 50.57 50.666 50.75 50.808 50.947 51.05 51.135 51.253 53.17 53.622 52.008 51.455 51.544 51.655 51.765 51.63 51.71 51.905 51.87 51.938 52.043 52.11 52.205 52.293 52.43 52.528 52.644 52.783 52.92 53.09 53.214 53.419 53.5 54.36 54.393
