data/LIDAR-DSM-2M-NZ24se/nz2944_DSM_2M.asc
ncols 500
nrows 500
xllcorner    429000
yllcorner    544000
cellsize     2
NODATA_value -9999
[rows 192 to 223 of 500, columns 292 to 364 of 500]
63.556 63.528 63.521 63.541 63.528 63.523 63.541 63.503 63.508 63.486 63.473 63.486 63.471 63.473 63.493 63.508 63.506 63.536 63.533 63.556 63.571 63.586 63.598 63.571 63.563 63.491 63.461 63.426 63.346 63.278 63.173 63.113 63.026 62.918 62.818 62.701 62.598 62.483 62.388 62.293 62.271 62.281 62.256 62.238 62.248 62.276 62.288 62.311 62.313 62.298 62.281 62.253 62.243 62.253 62.256 62.241 62.273 62.278 62.713 62.993 62.476 62.556 62.661 62.798 62.948 63.118 63.281 63.443 63.646 63.878 64.106 64.313 64.533
63.653 63.626 63.651 63.646 63.633 63.606 63.603 63.588 63.581 63.573 63.548 63.573 63.563 63.578 63.591 63.611 63.608 63.613 63.616 63.621 63.658 63.638 63.648 63.621 63.598 63.553 63.508 63.453 63.408 63.321 63.263 63.173 63.078 62.988 62.881 62.793 62.696 62.573 62.458 62.411 62.356 62.348 62.338 62.316 62.346 62.366 62.378 62.383 62.388 62.373 62.388 62.373 62.348 62.303 62.291 62.311 62.308 62.338 62.391 63.293 62.896 62.486 62.571 62.723 62.858 63.008 63.166 63.343 63.528 63.751 63.976 64.201 64.408
63.758 63.743 63.738 63.736 63.716 63.706 63.671 63.653 63.666 63.656 63.646 63.646 63.656 63.683 63.668 63.688 63.711 63.696 63.691 63.713 63.708 63.691 63.686 63.691 63.646 63.611 63.571 63.526 63.438 63.383 63.311 63.236 63.153 63.051 62.981 62.888 62.768 62.663 62.551 62.511 62.483 62.463 62.423 62.396 62.423 62.446 62.456 62.468 62.481 62.476 62.448 62.451 62.423 62.391 62.341 62.331 62.358 62.381 62.393 62.413 63.066 62.958 62.578 62.618 62.756 62.916 63.078 63.248 63.436 63.623 63.851 64.073 64.288
63.878 63.851 63.846 63.813 63.801 63.803 63.763 63.753 63.726 63.706 63.708 63.703 63.723 63.748 63.751 63.771 63.783 63.766 63.761 63.786 63.773 63.766 63.756 63.726 63.698 63.666 63.611 63.558 63.493 63.426 63.373 63.288 63.228 63.156 63.083 62.958 62.836 62.723 62.651 62.621 62.573 62.531 62.473 62.488 62.481 62.516 62.543 62.531 62.568 62.551 62.543 62.538 62.528 62.491 62.448 62.406 62.386 62.376 62.421 62.448 62.526 63.068 62.698 62.516 62.671 62.826 62.981 63.148 63.336 63.536 63.726 63.948 64.176
63.986 63.948 63.933 63.933 63.898 63.868 63.843 63.821 63.778 63.798 63.771 63.791 63.791 63.798 63.828 63.841 63.851 63.841 63.846 63.843 63.831 63.816 63.806 63.776 63.751 63.708 63.653 63.596 63.546 63.496 63.451 63.371 63.303 63.233 63.133 63.008 62.921 62.813 62.761 62.721 62.691 62.621 62.566 62.568 62.573 62.581 62.603 62.613 62.651 62.651 62.626 62.603 62.623 62.606 62.556 62.501 62.466 62.421 62.428 62.481 62.466 62.513 62.766 62.676 62.573 62.746 62.903 63.058 63.231 63.426 63.623 63.801 64.053
64.086 64.056 64.056 64.016 63.971 63.953 63.898 63.886 63.853 63.826 63.828 63.863 63.888 63.881 63.891 63.888 63.901 63.881 63.903 63.893 63.901 63.876 63.846 63.821 63.786 63.758 63.673 63.643 63.573 63.536 63.466 63.416 63.383 63.296 63.198 63.068 62.981 62.931 62.891 62.821 62.766 62.691 62.648 62.651 62.661 62.663 62.683 62.696 62.708 62.721 62.736 62.711 62.708 62.691 62.658 62.598 62.553 62.508 62.488 62.511 62.543 62.573 62.593 63.003 62.933 62.656 62.821 62.966 63.173 63.333 63.516 63.736 63.943
64.178 64.131 64.111 64.088 64.063 64.018 63.978 63.958 63.916 63.863 63.893 63.906 63.938 63.946 63.961 63.973 63.966 63.948 63.986 63.966 63.968 63.908 63.891 63.868 63.836 63.803 63.728 63.691 63.646 63.598 63.551 63.488 63.453 63.361 63.266 63.141 63.086 63.028 62.988 62.936 62.848 62.803 62.741 62.738 62.743 62.761 62.761 62.781 62.798 62.818 62.821 62.821 62.813 62.791 62.771 62.733 62.678 62.606 62.573 62.571 62.601 62.633 62.663 62.826 63.163 62.801 62.716 62.888 63.071 63.241 63.436 63.631 63.838
64.248 64.233 64.193 64.166 64.153 64.106 64.068 64.033 63.988 63.936 63.971 63.973 64.001 63.993 63.991 64.003 64.026 64.028 64.013 64.008 63.996 63.963 63.958 63.931 63.888 63.838 63.783 63.731 63.718 63.641 63.608 63.561 63.498 63.401 63.318 63.231 63.186 63.126 63.086 62.983 62.921 62.871 62.823 62.818 62.821 62.816 62.843 62.856 62.886 62.888 62.916 62.916 62.891 62.891 62.863 62.813 62.791 62.743 62.691 62.661 62.658 62.696 62.696 62.751 62.743 63.298 63.118 62.831 63.023 63.161 63.358 63.571 63.728
64.338 64.306 64.261 64.241 64.208 64.191 64.151 64.113 64.076 64.038 64.051 64.056 64.053 64.073 64.073 64.071 64.088 64.108 64.083 64.056 64.043 64.013 64.008 63.958 63.926 63.883 63.846 63.798 63.763 63.668 63.638 63.628 63.556 63.443 63.378 63.318 63.261 63.241 63.171 63.071 63.021 62.973 62.913 62.891 62.901 62.886 62.918 62.951 62.948 62.978 63.001 62.998 62.998 62.986 62.968 62.941 62.918 62.901 62.841 62.771 62.741 62.751 62.756 62.776 62.846 62.951 63.023 62.911 63.063 63.116 63.266 63.488 63.658
64.436 64.376 64.361 64.313 64.266 64.233 64.206 64.183 64.153 64.118 64.123 64.141 64.143 64.143 64.133 64.158 64.163 64.156 64.151 64.116 64.098 64.073 64.078 64.033 63.993 63.958 63.896 63.866 63.828 63.761 63.716 63.661 63.598 63.503 63.466 63.438 63.363 63.331 63.228 63.166 63.118 63.058 62.991 62.973 62.953 62.971 63.003 63.008 63.026 63.043 63.066 63.106 63.098 63.091 63.081 63.061 63.051 63.008 62.953 62.926 62.866 62.848 62.818 62.836 62.876 62.936 62.943 62.953 63.143 63.146 63.236 63.378 63.541
64.506 64.493 64.461 64.403 64.361 64.286 64.286 64.248 64.223 64.213 64.221 64.233 64.233 64.221 64.238 64.243 64.236 64.218 64.208 64.186 64.146 64.133 64.133 64.081 64.066 64.041 63.983 63.951 63.896 63.846 63.806 63.716 63.656 63.596 63.551 63.516 63.471 63.403 63.291 63.243 63.176 63.118 63.061 63.058 63.046 63.061 63.071 63.086 63.133 63.141 63.143 63.193 63.198 63.186 63.186 63.196 63.161 63.096 63.093 63.091 63.028 62.968 62.953 62.928 62.946 62.991 63.001 62.993 63.033 63.283 63.228 63.311 63.483
64.548 64.523 64.516 64.491 64.438 64.373 64.351 64.318 64.291 64.293 64.303 64.298 64.343 64.331 64.328 64.323 64.313 64.288 64.256 64.246 64.213 64.186 64.161 64.156 64.113 64.103 64.053 64.018 63.973 63.928 63.871 63.788 63.718 63.681 63.646 63.598 63.551 63.453 63.411 63.333 63.251 63.171 63.151 63.123 63.123 63.138 63.161 63.193 63.226 63.236 63.258 63.246 63.286 63.293 63.306 63.291 63.273 63.218 63.233 63.176 63.138 63.101 63.043 63.033 63.003 63.028 63.046 63.061 63.093 63.126 63.301 63.301 63.401
64.596 64.583 64.563 64.513 64.501 64.443 64.433 64.418 64.386 64.393 64.426 64.413 64.418 64.436 64.431 64.441 64.413 64.371 64.343 64.316 64.303 64.256 64.211 64.231 64.183 64.178 64.123 64.103 64.081 64.003 63.901 63.866 63.798 63.801 63.746 63.698 63.628 63.553 63.488 63.401 63.311 63.253 63.226 63.203 63.208 63.231 63.256 63.273 63.316 63.346 63.333 63.336 63.378 63.396 63.416 63.398 63.373 63.346 63.326 63.258 63.246 63.213 63.156 63.121 63.078 63.081 63.091 63.108 63.123 63.151 63.178 63.211 63.341
64.658 64.621 64.588 64.546 64.523 64.493 64.473 64.463 64.468 64.488 64.486 64.498 64.521 64.498 64.526 64.516 64.528 64.473 64.456 64.408 64.368 64.331 64.308 64.286 64.286 64.246 64.216 64.173 64.138 64.066 63.963 63.936 63.916 63.868 63.831 63.798 63.693 63.641 63.568 63.453 63.393 63.363 63.306 63.286 63.293 63.321 63.326 63.358 63.371 63.431 63.433 63.481 63.476 63.483 63.506 63.491 63.493 63.486 63.451 63.383 63.356 63.341 63.273 63.248 63.186 63.168 63.126 63.146 63.148 63.173 63.221 63.171 63.263
64.721 64.666 64.651 64.603 64.566 64.516 64.516 64.521 64.528 64.571 64.581 64.583 64.601 64.593 64.593 64.593 64.581 64.571 64.543 64.518 64.453 64.441 64.393 64.371 64.363 64.316 64.288 64.256 64.213 64.171 64.063 64.031 64.016 63.963 63.938 63.868 63.783 63.708 63.648 63.543 63.488 63.433 63.406 63.373 63.363 63.386 63.411 63.451 63.483 63.516 63.536 63.578 63.578 63.598 63.606 63.596 63.573 63.571 63.536 63.518 63.486 63.441 63.408 63.381 63.323 63.246 63.198 63.196 63.201 63.226 63.241 63.278 63.276
64.768 64.736 64.688 64.656 64.611 64.588 64.571 64.573 64.583 64.603 64.641 64.683 64.701 64.703 64.706 64.681 64.668 64.653 64.628 64.616 64.561 64.528 64.516 64.476 64.446 64.403 64.391 64.336 64.263 64.221 64.143 64.148 64.086 64.073 63.996 63.941 63.878 63.786 63.723 63.658 63.586 63.506 63.483 63.456 63.448 63.463 63.481 63.536 63.568 63.601 63.663 63.661 63.668 63.696 63.703 63.681 63.666 63.651 63.638 63.621 63.588 63.568 63.548 63.488 63.448 63.376 63.318 63.286 63.261 63.276 63.281 63.321 63.353
64.833 64.778 64.761 64.703 64.668 64.608 64.611 64.646 64.646 64.656 64.683 64.723 64.768 64.766 64.773 64.758 64.751 64.731 64.723 64.688 64.658 64.621 64.583 64.581 64.553 64.526 64.486 64.408 64.346 64.308 64.258 64.221 64.193 64.138 64.061 64.001 63.928 63.843 63.791 63.728 63.666 63.623 63.576 63.556 63.551 63.551 63.578 63.616 63.661 63.683 63.711 63.748 63.753 63.771 63.768 63.766 63.763 63.748 63.731 63.706 63.698 63.656 63.653 63.623 63.576 63.526 63.468 63.421 63.363 63.323 63.311 63.323 63.376
64.861 64.831 64.793 64.763 64.736 64.708 64.716 64.716 64.726 64.733 64.756 64.778 64.776 64.818 64.801 64.828 64.828 64.828 64.823 64.778 64.756 64.723 64.706 64.663 64.648 64.626 64.576 64.503 64.433 64.403 64.363 64.328 64.286 64.203 64.123 64.068 64.001 63.911 63.853 63.793 63.723 63.686 63.661 63.631 63.656 63.646 63.676 63.726 63.746 63.781 63.796 63.813 63.848 63.861 63.858 63.846 63.876 63.846 63.811 63.798 63.791 63.776 63.738 63.733 63.688 63.646 63.603 63.578 63.516 63.456 63.391 63.393 63.406
64.871 64.846 64.811 64.786 64.771 64.776 64.761 64.796 64.783 64.796 64.821 64.833 64.846 64.828 64.873 64.863 64.878 64.871 64.866 64.841 64.836 64.808 64.793 64.761 64.746 64.723 64.651 64.581 64.523 64.481 64.453 64.413 64.366 64.263 64.206 64.133 64.043 63.978 63.911 63.863 63.831 63.768 63.736 63.721 63.726 63.758 63.766 63.803 63.821 63.871 63.896 63.903 63.933 63.956 63.936 63.938 63.963 63.943 63.928 63.906 63.888 63.866 63.866 63.841 63.808 63.771 63.743 63.701 63.671 63.611 63.526 63.493 63.476
64.871 64.848 64.816 64.828 64.826 64.843 64.853 64.866 64.891 64.893 64.916 64.926 64.913 64.911 64.913 64.916 64.923 64.906 64.928 64.921 64.893 64.883 64.878 64.848 64.836 64.751 64.728 64.668 64.623 64.593 64.548 64.503 64.433 64.356 64.286 64.193 64.106 64.056 63.986 63.933 63.883 63.838 63.811 63.831 63.816 63.848 63.858 63.891 63.928 63.968 63.991 63.996 64.018 64.041 64.051 64.053 64.038 64.053 64.016 64.021 63.968 63.986 63.936 63.928 63.896 63.898 63.883 63.808 63.771 63.748 63.683 63.633 63.601
64.896 64.866 64.868 64.896 64.898 64.923 64.951 64.966 64.991 64.993 65.006 64.996 64.983 64.986 64.991 65.006 64.976 64.961 64.961 64.958 64.938 64.971 64.948 64.941 64.911 64.821 64.791 64.728 64.728 64.691 64.666 64.591 64.508 64.421 64.356 64.266 64.208 64.141 64.073 64.001 63.958 63.928 63.893 63.911 63.916 63.938 63.978 63.988 64.003 64.026 64.068 64.088 64.103 64.108 64.123 64.118 64.141 64.123 64.111 64.108 64.073 64.081 64.033 64.038 64.003 63.986 63.973 63.956 63.911 63.858 63.818 63.786 63.746
64.908 64.873 64.906 64.931 64.966 65.018 65.041 65.093 65.116 65.138 65.126 65.113 65.086 65.076 65.066 65.046 65.016 65.016 65.011 64.996 65.003 65.006 65.013 64.998 64.938 64.898 64.856 64.808 64.786 64.783 64.723 64.661 64.598 64.543 64.448 64.383 64.313 64.241 64.181 64.101 64.053 64.036 64.003 63.993 64.006 64.001 64.046 64.078 64.113 64.126 64.166 64.176 64.186 64.206 64.218 64.208 64.203 64.198 64.198 64.206 64.193 64.178 64.171 64.151 64.148 64.116 64.078 64.071 64.026 64.011 63.973 63.918 63.901
64.956 64.933 64.968 64.998 65.048 65.091 65.131 65.178 65.236 65.233 65.251 65.231 65.191 65.181 65.146 65.126 65.086 65.031 65.043 65.031 65.051 65.068 65.071 65.038 64.986 64.958 64.916 64.893 64.871 64.858 64.803 64.731 64.681 64.621 64.543 64.476 64.433 64.371 64.293 64.238 64.198 64.158 64.123 64.091 64.096 64.098 64.108 64.156 64.161 64.208 64.233 64.241 64.281 64.301 64.298 64.293 64.323 64.306 64.303 64.293 64.276 64.271 64.253 64.223 64.226 64.203 64.178 64.171 64.161 64.121 64.093 64.071 64.046
65.013 64.993 65.038 65.066 65.116 65.178 65.228 65.286 65.301 65.341 65.343 65.308 65.291 65.251 65.211 65.178 65.168 65.111 65.108 65.103 65.116 65.133 65.126 65.053 65.043 65.006 65.001 64.983 64.978 64.938 64.891 64.833 64.771 64.716 64.663 64.596 64.536 64.491 64.441 64.368 64.318 64.296 64.243 64.228 64.213 64.213 64.208 64.233 64.236 64.281 64.301 64.341 64.358 64.381 64.401 64.408 64.411 64.391 64.383 64.376 64.366 64.361 64.348 64.323 64.323 64.308 64.296 64.288 64.261 64.238 64.206 64.188 64.178
65.061 65.086 65.116 65.148 65.196 65.256 65.303 65.356 65.378 65.403 65.396 65.401 65.366 65.341 65.276 65.258 65.216 65.193 65.183 65.163 65.163 65.191 65.153 65.093 65.091 65.066 65.066 65.063 65.063 64.996 64.968 64.913 64.868 64.823 64.781 64.716 64.656 64.621 64.573 64.483 64.448 64.403 64.378 64.353 64.346 64.318 64.313 64.328 64.331 64.353 64.373 64.403 64.436 64.456 64.476 64.478 64.481 64.503 64.476 64.476 64.458 64.451 64.438 64.426 64.418 64.426 64.401 64.391 64.386 64.333 64.316 64.298 64.293
65.133 65.141 65.176 65.218 65.256 65.338 65.378 65.421 65.441 65.446 65.446 65.448 65.416 65.386 65.358 65.321 65.258 65.241 65.233 65.233 65.226 65.216 65.186 65.181 65.153 65.161 65.168 65.133 65.131 65.053 65.043 65.006 64.978 64.918 64.888 64.848 64.786 64.761 64.693 64.631 64.593 64.566 64.518 64.486 64.476 64.441 64.436 64.421 64.431 64.433 64.448 64.456 64.503 64.511 64.538 64.548 64.558 64.578 64.541 64.563 64.556 64.548 64.518 64.508 64.508 64.496 64.493 64.481 64.483 64.476 64.428 64.421 64.388
65.201 65.211 65.246 65.288 65.343 65.396 65.438 65.486 65.473 65.461 65.503 65.448 65.451 65.406 65.386 65.373 65.321 65.301 65.298 65.283 65.303 65.221 65.228 65.218 65.231 65.231 65.231 65.218 65.183 65.168 65.113 65.086 65.056 65.028 64.981 64.946 64.881 64.871 64.828 64.761 64.718 64.688 64.628 64.628 64.596 64.568 64.558 64.546 64.546 64.551 64.556 64.551 64.581 64.601 64.608 64.603 64.633 64.636 64.631 64.628 64.638 64.638 64.616 64.618 64.593 64.578 64.588 64.601 64.581 64.558 64.551 64.513 64.513
65.266 65.291 65.333 65.366 65.381 65.446 65.488 65.503 65.493 65.528 65.523 65.481 65.478 65.421 65.423 65.383 65.386 65.373 65.348 65.333 65.333 65.296 65.303 65.308 65.331 65.311 65.303 65.286 65.258 65.231 65.198 65.163 65.126 65.123 65.103 65.048 65.043 64.986 64.951 64.908 64.858 64.816 64.768 64.746 64.711 64.686 64.676 64.686 64.671 64.661 64.641 64.651 64.658 64.653 64.663 64.671 64.676 64.686 64.691 64.701 64.716 64.726 64.708 64.721 64.686 64.678 64.686 64.676 64.671 64.638 64.653 64.621 64.606
65.336 65.336 65.366 65.421 65.466 65.501 65.521 65.531 65.543 65.561 65.528 65.523 65.511 65.488 65.456 65.441 65.428 65.438 65.413 65.423 65.406 65.388 65.428 65.403 65.431 65.441 65.401 65.363 65.336 65.303 65.293 65.273 65.238 65.216 65.191 65.181 65.156 65.116 65.071 65.053 65.008 64.941 64.913 64.883 64.838 64.821 64.806 64.791 64.783 64.786 64.771 64.768 64.761 64.766 64.758 64.751 64.758 64.756 64.748 64.763 64.778 64.791 64.791 64.796 64.798 64.803 64.796 64.771 64.758 64.713 64.728 64.721 64.708
65.353 65.366 65.421 65.453 65.486 65.531 65.548 65.568 65.588 65.581 65.576 65.548 65.553 65.521 65.498 65.503 65.511 65.506 65.503 65.483 65.461 65.481 65.551 65.563 65.506 65.508 65.486 65.456 65.438 65.406 65.383 65.351 65.336 65.321 65.301 65.278 65.263 65.231 65.208 65.161 65.126 65.078 65.053 65.036 64.988 64.946 64.923 64.898 64.896 64.876 64.861 64.858 64.856 64.846 64.821 64.841 64.838 64.836 64.811 64.816 64.816 64.826 64.863 64.863 64.876 64.883 64.861 64.851 64.851 64.826 64.813 64.831 64.793
65.353 65.388 65.443 65.486 65.531 65.558 65.571 65.603 65.593 65.621 65.591 65.611 65.606 65.586 65.531 65.578 65.558 65.568 65.561 65.558 65.536 65.606 65.656 65.658 65.731 65.598 65.543 65.463 65.518 65.521 65.471 65.433 65.421 65.416 65.401 65.378 65.386 65.376 65.343 65.308 65.266 65.243 65.196 65.161 65.106 65.083 65.041 65.016 64.996 64.986 64.998 64.946 64.958 64.956 64.933 64.931 64.921 64.901 64.868 64.883 64.886 64.871 64.908 64.938 64.943 64.951 64.948 64.953 64.943 64.933 64.923 64.901 64.901
65.416 65.426 65.486 65.503 65.543 65.573 65.588 65.613 65.643 65.651 65.648 65.633 65.631 65.613 65.628 65.651 65.646 65.653 65.641 65.653 65.641 65.756 65.721 65.713 65.721 65.726 65.626 65.573 65.588 65.578 65.561 65.558 65.541 65.513 65.531 65.496 65.496 65.493 65.471 65.423 65.403 65.361 65.321 65.271 65.251 65.203 65.178 65.141 65.143 65.126 65.116 65.088 65.051 65.068 65.053 65.038 65.023 64.971 64.986 64.983 64.966 64.936 64.976 64.961 65.006 65.013 65.011 64.993 65.023 65.028 65.003 64.971 64.993
