data/LIDAR-DSM-2M-NZ24se/nz2941_DSM_2M.asc
ncols 500
nrows 500
xllcorner    429000
yllcorner    541000
cellsize     2
NODATA_value -9999
[rows 288 to 319 of 500, columns 0 to 72 of 500]
38.012 38.04 38.057 38.11 38.152 38.187 38.257 38.267 38.307 38.29 38.297 38.38 38.46 38.49 38.52 38.53 38.552 38.537 38.587 38.585 38.587 38.555 38.5 38.435 38.351 38.261 38.22 38.203 38.158 38.115 38.062 38.009 37.976 37.934 37.889 37.837 37.778 37.715 37.631 37.578 37.575 38.342 38.612 37.775 37.47 38.345 37.485 37.427 36.955 37.655 39.557 40.322 37.517 36.935 37.997 37.89 38.302 37.515 37.455 37.495 37.572 37.875 37.875 38.02 38.072 37.852 37.527 37.307 36.992 36.897 37.037 37.265 37.525
37.942 38.01 38.077 38.107 38.12 38.182 38.222 38.247 38.255 38.277 38.337 38.385 38.437 38.477 38.532 38.545 38.552 38.535 38.552 38.55 38.545 38.562 38.515 38.467 38.397 38.317 38.215 38.16 38.127 38.099 38.056 38.02 37.972 37.905 37.876 37.831 37.739 37.819 37.772 37.671 37.652 37.821 38.337 37.52 37.482 38.77 37.562 37.06 38.697 41.137 44.36 39.172 36.382 37.647 37.892 37.83 38.802 37.497 37.472 37.462 37.495 37.61 37.71 37.847 37.967 38.15 38.26 38.202 38.07 37.98 38.105 38.307 38.555
37.92 37.992 38.072 38.125 38.115 38.132 38.182 38.205 38.252 38.28 38.337 38.367 38.422 38.4 38.482 38.522 38.552 38.532 38.517 38.525 38.529 38.538 38.532 38.497 38.463 38.398 38.283 38.155 38.092 38.075 38.052 37.992 37.953 37.875 37.803 37.835 38.292 38.002 38.167 37.968 37.801 37.625 37.501 37.49 37.535 37.79 37.85 37.552 39.265 39.022 38.922 37.465 37.517 38.115 37.497 37.627 37.51 37.49 37.515 37.44 37.47 37.517 37.652 37.775 37.88 38.062 38.12 38.142 38.347 38.422 38.552 38.612 38.772
37.897 37.935 38.025 38.08 38.077 38.09 38.16 38.165 38.225 38.31 38.335 38.357 38.395 38.402 38.445 38.505 38.545 38.545 38.522 38.529 38.511 38.509 38.53 38.506 38.482 38.428 38.328 38.207 38.096 38.048 38.009 37.958 37.91 37.861 38.096 39.376 38.978 37.988 37.908 37.904 37.892 37.589 37.457 37.531 37.527 37.322 37.082 39.07 38.767 36.01 35.525 36.882 37.525 38.032 37.375 37.32 37.337 37.377 37.292 37.36 37.462 37.55 37.632 37.7 37.82 37.93 38.05 38.077 38.197 38.217 38.335 38.262 38.357
37.88 37.917 37.947 38.002 38.002 38.082 38.187 38.23 38.222 38.262 38.33 38.38 38.417 38.417 38.447 38.492 38.53 38.515 38.517 38.517 38.506 38.495 38.512 38.509 38.483 38.442 38.335 38.239 38.142 38.074 37.985 37.923 37.86 38.255 39.746 38.698 38.254 37.764 37.772 37.723 37.643 37.47 37.455 37.242 37.017 36.592 40.28 40.042 40.522 37.912 36.605 36.935 37.24 37.55 37.245 37.267 37.235 37.302 37.367 37.432 37.525 37.625 37.715 37.792 37.887 37.97 38.075 38.122 38.212 38.24 38.29 38.322 38.327
37.925 37.967 37.97 37.992 38.032 38.082 38.122 38.167 38.205 38.205 38.292 38.342 38.4 38.387 38.44 38.49 38.505 38.495 38.522 38.516 38.511 38.468 38.472 38.491 38.472 38.435 38.338 38.282 38.212 38.085 37.954 37.92 38.578 38.703 39.338 38.153 38.046 38.535 38.911 38.788 37.586 37.344 37.39 37.039 36.37 38.26 46.417 42.297 39.765 36.79 37.092 37.59 37.415 37.28 37.19 37.245 37.325 37.35 37.345 37.365 37.425 37.56 37.675 37.787 37.877 37.987 38.06 38.11 38.172 38.212 38.245 38.257 38.267
37.96 37.977 38.012 38.012 38.037 38.097 38.107 38.137 38.232 38.192 38.267 38.317 38.395 38.45 38.492 38.477 38.47 38.459 38.519 38.53 38.538 38.5 38.474 38.475 38.446 38.439 38.407 38.34 38.215 38.078 37.953 38.369 39.425 38.944 38.19 38.816 38.842 38.972 38.723 37.831 38.127 38.677 37.376 37.25 39.359 40.172 43.952 43.442 39.825 37.232 37.385 37.377 37.2 37.142 37.242 37.28 37.25 37.247 37.272 37.385 37.545 37.675 37.78 37.877 37.932 37.992 38.075 38.12 38.165 38.207 38.257 38.277 38.27
37.925 37.952 37.98 37.995 38.02 38.08 38.085 38.18 38.127 38.185 38.267 38.302 38.352 38.402 38.437 38.442 38.457 38.463 38.496 38.546 38.56 38.514 38.485 38.479 38.458 38.428 38.386 38.257 38.117 37.984 37.946 38.904 39.829 39.784 39.095 38.865 39.329 38.898 38.862 38.569 39.494 37.901 39.45 40.579 39.337 39.064 38.932 39.16 37.575 37.355 37.24 37.087 37.11 37.167 37.212 37.195 37.257 37.32 37.4 37.542 37.652 37.78 37.85 37.992 38.042 38.112 38.195 38.26 38.282 38.3 38.3 38.272 38.29
37.917 37.905 37.925 37.942 38.007 38.07 38.21 38.337 38.147 38.187 38.222 38.262 38.305 38.35 38.387 38.442 38.477 38.502 38.53 38.557 38.573 38.515 38.459 38.445 38.413 38.341 38.233 38.09 37.997 37.939 38.117 38.298 38.265 39.026 38.156 38.22 38.11 41.048 36.914 38.176 41.412 42.121 42.145 43.433 40.209 38.274 37.836 37.317 37.175 37.092 37.035 37.04 37.105 37.117 37.155 37.217 37.32 37.36 37.477 37.592 37.712 37.805 37.95 38.07 38.16 38.245 38.305 38.365 38.375 38.377 38.375 38.35 38.34
37.882 37.855 37.872 37.94 38.022 38.05 38.167 38.23 38.125 38.142 38.195 38.24 38.262 38.327 38.402 38.485 38.495 38.467 38.55 38.644 38.529 38.508 38.438 38.401 38.318 38.211 38.119 38.401 38.004 38.123 38.306 38.413 38.437 38.368 37.318 40.05 37.894 42.212 39.519 43.091 41.755 41.663 39.421 37.859 37.678 37.859 37.091 37.02 37 36.957 37.022 37.037 37.035 37.09 37.192 37.26 37.327 37.397 37.547 37.662 37.795 37.915 38.035 38.1 38.205 38.26 38.345 38.37 38.407 38.395 38.367 38.35 38.322
37.807 37.852 37.84 37.905 37.957 37.99 38.027 38.045 38.085 38.152 38.197 38.222 38.275 38.32 38.357 38.41 38.456 38.456 38.472 38.489 38.49 38.464 38.391 38.275 38.204 38.161 38.398 39.165 39.394 38.594 38.125 37.846 37.44 39.647 38.303 36.64 42.532 42.91 40.182 42.155 41.27 40.567 39.391 38.318 37.91 37.114 36.917 36.892 36.952 37 36.97 36.982 37.032 37.107 37.192 37.282 37.39 37.51 37.597 37.747 37.852 37.957 38.062 38.125 38.202 38.297 38.36 38.385 38.417 38.39 38.375 38.337 38.305
37.792 37.815 37.82 37.86 37.922 37.952 38 38.042 38.07 38.122 38.18 38.217 38.265 38.287 38.304 38.39 38.413 38.42 38.45 38.45 38.439 38.374 38.277 38.19 38.177 38.472 39.055 38.729 39.258 37.827 37.103 36.363 36.087 37.308 40.661 42.402 39.837 39.491 40.669 41.403 41.705 41.515 40.689 39.356 37.716 36.948 36.875 36.97 36.975 36.96 36.947 36.97 37.06 37.122 37.207 37.347 37.512 37.602 37.677 37.787 37.895 37.992 38.125 38.195 38.295 38.325 38.385 38.402 38.422 38.347 38.372 38.305 38.282
37.785 37.795 37.83 37.872 37.91 37.965 38.005 38.042 38.1 38.135 38.17 38.207 38.234 38.272 38.315 38.356 38.368 38.356 38.396 38.391 38.344 38.26 38.147 38.138 38.135 39.021 40.323 39.523 37.776 36.895 36.289 36.009 36.58 39.68 40.142 42.949 39.881 39.773 43.662 39.989 40.352 40.162 38.476 38.115 37.221 36.931 36.932 36.942 36.927 36.902 36.935 36.98 37.097 37.217 37.327 37.442 37.517 37.612 37.725 37.827 37.935 38.02 38.165 38.215 38.285 38.345 38.382 38.402 38.385 38.37 38.332 38.297 38.235
37.8 37.8 37.837 37.88 37.925 37.982 38.025 38.05 38.085 38.127 38.147 38.197 38.245 38.297 38.336 38.311 38.318 38.354 38.359 38.291 38.219 38.117 38.076 38.148 39.104 40.202 38.399 39.893 39.302 36.258 35.546 35.573 37.369 38.102 38.249 38.367 41.245 38.335 40.696 40.513 40.635 38.693 37.666 37.301 36.941 36.856 36.843 36.867 36.862 36.892 36.945 37.005 37.132 37.267 37.35 37.452 37.55 37.625 37.73 37.845 37.94 38.072 38.152 38.22 38.31 38.332 38.38 38.402 38.397 38.37 38.335 38.297 38.245
37.815 37.857 37.915 37.927 37.952 37.97 38.01 38.062 38.087 38.134 38.162 38.176 38.232 38.287 38.303 38.289 38.301 38.298 38.222 38.137 38.067 38.341 39.118 38.331 39.78 39.971 38.323 42.286 40.807 36.7 35.252 35.699 36.331 36.697 37.234 37.138 37.039 38.823 39.248 40.086 39.586 37.592 36.83 36.742 36.721 36.698 36.695 36.762 36.81 36.857 36.98 37.072 37.172 37.282 37.36 37.415 37.492 37.642 37.75 37.875 37.997 38.082 38.202 38.262 38.34 38.39 38.41 38.38 38.38 38.352 38.327 38.297 38.287
37.822 37.897 37.927 37.947 37.962 37.995 38.062 38.055 38.077 38.117 38.176 38.233 38.281 38.32 38.293 38.286 38.242 38.145 38.108 38.035 38.209 39.821 39.303 38.162 39.251 42.221 40.484 42.805 41.981 36.351 35.335 35.683 36.419 37.126 37.063 37.03 36.985 36.948 36.951 36.772 37.758 37.138 36.688 36.685 36.698 36.702 36.739 36.77 36.862 36.942 37.012 37.082 37.15 37.23 37.32 37.412 37.5 37.592 37.72 37.84 37.967 38.052 38.14 38.242 38.277 38.35 38.375 38.365 38.365 38.335 38.335 38.332 38.302
37.842 37.865 37.882 37.915 37.975 38.03 38.07 38.097 38.106 38.11 38.161 38.232 38.278 38.291 38.258 38.217 38.115 38.062 38.009 38.164 38.532 38.633 39.612 39.213 39.78 41.71 41.755 42.905 44.612 41.557 42.465 36.434 36.843 37.033 37.019 36.984 36.979 36.84 36.737 36.704 36.678 36.653 36.644 36.637 36.682 36.706 36.772 36.825 36.892 36.917 36.997 37.055 37.105 37.172 37.285 37.385 37.477 37.592 37.697 37.785 37.887 37.99 38.082 38.147 38.192 38.26 38.272 38.322 38.305 38.295 38.302 38.332 38.297
37.855 37.9 37.945 37.972 38.012 38.062 38.11 38.136 38.166 38.172 38.187 38.208 38.23 38.226 38.178 38.07 38.018 37.998 38.051 38.242 38.462 38.71 39.341 39.337 39.652 41.102 41.727 39.947 40.213 44.217 41.021 36.759 37.025 37.022 37.006 36.966 36.862 36.768 36.666 36.649 36.618 36.583 36.594 36.62 36.653 36.689 36.764 36.815 36.887 36.93 36.947 37.005 37.082 37.155 37.265 37.332 37.425 37.532 37.645 37.707 37.805 37.885 37.967 38.032 38.105 38.155 38.187 38.215 38.237 38.262 38.27 38.28 38.28
37.88 37.937 37.975 37.99 38.032 38.095 38.179 38.198 38.226 38.226 38.223 38.182 38.193 38.133 38.062 37.982 37.95 38.054 39.495 39.727 38.914 38.743 40.06 41.264 41.839 41.468 43.246 40.238 43.536 40.06 41.283 37.276 37.026 37.005 36.931 36.92 36.712 36.664 36.629 36.572 36.54 36.559 36.592 36.633 36.679 36.705 36.767 36.817 36.84 36.877 36.912 36.987 37.047 37.147 37.192 37.277 37.367 37.455 37.565 37.605 37.717 37.795 37.872 37.912 37.972 38.032 38.045 38.09 38.125 38.172 38.167 38.207 38.22
37.883 37.964 37.998 38.017 38.037 38.119 38.207 38.233 38.256 38.223 38.167 38.157 38.145 38.048 37.981 37.931 38.016 38.536 40.09 39.86 38.879 38.731 39.696 40.77 41.842 42.548 40.399 42.829 37.264 40.061 40.945 38.391 37.138 37.032 36.897 36.761 36.674 36.6 36.545 36.533 36.536 36.572 36.606 36.689 36.702 36.721 36.76 36.787 36.797 36.845 36.917 36.967 37.042 37.127 37.205 37.24 37.322 37.39 37.455 37.545 37.615 37.677 37.735 37.827 37.867 37.87 37.917 37.962 38.047 38.08 38.117 38.15 38.157
37.874 37.978 38.011 38.004 38.028 38.076 38.152 38.185 38.179 38.151 38.109 38.109 38.075 37.978 37.969 38.018 38.292 38.572 38.89 38.803 38.412 38.49 38.878 41.389 42.199 40.232 40.666 39.2 38.511 39.918 41.563 41.96 40.085 36.865 36.751 36.707 36.608 36.536 36.527 36.556 36.588 36.616 36.642 36.679 36.691 36.736 36.747 36.79 36.855 36.872 36.94 37.015 37.055 37.135 37.192 37.262 37.34 37.397 37.47 37.507 37.575 37.65 37.702 37.767 37.792 37.845 37.892 37.942 38.007 38.04 38.075 38.08 38.142
37.77 37.883 37.929 37.922 37.944 37.991 38.037 38.072 38.085 38.051 38.017 38.019 38.012 37.987 38.207 38.444 38.486 39.618 38.88 38.597 38.294 38.143 37.956 39.795 42.063 41.381 35.928 37.181 41.218 40.282 41.77 42.047 38.568 36.796 36.758 36.657 36.562 36.524 36.558 36.574 36.633 36.668 36.67 36.657 36.66 36.695 36.717 36.79 36.857 36.902 36.955 37.015 37.06 37.13 37.18 37.242 37.312 37.37 37.445 37.472 37.56 37.615 37.675 37.72 37.735 37.792 37.847 37.89 37.93 37.95 38.007 38.027 38.065
37.699 37.768 37.843 37.883 37.909 37.951 37.97 37.988 38.021 38 37.998 37.99 38.012 38.287 38.592 38.758 39.342 40.254 38.852 38.589 37.95 37.238 37.199 41.108 39.943 39.052 37.774 38.844 36.821 37.644 37.617 38.377 37.782 36.796 36.714 36.64 36.565 36.528 36.573 36.628 36.682 36.673 36.65 36.63 36.642 36.675 36.742 36.79 36.87 36.925 36.967 37.04 37.087 37.11 37.217 37.265 37.327 37.375 37.437 37.46 37.532 37.62 37.652 37.712 37.745 37.797 37.835 37.862 37.917 37.94 37.967 38.02 38.052
38.271 37.736 37.784 37.838 37.922 37.947 37.968 38.005 38.054 38.045 38.018 38.047 38.19 38.501 38.66 39.107 40.785 39.983 38.364 38.068 36.903 36.819 38.076 39.145 37.742 37.506 37.281 37.79 37.169 36.872 38.771 41.072 38.695 36.751 36.661 36.599 36.568 36.564 36.618 36.668 36.673 36.666 36.66 36.667 36.717 36.795 36.912 36.912 36.995 37.047 37.082 37.15 37.205 37.257 37.33 37.392 37.42 37.462 37.53 37.575 37.657 37.717 37.78 37.827 37.882 37.937 37.977 37.98 38.057 38.105 38.117 38.16 38.2
38.719 37.851 37.802 37.87 37.919 37.977 37.984 37.997 38.031 38.036 38.5 38.845 38.609 38.604 38.994 39.525 39.104 38.359 37.708 36.881 36.002 37.17 38.936 37.833 36.451 38.571 38.502 40.569 38.692 39.024 38.833 39.594 36.955 36.708 36.663 36.628 36.575 36.604 36.642 36.628 36.629 36.675 36.769 36.845 36.967 37.017 36.992 37.035 37.047 37.112 37.175 37.212 37.352 37.38 37.357 37.45 37.44 37.575 37.655 37.712 37.727 37.877 37.89 37.945 38 38.077 38.092 38.112 38.107 38.185 38.26 38.262 38.242
38.21 39.133 38.126 37.935 37.956 37.981 38.017 38.048 38.517 39.133 38.978 39.592 39.665 38.648 39.522 39.776 37.888 37.215 36.448 35.955 35.635 35.855 37.638 35.829 37.248 37.775 38.971 38.353 37.837 37.46 37.167 37.739 36.723 36.698 36.671 36.623 36.567 36.574 36.577 36.583 36.616 36.73 37.135 39.702 37.6 36.872 36.985 37.507 37.03 39.72 39.367 37.502 37.017 37.272 37.887 38.142 37.875 37.482 37.807 37.217 37.297 37.395 37.477 37.495 37.557 37.462 37.435 37.445 37.475 37.455 37.447 37.395 37.295
38.164 38.539 38.181 38.845 38.006 37.984 38.045 38.249 39.706 39.131 38.258 38.25 38.501 38.204 38.04 37.455 36.635 36.142 35.837 35.577 35.324 35.277 35.906 36.639 37.269 38.055 37.702 37.036 36.983 36.782 37.639 37.415 36.736 36.706 36.657 36.616 36.584 36.548 36.507 36.566 36.65 36.822 36.997 38.57 37.655 36.547 36.557 37.2 36.66 37.61 38.13 37.002 36.537 37.02 36.69 36.837 36.702 37.655 36.645 36.52 36.597 36.702 36.867 36.797 36.692 36.615 36.577 36.555 36.545 36.545 36.507 36.505 36.455
37.682 38.164 40.2 40.232 38.271 38.077 38.08 38.321 38.83 38.106 38.069 38.09 37.719 37.121 36.478 35.996 37.009 38.517 35.992 35.5 35.356 36.287 36.701 37.491 37.763 37.324 36.915 36.886 36.784 36.994 37.266 36.64 36.689 36.649 36.62 36.608 36.57 36.447 36.477 36.592 36.552 36.677 36.74 36.505 36.39 36.395 36.387 36.372 36.39 36.385 36.4 36.352 36.405 36.36 36.35 36.37 37.617 37.997 36.312 36.21 36.257 36.387 36.482 36.407 36.42 36.395 36.377 36.375 36.39 36.382 36.377 36.357 36.345
37.203 37.78 38.943 38.253 38.232 38.974 38.594 38.056 37.994 37.91 37.993 38.004 36.668 36.76 36.787 38.731 41.314 41.48 37.507 35.686 36.155 36.984 37.688 37.834 37.257 37.016 36.796 36.654 36.679 36.652 36.614 36.697 36.658 36.582 36.602 36.598 36.542 36.46 36.535 36.607 36.362 36.495 36.672 36.542 36.42 36.425 36.395 36.38 36.36 36.375 36.385 36.35 36.372 36.357 36.377 36.397 38.892 37.882 36.33 36.2 36.215 36.262 36.355 36.37 36.382 36.365 36.39 36.405 36.402 36.415 36.415 36.4 36.372
36.384 37.022 37.55 37.891 37.793 38.155 37.639 37.364 37.081 37.008 37.409 36.648 37.371 39.218 38.137 39.67 39.557 37.706 36.06 36.287 36.884 37.591 37.646 37.209 36.861 36.751 36.607 36.619 36.55 36.572 36.589 36.618 36.61 36.548 36.584 36.558 36.52 36.495 36.612 36.662 36.48 36.502 36.745 36.545 36.41 36.407 36.327 36.337 36.325 36.34 36.377 36.365 36.345 36.33 36.372 36.557 37.632 37.455 36.402 36.307 36.227 36.23 36.292 36.282 36.287 36.33 36.362 36.377 36.387 36.392 36.367 36.34 36.33
36.384 36.093 36.38 37.286 36.63 36.836 36.615 36.309 36.255 36.128 36.522 37.623 38.898 38.174 35.541 34.963 36.618 36.083 36.246 36.869 37.404 37.112 36.545 36.515 36.544 36.52 36.581 36.51 36.475 36.522 36.556 36.558 36.528 36.537 36.517 36.487 36.48 36.517 36.637 36.625 36.522 36.385 36.657 36.555 36.412 36.397 36.337 36.33 36.33 36.322 36.362 36.372 36.34 36.342 36.377 36.582 37.372 37.652 36.43 36.272 36.22 36.222 36.27 36.31 36.32 36.352 36.355 36.345 36.337 36.337 36.352 36.3 36.325
36.801 36.01 36.092 36.192 36.164 35.49 35.46 36.889 36.663 36.044 36.342 35.117 34.985 35.306 35.034 35.276 35.992 36.43 36.901 36.958 36.73 36.271 36.246 36.296 36.359 36.494 36.478 36.457 36.481 36.501 36.531 36.498 36.472 36.498 36.507 36.497 36.467 36.547 36.69 36.432 36.245 36.215 36.522 36.542 36.465 36.477 36.425 36.365 36.335 36.272 36.292 36.327 36.315 36.262 36.275 36.385 37.13 37.777 36.405 36.262 36.202 36.157 36.25 36.292 36.322 36.292 36.297 36.302 36.3 36.295 36.33 36.285 36.312
