data/LIDAR-DSM-2M-NZ24se/nz2943_DSM_2M.asc
ncols 500
nrows 500
xllcorner    429000
yllcorner    543000
cellsize     2
NODATA_value -9999
[rows 96 to 127 of 500, columns 288 to 359 of 500]
79.075 79.428 79.253 79.52 79.64 79.708 79.76 79.76 79.793 79.78 79.765 79.775 79.795 79.763 79.775 79.793 79.833 79.85 79.883 79.92 79.953 79.923 79.938 79.938 79.93 79.998 80.073 80.203 80.515 80.578 81.125 81.473 81.385 81.305 81.343 81.36 81.32 81.393 81.413 81.483 81.408 81.265 81.12 81.68 81.213 81.445 81.665 82.193 82.945 83.293 83.36 83.453 83.278 82.86 83.94 83.168 83.438 82.195 81.735 81.715 81.7 82.243 82.145 81.808 81.763 81.765 82.023 81.778 81.728 81.73 81.91 81.813
79.128 79.198 79.318 79.575 79.668 79.758 79.778 79.845 79.85 79.825 79.785 79.805 79.828 79.825 79.843 79.855 79.888 79.9 79.89 79.92 79.955 79.988 80.02 79.968 79.988 80.04 80.113 80.37 81.135 80.87 81.35 81.458 81.363 81.333 81.348 81.365 81.37 81.413 81.463 81.493 81.328 81.195 81.068 81.265 81.393 81.608 81.885 82.613 83.173 83.343 83.415 83.5 83.893 83.673 84.89 84.588 83.6 84.765 83.828 83.068 82.928 81.923 81.93 82.118 82.215 82.068 82.063 81.818 81.76 81.775 81.785 81.945
80.53 79.615 79.335 79.628 79.76 79.808 79.848 79.888 79.888 79.88 79.875 79.885 79.888 79.89 79.898 79.908 79.913 79.92 79.92 79.933 79.968 80.018 80.055 80.033 80.048 80.115 80.218 80.478 80.733 81.213 81.445 81.43 81.363 81.353 81.388 81.365 81.395 81.458 81.56 81.443 81.238 81.11 81.05 81.113 81.523 81.91 82.405 83.03 83.385 83.355 83.365 84.065 85.013 83.285 83.183 82.658 82.57 82.635 83.058 83.65 84.275 84.118 84.45 83.01 82.73 82.8 82.76 82.303 82.03 81.928 81.883 82.248
81.658 79.548 79.435 79.725 79.845 79.895 79.943 79.955 79.915 79.928 79.935 79.943 79.935 79.933 79.968 79.94 79.928 79.95 79.975 79.97 80.013 80.063 80.075 80.09 80.128 80.25 80.383 80.505 80.938 81.423 81.47 81.388 81.365 81.398 81.413 81.415 81.448 81.493 81.493 81.475 81.263 81.103 81.098 81.243 81.96 82.483 82.985 83.27 83.63 83.358 83.553 84.915 83.735 82.478 82.408 82.23 82.078 82.19 82.428 82.46 83.048 83.14 83.465 82.998 82.833 82.713 83.52 82.778 82.695 83.805 82.285 82.065
80.5 79.288 79.643 79.805 79.885 79.948 79.975 80.018 79.998 79.99 79.978 79.948 79.965 79.985 79.978 79.968 79.963 80.025 80.048 80.033 80.058 80.095 80.155 80.178 80.215 80.353 80.59 80.678 81.308 81.488 81.46 81.388 81.395 81.423 81.418 81.438 82.988 81.858 81.49 81.415 81.285 81.14 81.12 81.585 82.378 82.863 83.193 83.3 83.39 83.343 84.383 84.975 82.445 82.013 82.058 81.99 82.008 82.03 82.35 82.365 82.575 83.11 82.84 83.153 84.31 85.57 90.11 87.348 84.95 82.913 82.825 82.758
79.19 79.493 79.765 79.878 79.928 79.983 80.02 80.008 80.038 80.01 79.998 79.998 80.013 80.03 80.01 80.023 80.043 80.055 80.075 80.09 80.108 80.138 80.205 80.25 80.32 80.608 80.51 81.118 81.54 81.483 81.403 81.445 81.435 81.415 81.4 81.463 83.925 81.605 81.543 81.358 81.208 81.175 81.558 82.155 82.648 83.228 83.363 83.79 83.278 83.435 84.513 84.053 82.055 81.983 81.948 81.953 82.005 82.018 82.24 82.565 82.695 82.705 82.945 82.91 87.333 88.57 91.78 92.073 92.198 91.725 84.038 82.853
79.44 79.77 79.87 79.923 79.988 80.04 80.058 80.055 80.053 80.078 80.04 80.055 80.07 80.09 80.09 80.073 80.108 80.115 80.115 80.118 80.13 80.203 80.283 80.295 80.525 81.153 80.945 81.338 81.555 81.455 81.455 81.48 81.44 81.405 81.483 81.528 81.595 81.563 81.458 81.223 81.173 81.24 82.278 82.545 83.145 84.633 84.243 84.23 84.428 84.36 84.613 82.753 82.005 81.98 81.93 81.953 82.035 82.045 82.088 82.148 82.45 82.76 83.115 82.995 89.833 91.518 91.908 92.135 92.203 91.835 85.768 84.595
79.66 79.868 79.938 79.973 80.038 80.063 80.078 80.108 80.095 80.1 80.128 80.135 80.143 80.128 80.135 80.13 80.183 80.17 80.145 80.153 80.165 80.255 80.398 80.443 80.64 81.055 81.008 81.583 81.573 81.483 81.528 81.47 81.45 81.433 81.515 81.595 81.645 81.435 81.238 81.143 81.18 81.538 82.16 82.678 83.54 83.758 82.338 83.893 84.54 84.62 83.838 82.313 82.008 81.978 81.963 81.998 82.04 82.058 82.095 82.113 82.73 83.948 83.908 84.053 91.12 91.675 92.01 92.183 92.188 92.035 91.755 90.12
79.8 79.955 79.993 80.02 80.105 80.128 80.138 80.165 80.148 80.168 80.193 80.208 80.203 80.19 80.208 80.225 80.215 80.233 80.228 80.233 80.29 80.47 81.01 80.68 80.823 81.448 81.408 81.62 81.54 81.51 81.51 81.498 81.45 81.503 81.6 81.63 81.868 82.92 81.35 81.158 81.275 81.943 82.313 82.74 82.57 82.295 82.09 82.088 82.335 83.42 83.69 82.075 81.993 81.948 81.973 82.028 82.025 82.073 82.103 82.198 82.945 84.158 84.143 88.2 91.353 91.818 92.093 92.208 92.17 91.97 91.59 91.035
79.935 80.048 80.11 80.15 80.185 80.23 80.253 80.203 80.225 80.258 80.263 80.248 80.27 80.273 80.28 80.258 80.263 80.303 80.318 80.348 80.398 80.76 81.113 80.883 80.885 81.318 81.633 81.573 81.51 81.543 81.53 81.51 81.508 81.593 81.675 81.62 81.508 81.375 81.223 81.208 81.698 82.12 82.41 82.563 82.288 82.048 82.053 82.063 82.083 82.103 82.625 82.063 81.973 81.955 81.988 82.038 82.053 82.063 82.095 82.308 83.398 84.225 84.038 88.983 91.523 91.928 92.155 92.243 92.123 91.868 91.438 87.825
80.09 80.165 80.203 80.225 80.258 80.283 80.323 80.298 80.315 80.355 80.318 80.29 80.29 80.285 80.33 80.313 80.295 80.368 80.375 80.413 80.48 81.028 81.205 81.25 81.023 81.48 81.628 81.525 81.508 81.583 81.57 81.515 81.57 81.648 82.213 84.65 85.323 82.37 81.243 82.943 83.255 82.205 82.32 82.583 82.085 81.988 82.028 82.025 82.053 82.165 83.215 83.28 82.583 81.968 81.998 82.023 82.035 82.078 82.143 82.58 83.74 84.25 84.873 91.148 91.668 92.013 92.195 92.21 92.055 91.743 91.265 85.568
80.233 80.263 80.323 80.353 80.37 80.375 80.385 80.358 80.405 80.423 80.375 80.335 80.353 80.345 80.368 80.39 80.403 80.41 80.42 80.455 80.618 80.845 81.045 81.043 81.325 81.58 81.64 81.528 81.58 81.585 81.553 81.583 81.62 81.685 81.86 84.535 88.475 81.293 81.363 82.68 82.68 82.275 82.505 82.07 81.98 81.97 81.983 81.993 82.013 82.253 82.868 82.525 82.11 82.023 82.008 82.01 82.073 82.095 82.195 82.723 83.95 84.12 88.585 91.343 91.788 92.078 92.213 92.175 91.973 91.593 91.048 84.303
80.355 80.373 80.418 80.448 80.463 80.455 80.443 80.463 80.475 80.485 80.443 80.43 80.43 80.425 80.428 80.465 80.493 80.505 80.493 80.503 80.638 80.81 81.258 81.328 81.46 81.635 81.598 81.545 81.613 81.59 81.535 81.635 81.695 81.718 81.593 83.168 83.585 81.323 81.52 82.165 82.218 82.498 82.483 82.14 81.975 82.028 81.975 82.005 82.015 82.025 82.023 82.028 82.023 82.015 82.01 82.013 82.08 82.105 82.433 83.343 84.258 84.1 90.425 91.503 91.915 92.153 92.235 92.138 91.863 91.445 87.633 82.685
80.475 80.493 80.51 80.55 80.555 80.57 80.533 80.58 80.573 80.545 80.5 80.51 80.503 80.518 80.503 80.513 80.525 80.56 80.543 80.558 80.725 80.99 81.663 81.45 81.678 81.64 81.578 81.6 81.593 81.568 81.593 81.663 81.758 81.643 81.55 81.54 81.715 81.475 81.928 82.15 82.233 82.453 82.25 82.105 82 82.798 82.618 81.97 81.99 81.988 82.018 82.033 82.043 82.013 82.033 82.06 82.065 82.178 82.573 83.558 84.138 85.17 91.14 91.683 92.018 92.18 92.215 92.073 91.753 91.288 84.933 83.3
80.745 80.833 80.715 80.67 80.668 80.645 80.66 80.688 80.663 80.628 80.603 80.578 80.593 80.588 80.54 80.543 80.583 80.57 80.555 80.705 81.028 81.043 81.19 81.58 81.715 81.635 81.623 81.653 81.603 81.57 81.653 81.693 81.675 81.615 81.638 81.435 81.603 81.7 82.113 82.235 83.503 82.318 82.173 82.155 82.355 84.025 82.2 81.98 81.97 82 82.028 82.045 82.023 82.025 82.035 82.05 82.095 82.338 82.848 84.128 84.158 86.64 91.355 91.79 92.09 92.21 92.178 91.983 91.628 90.958 83.208 84.08
81.003 81.05 81.013 80.9 80.768 80.773 80.81 80.8 80.78 80.733 80.723 80.693 80.68 80.625 80.628 80.658 80.673 80.643 80.703 80.91 81.505 81.393 81.485 81.77 81.69 81.598 81.618 81.645 81.6 81.635 81.713 81.73 81.818 81.63 81.92 81.448 81.528 82.028 82.205 82.253 87.94 90.063 86.755 84.035 83.343 82.385 82.02 82.018 82.048 82.165 82.003 82.063 82.02 82.043 82.038 82.038 82.083 82.458 83.378 84.275 84.058 89.765 91.505 91.905 92.153 92.223 92.133 91.878 91.465 89.183 82.688 84.6
81.058 81.178 81.163 81.093 80.933 80.938 80.948 80.918 80.883 80.845 80.808 80.805 80.775 80.733 80.738 80.75 80.753 80.775 80.885 81.053 81.338 81.453 81.74 81.748 81.643 81.598 81.655 81.63 81.63 81.71 81.785 81.71 81.81 81.603 81.443 81.47 84.56 82.835 82.213 84.15 89.805 90.255 90.558 90.393 87.955 83.35 82.168 82.1 82.235 82.313 82.095 82.018 82.023 82.025 82.195 82.253 82.163 82.673 83.848 84.373 85.933 91.135 91.663 92.003 92.205 92.223 92.073 91.76 91.275 86.783 82.495 82.665
81.065 81.183 81.198 81.128 81.07 81.118 81.095 81.065 81.033 80.965 80.88 80.89 80.863 80.838 80.845 80.828 80.855 80.933 81.123 81.265 81.18 81.6 81.84 81.723 81.703 81.668 81.678 81.645 81.67 81.748 81.79 81.733 81.578 81.555 81.503 81.645 81.973 82.273 82.628 89.155 90.07 90.433 90.68 90.783 90.715 89.123 86.505 82.5 82.183 82.175 82.073 81.983 81.995 82.048 82.545 82.615 82.795 83.535 83.395 83.315 87.883 91.335 91.79 92.095 92.223 92.18 92.005 91.615 90.315 84.158 82.495 82.49
80.923 81.068 81.118 81.2 81.4 81.268 81.305 81.383 81.308 81.185 81.048 81.01 80.935 80.943 80.973 80.94 80.965 81.058 81.27 81.425 81.423 81.743 81.775 81.708 81.723 81.718 81.675 81.688 81.745 81.758 81.765 81.85 81.545 81.563 81.653 81.865 82.163 82.243 84.965 89.858 90.285 90.565 90.725 90.753 90.628 90.375 89.963 84.238 82.04 81.99 81.958 81.983 81.99 82.11 82.558 82.585 83.063 84.163 84.178 83.218 89.505 91.51 91.91 92.158 92.235 92.15 91.905 91.48 88.185 82.488 82.51 82.51
80.923 81.003 81.068 81.163 81.295 81.488 81.475 81.563 81.548 81.49 81.383 81.23 81.103 81.1 81.08 81.053 81.075 81.128 81.268 81.423 81.685 81.833 81.74 81.695 81.763 81.723 81.663 81.743 81.805 81.803 81.813 81.753 81.688 81.583 81.698 82.083 82.215 82.395 88.83 90.11 90.46 90.665 90.765 90.698 90.503 90.178 89.67 82.12 82.023 81.975 81.973 81.985 82.025 82.028 82.085 82.29 83.46 84.2 83.803 84.715 91.13 91.663 92.015 92.193 92.228 92.083 91.775 91.293 85.79 82.818 82.553 82.503
80.945 81.023 81.1 81.145 81.225 81.353 81.493 81.805 81.648 81.683 81.62 81.533 81.378 81.235 81.255 81.255 81.255 81.278 81.385 81.6 81.79 81.78 81.68 81.72 81.748 81.708 81.718 81.758 81.793 81.808 81.738 81.678 81.74 81.775 82.038 82.218 82.255 86.603 89.895 90.34 90.61 90.75 90.76 90.633 90.35 89.913 85.878 82.045 81.998 81.94 81.98 81.983 82.018 82.043 82.098 82.44 84.048 83.813 83.408 88.048 91.328 91.795 92.08 92.218 92.19 92 91.628 91.078 83.993 83.425 82.71 82.5
80.99 81.025 81.083 81.173 81.248 81.348 81.423 81.593 81.723 81.848 81.848 81.813 82.22 81.783 81.585 81.553 81.498 81.51 81.523 81.755 81.845 81.738 81.678 81.73 81.748 81.7 81.79 81.815 81.813 81.768 81.713 81.645 81.578 81.748 82.235 82.283 83.215 89.293 90.153 90.498 90.708 90.778 90.708 90.483 90.13 88.98 82.608 82.05 81.973 81.928 81.955 82.01 82.048 82.063 82.095 82.95 84.283 83.383 83.165 88.643 91.475 91.905 92.133 92.228 92.14 91.89 91.483 89.405 82.96 83.203 82.45 82.453
81.185 81.155 81.113 81.23 81.313 81.36 81.438 81.528 81.625 81.74 81.84 82.028 84.203 82.998 81.943 81.86 81.76 82.21 81.978 81.93 81.833 81.753 81.77 81.738 81.743 81.773 81.84 81.853 81.835 81.705 81.655 81.585 81.633 82.085 82.273 82.338 86.463 89.925 90.348 90.618 90.78 90.768 90.598 90.318 89.878 85.96 82.288 82.01 81.933 81.915 81.968 82.01 82.038 82.088 82.2 83.923 84.073 83.118 89.575 91.698 91.783 91.978 92.165 92.19 92.048 91.76 91.293 85.93 82.995 82.985 82.588 82.518
82.065 81.898 81.575 81.318 81.32 81.385 81.475 81.543 81.613 81.675 81.778 81.92 82.38 82.228 82.143 82.035 81.923 81.965 81.96 81.915 81.81 81.778 81.78 81.78 81.738 81.838 81.865 81.968 81.815 81.655 81.58 81.703 81.868 82.35 82.263 83.183 89.278 90.155 90.498 90.703 90.76 90.695 90.488 90.115 88.765 83.66 82.195 81.995 81.935 81.923 81.97 82.008 82.053 82.075 82.633 84.205 83.51 85.968 92.123 92.275 92.43 92.495 92.453 92.158 91.973 91.633 91.095 84.315 82.723 83.195 82.77 82.675
81.875 82.405 82.418 82.11 81.63 81.45 81.47 81.538 81.648 81.718 81.788 81.903 82 82.083 82.11 82.078 81.985 81.945 81.903 81.858 81.815 81.793 81.79 81.758 81.798 81.843 82.043 82.71 81.923 81.853 81.62 81.715 82.238 82.295 82.37 87.885 89.965 90.365 90.64 90.748 90.745 90.593 90.315 89.858 84.775 82.86 82.038 81.968 81.918 81.955 81.993 82.215 82.263 82.093 83.178 84.308 83.188 89.503 92.173 92.335 92.618 93.013 93.538 93.958 93.61 92.86 88.625 82.838 82.72 83.38 83.075 82.498
81.568 81.735 82.12 82.54 82.49 82.105 81.72 81.64 81.68 81.73 81.788 81.988 81.933 81.953 81.98 82.018 82.023 81.963 81.865 81.81 81.82 81.853 81.828 81.78 81.885 81.895 82.253 82.41 82.813 82.448 82.405 81.97 82.255 82.26 83.58 89.718 90.2 90.528 90.705 90.77 90.675 90.453 90.083 89.138 83.245 82.278 82 81.965 81.945 81.94 82.015 82.525 83.208 82.688 83.698 83.945 83.238 91.32 92.215 92.428 92.733 93.175 93.705 94.17 94.525 94.783 93.88 83.938 82.615 82.558 82.505 82.528
81.655 81.758 81.84 81.943 82.305 82.32 82.268 82.113 81.825 81.805 82.01 81.89 81.948 81.943 81.908 81.913 81.925 81.868 81.835 81.803 81.858 81.833 81.805 81.825 81.945 82.163 82.73 83.1 83.405 83.503 82.253 82.265 82.293 82.258 87.683 90 90.38 90.635 90.765 90.733 90.585 90.27 89.813 85.095 83.24 82.133 81.98 81.953 81.958 81.97 82.015 82.025 82.078 82.585 83.42 83.083 85.245 92.118 92.273 92.533 92.885 93.355 93.863 94.303 94.625 94.833 94.823 87.338 85.688 83.135 82.54 82.538
81.76 81.855 81.9 81.85 81.825 81.915 81.963 82.273 82.455 82.288 82.083 82.005 81.965 81.965 81.928 81.893 81.868 81.825 81.853 81.848 81.84 81.82 81.81 81.905 82.06 82.495 82.99 84.205 83.888 83.693 82.35 82.335 82.293 84.69 89.445 90.233 90.548 90.733 90.763 90.655 90.43 90.048 86.663 83.275 82.763 82.055 81.965 81.933 81.98 82.005 82.015 82.053 82.1 83.018 84.23 83.845 89.85 92.158 92.353 92.63 93.015 93.523 94.023 94.42 94.718 94.893 94.075 91.45 91.28 91.065 88.848 86.955
81.72 81.818 81.813 81.895 81.91 81.885 81.868 81.825 81.988 82.423 82.503 82.248 82.098 82.013 81.938 81.908 81.885 81.85 81.83 81.858 81.833 81.785 81.865 81.963 82.333 82.623 83.218 83.718 83.753 82.848 82.39 82.318 82.77 87.75 90.03 90.428 90.66 90.778 90.745 90.563 90.228 89.76 83.978 83.133 82.375 82.013 81.958 81.948 81.983 82.023 82.02 82.098 82.215 83.148 84.268 83.92 91.645 92.205 92.42 92.745 93.17 93.688 94.15 94.525 94.803 94.943 93.49 91.868 91.763 91.638 91.46 91.265
81.718 81.795 81.833 81.918 81.943 81.968 81.973 81.918 81.865 81.97 82.318 82.645 82.253 82.043 81.93 81.913 81.903 81.86 81.863 81.913 81.845 81.83 81.95 82.27 82.835 82.688 84.155 83.74 83.473 82.428 82.378 82.268 84.373 89.8 90.263 90.568 90.718 90.768 90.665 90.413 89.995 87.108 82.173 82.093 82.033 82 81.955 81.965 82.013 82.098 82.75 82.26 82.368 83.563 84.163 85.205 92.123 92.273 92.52 92.873 93.343 93.855 94.3 94.618 94.848 94.728 92.383 92.113 92.073 91.99 91.888 91.773
81.785 81.84 81.86 81.908 81.898 81.91 81.953 81.973 81.913 81.815 81.943 82.598 82.425 82.113 81.97 81.9 81.89 81.9 81.89 81.898 81.835 81.893 82.105 82.653 82.763 83.6 83.48 83.798 83.038 82.855 82.55 82.44 88.728 90.065 90.445 90.663 90.775 90.725 90.535 90.208 89.708 87.208 82.175 82.073 82.03 81.98 81.948 81.983 82.01 82.088 82.65 82.905 82.583 83.835 83.875 88.753 92.153 92.328 92.618 93.013 93.515 94.028 94.415 94.713 94.903 94.193 92.183 92.21 92.22 92.178 92.138 92.07
81.81 81.77 81.845 81.928 81.953 81.948 81.928 81.94 81.893 81.813 82.458 82.573 82.455 82.083 82.01 81.9 81.848 81.87 81.933 81.89 81.855 81.955 82.305 83.088 83.178 83.65 83.61 83.523 83.123 82.948 82.718 85.968 89.84 90.283 90.57 90.725 90.753 90.63 90.388 89.973 89.28 85.11 82.2 82.2 82.158 81.998 81.958 82.005 82.015 82.038 82.078 82.168 82.823 83.908 83.598 90.4 92.223 92.408 92.715 93.165 93.67 94.148 94.523 94.763 94.93 93.338 92.088 92.145 92.213 92.21 92.23 92.213
