data/LIDAR-DSM-2M-NZ24se/nz2944_DSM_2M.asc
ncols 500
nrows 500
xllcorner    429000
yllcorner    544000
cellsize     2
NODATA_value -9999
[rows 448 to 479 of 500, columns 0 to 72 of 500]
46.863 46.355 45.7 45.103 44.513 43.985 43.685 43.853 44.445 43.015 42.258 42.14 41.8 41.82 41.685 41.745 41.97 41.825 41.51 41.315 41.425 41.53 42.083 40.453 39.553 38.49 37.54 36.865 40.63 41.383 39.79 34.983 34.74 34.675 34.675 34.14 33.765 33.608 33.378 33.248 33.395 33.668 33.73 33.933 34.018 33.913 33.648 33.533 33.26 33.253 33.72 33.698 33.67 34.09 34.223 34.383 34.57 34.488 34.213 33.94 33.835 33.93 33.893 34.02 34.228 34.383 34.155 34.173 33.908 33.883 34.505 34.813 37.008
45.83 45.185 44.508 43.823 44.24 42.84 42.868 43.983 43.993 41.52 42.045 41.023 40.728 40.933 40.698 40.605 40.875 41.638 41.47 39.973 39.333 40.185 38.008 37.355 40.53 38.928 36.16 37.973 38.66 40.05 37.345 34.738 34.203 33.993 34.12 34.485 33.183 33.048 32.673 32.085 32.093 32.585 32.488 32.663 32.923 32.65 32.523 32.34 32.473 32.55 33.12 32.9 33.303 33.383 33.635 33.615 33.748 33.665 33.505 33.455 33.31 33.343 33.653 33.788 33.818 33.698 33.368 33.59 32.995 32.96 33.715 34.295 35.923
44.7 44 43.403 43.998 43.908 42.098 41.568 41.413 40.983 40.735 40.81 40.083 39.835 39.58 39.813 40.03 39.613 40.395 40.008 38.8 38.1 37.91 37.613 36.655 35.995 36.3 35.768 38.325 39.385 39.678 37.788 36.885 34.025 32.67 33.888 34.763 32.55 31.973 31.183 30.898 31.335 31.55 31.463 31.303 31.245 31.205 31.583 31.15 31.38 31.44 32.115 32.178 32.548 32.538 32.66 32.543 32.748 32.543 32.42 32.783 32.553 36.1 35.12 32.94 33.09 32.865 32.405 32.008 31.82 31.75 31.863 32 31.808
43.383 42.943 43.193 44.48 46.208 42.81 40.935 41.453 40.51 41.545 42.945 40.488 39.345 39.853 38.493 39.313 38.42 40.54 41.398 37.695 37.54 37.45 36.755 35.73 35.068 34.698 34.863 37.795 38.08 38.308 35.688 34.075 31.228 31.925 31.068 31.583 31.2 30.67 30.313 29.973 29.885 30.18 29.858 29.77 29.77 29.825 29.87 29.608 29.84 30.015 30.53 30.985 31.5 31.778 33.133 32.57 32.298 31.313 31.58 31.665 31.715 31.725 36.043 32.563 32.053 31.45 31.355 30.985 30.625 32.095 32.55 30.833 30.63
43.068 43.093 45.025 44.46 44.665 43.753 42.773 42.725 42.383 41.448 40.438 39.455 40.643 39.363 37.965 37.555 37.55 37.495 37.848 37.23 36.745 36.238 35.723 34.77 34.005 33.485 33.14 33.698 35.155 34.845 33.89 30.638 30.348 30.248 30.133 30.105 30.158 30.008 29.895 29.508 29.083 29.065 29.203 29.17 28.993 28.808 28.818 28.678 28.913 29.43 29.993 30.415 30.785 30.91 31.57 30.805 30.58 30.555 31.053 31.163 31.015 30.87 32.418 30.793 30.44 30.383 30.515 30.05 29.723 29.78 29.853 29.795 29.543
43.423 44.235 46.458 48.075 47.965 44.498 41.51 40.658 39.533 38.73 37.735 39.705 39.083 37.223 36.888 36.675 37.273 38.72 37.903 36.728 36.008 36.87 34.53 33.548 33.688 32.43 31.795 31.578 31.15 33.593 32.763 29.548 29.568 29.503 29.623 29.683 29.648 29.6 29.568 29.138 28.605 28.71 28.918 28.878 28.52 28.363 28.125 28.085 28.308 28.693 29.305 29.793 30.328 30.398 30.078 29.923 29.853 30.148 30.23 30.213 30.205 30.228 30.52 30.3 30.11 30.038 29.38 28.993 29.253 29.148 28.785 29.653 29.013
41.948 43.8 46.498 46.45 44.945 43.17 39.535 37.608 37.33 37.315 36.978 37.143 36.715 36.12 36.005 35.693 36.17 37.033 37.365 36.94 37.078 38.353 35.563 33.125 36.348 31.628 30.738 30.315 29.988 30.57 29.535 29.05 28.983 29.063 29.023 29.068 29.073 29.143 28.988 28.595 28.655 28.808 28.813 28.575 28.203 28.083 28.168 28.408 28.263 28.335 28.993 29.363 29.833 29.768 29.765 29.505 29.568 29.933 29.868 29.87 29.823 30.038 29.948 29.97 29.438 29.183 28.693 28.295 28.343 28.345 28.433 28.378 28.968
39.838 42.168 46.34 45.978 43.155 41.9 40.965 37.338 36.55 36.403 36.258 35.773 35.54 35.265 35.243 35.878 35.65 34.925 36.253 36.338 38.33 40.058 36.18 32.68 32.463 30.268 29.97 29.65 29.42 29.21 29.275 28.903 28.868 28.81 28.635 28.623 28.783 28.66 28.643 28.645 28.928 28.873 28.598 28.305 28.103 28.155 28.338 28.613 28.555 28.338 28.365 28.725 29.025 29.075 29.238 28.918 29.135 29.278 29.518 29.825 29.395 29.478 29.475 29.37 28.993 28.753 28.313 27.918 27.863 28.003 28.223 28.278 28.288
38.403 39.063 40.708 41.003 41.02 40.17 38.063 37.185 36.105 35.715 35.435 35.385 34.963 34.775 35.04 35.633 36.05 38.523 39.288 39.51 40.973 40.433 37.338 30.843 29.94 29.723 29.47 29.288 29.003 28.878 29.338 28.6 28.563 28.385 28.495 28.5 28.6 28.668 28.748 28.598 28.635 28.67 28.393 28.245 28.155 28.205 28.555 28.538 28.383 28.388 28.278 28.485 28.403 28.413 28.523 28.533 28.973 28.965 31.668 29.285 29.198 29.42 29.028 28.973 29.225 28.353 28.493 28.11 27.963 27.955 28.143 28.283 28.345
38.515 37.813 38.635 36.533 37.618 38.853 37.875 37.298 35.608 39.03 37.29 36.808 35.505 34.593 34.298 34.793 36.158 36.825 39.353 38.285 35.74 35.175 31.823 30.043 29.845 29.698 29.43 28.945 28.718 28.8 30.015 28.273 28.388 28.173 28.465 28.35 28.305 28.433 28.478 28.21 28.315 28.363 28.473 28.245 28.218 28.1 28.195 28.42 28.503 28.445 28.288 28.353 28.343 28.215 27.903 27.928 28.433 28.17 29.525 28.945 29.043 29.175 28.823 28.32 28.325 28.453 29.298 29.12 28.195 28.19 28.34 28.753 28.705
38.463 39.66 39.203 38.058 36.303 35.295 36.833 36.3 36.958 37.873 35.13 37.51 36.308 36.343 34.223 33.878 33.858 34.738 38.563 33.725 34.308 31.878 30.543 29.765 29.59 29.518 29.2 28.925 28.665 28.45 28.328 28.238 28.203 28.19 28.155 28.13 28.135 28.118 28.075 28.093 28.108 28.06 28.155 28.133 28.153 28.063 28 28.18 28.238 28.25 28.235 27.925 28.003 28.253 27.818 27.685 27.933 27.88 28.208 28.695 30.91 28.89 28.718 28.528 28.648 28.613 28.888 28.78 28.56 28.615 28.633 28.693 28.688
41.108 40.42 38.288 39.608 35.678 35.89 36.41 35.515 36.053 36.103 36.608 38.4 38.78 37.675 35.48 33.51 33.825 34.313 32.663 30.56 29.998 29.685 29.583 29.393 29.298 29.208 28.91 28.71 28.463 28.365 28.308 28.29 28.258 28.128 27.963 27.953 27.99 27.958 27.94 27.89 27.85 27.848 27.893 27.885 27.865 27.8 27.755 27.743 27.695 27.74 27.65 27.498 27.45 27.363 27.523 27.505 28.075 27.953 27.96 28.125 28.495 28.565 28.363 28.465 28.553 28.448 28.425 28.453 28.52 28.45 28.575 28.79 28.398
39.433 41.885 39.148 38.588 38.638 34.993 35.718 33.748 34.068 34.813 34.565 36.473 36.603 35.468 35.095 36.443 34.098 34.993 33.08 34.058 31.88 31.078 29.493 29.97 28.935 28.86 28.683 28.518 28.415 28.278 28.26 28.363 28.213 28.045 27.758 28.593 28.095 31.368 38.963 29.768 27.575 30.585 31.053 27.785 27.548 27.23 26.685 26.395 26.538 26.535 26.8 26.325 26.355 26.443 26.593 26.868 27.255 27.483 28.19 27.163 27.615 30.358 27.99 27.89 27.895 27.708 27.945 28.13 27.763 27.683 27.638 28.253 27.693
37.088 39.045 34.968 37.225 35.573 33.475 33.225 32.885 32.608 33.075 32.438 32.923 34.348 33.653 34.528 36.208 36.305 34.885 33.613 35.043 35.645 30.793 28.855 29.728 28.433 28.505 28.39 28.233 28.1 28.095 28.055 28.05 27.873 27.738 27.45 31.625 34.43 41.26 32.44 27.823 31.698 39.35 31.903 29.645 27.995 26.963 29.053 27.273 26.535 25.108 25.99 29.428 29.763 25.153 25.308 25.258 25.595 25.593 26.493 26.205 25.863 27.098 26.165 26.163 26.425 26.59 26.88 28.42 28.008 26.848 26.588 27.4 25.965
36.083 34.06 33.65 34.575 33.303 32.685 32.56 32.063 31.843 31.673 31.53 32.393 33.42 34.203 33.563 33.453 33.74 32.295 33.328 32.945 31.843 31.975 29.293 28.608 29.69 27.928 27.935 27.65 27.683 27.785 27.87 27.708 27.248 27.02 27.73 32.765 35.875 35.613 34.685 31.148 36.425 37.678 37.533 37.078 37.5 34.785 37.773 35.228 32.993 34.13 34.338 32.613 33.11 30.738 25.145 25.858 30.603 28.353 25.98 25.333 25.39 25.483 25.313 25.155 25.445 26.548 26.915 30.463 30.435 32.435 31.54 28.708 30.615
38.015 36.818 33.445 34.305 32.63 32.268 31.793 31.423 31.42 31.073 30.865 31.723 33.663 32.325 32.163 33.355 32.528 32.258 31.75 34.56 34.175 32.753 29.973 27.87 27.903 27.58 27.49 27.578 27.633 27.283 26.653 26.458 26.503 26.778 30.225 33.805 34.313 37.198 34.31 39.988 40.82 38.76 35.078 30.135 35.37 34.213 33.768 32.998 30.925 34.41 31.283 32.745 30.743 31.115 29.685 28.918 29.68 31.308 32.79 28.71 26.12 25.518 32.703 28.875 30.278 31.888 32.49 36.515 37.098 34.363 34.268 33.61 30.453
37.475 37.94 33.535 34.565 34.548 33.775 31.6 30.775 30.983 30.46 30.73 31.703 32.173 29.64 30.393 31.098 30.608 30.063 29.905 30.468 29.44 29.97 28.335 27.62 27.523 27.443 28.113 27.45 26.935 26.01 26.95 29.53 29.4 27.795 34.39 32.735 33.718 32.875 34.235 32.213 34.895 31.49 32.808 27.668 31.53 33.918 31.793 35.628 32.233 -9999 -9999 -9999 -9999 -9999 -9999 -9999 -9999 -9999 -9999 33.758 37.008 34.198 32.358 29.825 29.733 32.435 34.043 32.603 34.308 32.87 33.298 31.888 32.178
34.71 33.458 34.105 34.855 34.47 33.21 30.673 30.07 29.578 29.085 28.873 29.02 29.57 31.39 31.323 32.245 29.998 28.725 28.503 28.72 28.053 27.733 27.513 27.15 27.048 26.703 25.715 25.83 28.623 31.638 32.165 28.855 26.375 32.238 31.808 27.615 31.903 31.988 29.155 30.185 27.815 29.358 29.808 25.853 31.508 35.14 35.39 -9999 -9999 -9999 -9999 -9999 -9999 -9999 -9999 -9999 -9999 -9999 -9999 -9999 -9999 -9999 -9999 31.13 32.565 32.078 32.493 32.118 31.148 32.973 30.273 32.228 -9999
31.533 31.443 33.63 32.998 31.3 30.735 30.513 29.738 28.895 29.203 29.14 28.653 28.645 30.64 30.19 29.973 29.328 28.338 28.385 28.485 27.943 27.648 26.918 25.818 26.113 25.93 30.233 33.395 29.433 33.828 33.073 25.065 24.575 28.97 27.708 27.028 31.303 31.068 31.435 31.39 30.52 -9999 -9999 -9999 -9999 -9999 -9999 -9999 -9999 -9999 -9999 -9999 -9999 -9999 -9999 -9999 -9999 -9999 -9999 -9999 -9999 -9999 -9999 -9999 -9999 31.97 31.268 29.613 31.113 30.563 29.938 -9999 -9999
30.735 30.858 30.308 30.038 30.48 29.25 29.53 28.883 28.58 28.568 29.435 31.703 31.773 28.54 29.013 28.963 28.24 28.293 28.118 27.808 27.563 26.97 26.508 25.428 31.39 33.023 33.33 32.808 31.938 31.583 29.115 25.2 24.52 24.505 24.578 27.515 30.245 32.588 34.413 -9999 -9999 -9999 -9999 -9999 -9999 -9999 -9999 -9999 -9999 -9999 -9999 -9999 -9999 -9999 -9999 -9999 -9999 -9999 -9999 -9999 -9999 -9999 -9999 -9999 -9999 -9999 -9999 30.29 30.423 -9999 -9999 -9999 -9999
30.08 30.13 29.513 29.245 28.995 28.823 28.715 28.573 28.463 28.453 28.498 33.768 32.193 28.508 29.365 29.53 28.135 28.078 27.843 27.288 26.238 25.045 27.055 24.58 28.745 26.25 29.435 27.87 27.668 29.255 25.985 24.48 24.55 24.603 24.64 26.57 29.81 -9999 -9999 -9999 -9999 -9999 -9999 -9999 -9999 -9999 -9999 -9999 -9999 -9999 -9999 -9999 -9999 -9999 -9999 -9999 -9999 -9999 -9999 -9999 -9999 -9999 -9999 -9999 -9999 -9999 -9999 -9999 -9999 -9999 -9999 -9999 -9999
29.943 29.615 29.353 29.105 28.858 28.673 28.53 28.468 28.373 28.405 28.403 28.343 28.253 28.223 28.468 28.56 28.498 27.925 27.19 26.013 25.883 26.72 25.448 24.475 24.633 24.485 24.48 24.748 25.153 25.41 24.508 24.54 24.49 -9999 -9999 -9999 -9999 -9999 -9999 -9999 -9999 -9999 -9999 -9999 -9999 -9999 -9999 -9999 -9999 -9999 -9999 -9999 -9999 -9999 -9999 -9999 -9999 -9999 -9999 -9999 -9999 -9999 -9999 -9999 -9999 -9999 -9999 -9999 -9999 -9999 -9999 -9999 -9999
29.743 29.445 29.14 28.893 28.685 28.495 28.383 28.39 28.298 28.353 28.38 28.328 28.135 28.093 28.018 28.053 27.948 27.558 27.49 26.3 26.113 27.77 24.973 24.473 24.495 24.553 24.518 24.528 24.46 24.483 24.48 24.55 24.633 -9999 -9999 -9999 -9999 -9999 -9999 -9999 -9999 -9999 -9999 -9999 -9999 -9999 -9999 -9999 -9999 -9999 -9999 -9999 -9999 -9999 -9999 -9999 -9999 -9999 -9999 -9999 -9999 -9999 -9999 -9999 -9999 -9999 -9999 -9999 -9999 -9999 -9999 -9999 -9999
29.5 29.23 28.915 28.728 28.57 28.42 28.315 28.293 28.273 28.368 28.313 28.2 28.083 27.993 27.803 27.465 26.815 25.875 26.443 26.56 27.18 26.375 24.533 24.52 24.508 24.46 24.503 24.545 24.518 24.495 24.563 24.558 24.553 -9999 -9999 -9999 -9999 -9999 -9999 -9999 -9999 -9999 -9999 -9999 -9999 -9999 -9999 -9999 -9999 -9999 -9999 -9999 -9999 -9999 -9999 -9999 -9999 -9999 -9999 -9999 -9999 -9999 -9999 -9999 -9999 -9999 -9999 -9999 -9999 -9999 -9999 -9999 37.128
29.253 28.938 28.705 28.533 28.45 28.345 28.27 28.275 28.283 28.285 28.235 28.105 27.835 27.568 27.328 26.823 25.785 28.293 27.185 24.878 24.885 24.938 24.555 24.51 24.485 24.463 24.433 24.535 24.553 24.528 24.548 -9999 -9999 -9999 -9999 -9999 -9999 -9999 -9999 -9999 -9999 -9999 -9999 -9999 -9999 -9999 -9999 -9999 -9999 -9999 -9999 -9999 -9999 -9999 -9999 -9999 -9999 -9999 -9999 36.771 35.395 35.668 34.588 -9999 -9999 -9999 -9999 -9999 -9999 -9999 -9999 35.885 37.7
28.968 28.733 28.538 28.408 28.373 28.3 28.27 28.26 28.283 28.268 28.085 27.748 28.42 30.355 28.643 29.738 24.685 24.655 24.643 24.573 24.563 24.62 24.548 24.52 24.48 24.47 24.485 24.548 24.465 24.5 24.498 -9999 -9999 -9999 -9999 -9999 -9999 -9999 -9999 -9999 -9999 -9999 -9999 -9999 -9999 -9999 -9999 -9999 -9999 -9999 25.228 25.033 -9999 -9999 34.188 37.473 35.678 34.418 35.715 36.75 34.985 33.37 37.128 35.848 34.263 29.618 -9999 -9999 -9999 -9999 34.568 34.86 36.14
28.75 28.565 28.445 28.383 28.33 28.31 28.263 28.253 28.093 27.948 29.14 32.375 34.018 32.445 28.348 26.88 24.808 24.58 24.545 24.58 24.545 24.498 24.545 24.533 24.518 24.505 24.573 24.54 24.565 24.548 24.515 24.623 -9999 -9999 -9999 -9999 -9999 -9999 -9999 -9999 -9999 -9999 -9999 -9999 -9999 -9999 24.628 24.803 24.948 25.005 25.235 25.165 24.868 24.875 26.365 26.9 27.68 26.775 30.213 33.185 37.933 33.498 33.71 33.645 33.48 30.048 27.428 27.123 -9999 -9999 28.165 28.318 27.61
28.56 28.425 28.365 28.333 28.305 28.278 28.305 28.333 28.013 27.63 27.898 31.81 32.288 31.285 30.523 29.075 27.03 24.605 24.575 24.64 24.558 24.52 24.56 24.588 24.475 24.525 24.498 24.588 24.57 24.545 24.523 24.573 -9999 -9999 -9999 -9999 -9999 -9999 -9999 -9999 -9999 -9999 -9999 24.503 24.758 24.92 25.233 25.448 25.67 25.823 26.018 25.985 25.865 25.83 25.883 25.658 25.48 25.513 25.815 26.123 27.47 29.343 28.135 27.558 29.563 26.368 30.623 28.778 27.655 25.59 25.375 25.528 28.813
28.46 28.395 28.383 28.31 28.308 28.278 28.345 28.34 27.965 27.648 27.855 29.26 31.718 31.288 30.668 29.37 25.223 24.525 24.54 24.568 24.563 24.513 24.538 24.538 24.478 24.473 24.503 24.6 24.51 24.503 24.493 -9999 -9999 -9999 -9999 -9999 -9999 -9999 -9999 -9999 -9999 24.568 24.645 24.928 25.4 25.72 26.238 26.55 26.938 26.983 27.098 27.065 27.048 26.978 26.913 28.608 28.048 27.79 27.173 27.353 27.373 27.198 26.728 26.85 29.79 26.43 25.645 25.148 25.033 25.103 25.925 26.798 26.513
28.405 28.428 28.38 28.333 28.295 28.315 28.358 28.16 27.868 27.86 27.525 26.655 29.043 26.363 37.233 33.563 29.84 24.588 24.418 24.488 24.513 24.488 24.565 24.545 24.518 24.493 24.52 24.553 24.588 -9999 -9999 -9999 -9999 -9999 -9999 -9999 -9999 -9999 24.535 -9999 24.548 24.705 25.105 25.6 26.198 26.885 27.185 27.298 27.348 27.335 27.323 27.283 27.253 27.308 27.423 27.913 28.185 27.515 27.83 28.073 28.185 28.343 27.898 27.663 28.638 27.62 27.37 26.665 26.25 26.75 27.28 27.585 27.635
28.463 28.445 28.408 28.345 28.31 28.358 28.24 27.875 27.755 27.348 26.303 31.235 26.34 26.298 31.19 31.433 30.473 24.473 24.465 24.503 24.513 24.595 24.578 24.518 24.535 24.498 24.485 -9999 -9999 -9999 -9999 -9999 -9999 -9999 -9999 -9999 -9999 24.898 24.668 24.905 25.015 25.335 25.82 26.575 27.148 27.36 27.393 27.428 27.393 27.383 27.428 27.55 27.71 27.818 27.963 28.063 27.995 27.978 28.175 28.548 28.705 28.883 28.785 28.63 28.678 28.7 28.56 28.33 28.23 28.58 28.12 28.845 27.75
28.448 28.433 28.438 28.373 28.383 28.425 28.108 27.718 27.425 26.075 25.093 26.48 29.745 32.655 33.048 31.55 31.74 32.373 28.745 24.578 24.498 24.53 24.525 24.55 24.555 24.55 24.575 -9999 -9999 -9999 -9999 -9999 -9999 -9999 -9999 -9999 25.118 24.913 25.295 25.773 26.255 26.81 27 27.423 27.49 27.538 27.528 27.455 27.403 27.475 27.703 28.195 28.288 28.365 28.445 28.508 28.583 28.815 28.76 29.155 29.408 29.535 29.5 29.715 32.718 29.908 29.928 29.613 29.418 29.265 28.788 28.298 28.12
