data/LIDAR-DSM-2M-NZ24se/nz2940_DSM_2M.asc
ncols 500
nrows 500
xllcorner    429000
yllcorner    540000
cellsize     2
NODATA_value -9999
[rows 99 to 131 of 500, columns 365 to 437 of 500]
88.175 88.242 88.25 88.255 88.307 88.29 88.307 88.33 88.332 88.32 88.31 88.305 88.28 88.267 88.277 88.242 88.252 88.247 88.235 88.217 88.18 88.127 88.102 88.045 87.987 87.937 87.88 87.78 87.702 87.617 87.482 87.362 87.255 87.112 87.01 86.857 86.762 86.602 86.51 86.447 86.337 86.267 86.185 86.18 86.142 86.137 87.422 86.895 85.505 84.917 84.872 85.802 87.612 87.332 86.562 86.53 85.997 85.765 85.582 85.424 85.345 85.252 85.23 85.165 85.067 84.967 84.902 84.782 84.755 84.787 84.785 84.72 84.675
88.199 88.237 88.272 88.292 88.307 88.327 88.352 88.344 88.357 88.347 88.332 88.309 88.312 88.299 88.304 88.312 88.287 88.264 88.274 88.249 88.219 88.192 88.137 88.102 88.049 87.959 87.874 87.757 87.704 87.592 87.502 87.362 87.232 87.122 86.947 86.849 86.729 86.614 86.547 86.459 86.379 86.307 86.207 86.207 86.129 86.214 87.834 86.999 85.487 85.049 85.054 85.917 86.262 87.872 86.947 86.372 85.859 85.744 85.524 85.364 85.284 85.227 85.159 85.009 84.914 84.812 84.754 84.679 84.632 84.639 84.634 84.604 84.582
88.219 88.259 88.292 88.304 88.342 88.364 88.379 88.384 88.387 88.372 88.357 88.364 88.362 88.372 88.362 88.379 88.354 88.374 88.369 88.352 88.302 88.267 88.164 88.134 88.077 87.952 87.862 87.757 87.699 87.609 87.489 87.359 87.229 87.072 86.974 86.869 86.764 86.619 86.537 86.442 86.374 86.322 86.242 86.247 86.144 86.284 87.894 88.542 86.009 85.237 85.234 87.469 86.909 86.984 86.777 86.407 85.747 85.704 85.557 85.379 85.252 85.207 85.077 84.944 84.797 84.782 84.752 84.682 84.639 84.629 84.564 84.637 84.579
88.249 88.267 88.272 88.309 88.354 88.384 88.414 88.384 88.412 88.404 88.394 88.379 88.377 88.379 88.404 88.397 88.402 88.404 88.409 88.374 88.332 88.274 88.197 88.134 88.067 87.974 87.854 87.792 87.694 87.604 87.482 87.357 87.244 87.119 86.979 86.837 86.722 86.627 86.562 86.512 86.399 86.359 86.302 86.259 86.209 86.407 87.884 87.874 86.479 85.412 86.774 92.567 90.629 88.232 86.614 86.399 86.279 86.302 85.667 85.557 85.319 85.309 85.257 85.124 84.924 84.814 84.784 84.714 84.734 84.689 84.587 84.607 84.644
88.267 88.269 88.304 88.352 88.382 88.389 88.387 88.409 88.417 88.417 88.412 88.414 88.422 88.407 88.419 88.419 88.427 88.404 88.417 88.372 88.342 88.267 88.204 88.109 88.022 87.952 87.887 87.777 87.697 87.597 87.464 87.334 87.204 87.059 86.927 86.814 86.777 86.722 86.672 86.579 86.517 86.474 86.422 86.334 86.289 86.692 88.364 86.977 86.124 85.554 85.504 86.217 89.587 86.814 86.787 90.414 92.454 91.269 86.009 85.877 85.534 86.002 86.457 86.252 86.309 86.197 86.039 85.879 85.772 85.669 85.527 85.894 85.512
88.227 88.269 88.287 88.324 88.344 88.377 88.414 88.422 88.432 88.437 88.427 88.457 88.429 88.414 88.444 88.437 88.429 88.449 88.439 88.364 88.324 88.232 88.134 88.097 88.032 87.954 87.864 87.777 87.684 87.577 87.477 87.354 87.269 87.162 87.014 86.892 86.787 86.712 86.662 86.594 86.534 86.602 86.612 86.524 86.559 86.769 88.737 86.689 87.134 85.677 85.707 87.749 88.912 87.384 86.799 92.999 94.339 93.119 86.782 85.732 85.554 86.057 86.934 86.489 86.059 85.702 85.202 84.764 84.682 84.554 84.349 84.372 84.422
88.212 88.244 88.274 88.317 88.354 88.382 88.427 88.429 88.447 88.424 88.457 88.459 88.457 88.454 88.449 88.439 88.447 88.452 88.422 88.332 88.282 88.209 88.154 88.082 88.029 87.942 87.827 87.734 87.687 87.614 87.507 87.404 87.249 87.164 87.049 86.929 87.112 86.877 87.472 87.357 87.187 88.019 88.499 88.009 88.074 87.994 87.417 88.774 89.187 86.337 86.929 92.412 91.944 87.164 87.232 92.279 92.079 89.419 86.739 85.772 85.599 85.557 85.422 85.214 85.074 84.959 84.867 84.707 84.557 84.412 84.394 84.434 84.467
88.219 88.249 88.297 88.304 88.354 88.359 88.414 88.424 88.482 88.467 88.484 88.487 88.487 88.479 88.469 88.482 88.447 88.409 88.377 88.319 88.277 88.229 88.159 88.062 87.984 87.984 88.084 87.969 87.974 88.457 88.517 88.447 88.367 88.164 87.872 89.097 90.014 87.462 89.272 89.942 88.417 90.732 91.399 89.122 88.209 88.004 88.239 91.017 90.729 86.302 87.807 92.087 92.252 87.737 87.224 88.054 86.839 86.097 85.979 85.817 85.719 85.654 85.544 85.382 85.204 85.104 85.012 84.874 84.749 84.602 84.542 84.577 84.524
88.184 88.247 88.277 88.287 88.332 88.389 88.369 88.412 88.462 88.479 88.457 88.452 88.472 88.464 88.454 88.434 88.399 88.372 88.337 88.279 88.262 88.222 88.129 88.062 88.269 89.894 89.019 88.484 88.309 88.672 88.232 87.992 88.354 88.747 88.704 90.929 91.062 89.142 89.454 90.574 87.794 91.544 88.772 87.782 89.494 89.344 87.604 88.867 89.529 86.372 86.264 89.277 87.884 86.969 86.632 86.512 87.309 86.257 86.284 85.894 85.799 85.764 85.684 85.537 85.407 85.297 85.172 85.074 84.937 84.814 84.744 84.749 84.694
88.179 88.194 88.254 88.309 88.309 88.364 88.392 88.429 88.432 88.434 88.444 88.434 88.437 88.444 88.424 88.397 88.349 88.329 88.287 88.247 88.202 88.152 88.117 88.129 88.422 92.872 95.052 89.154 88.667 88.799 88.669 88.539 87.962 87.924 87.932 88.977 89.527 89.509 88.877 87.957 87.944 89.279 88.537 88.744 88.759 88.414 87.582 87.789 86.954 86.442 86.439 86.672 87.879 88.199 87.122 86.972 86.654 86.439 86.362 86.104 85.927 85.912 85.817 85.689 85.537 85.474 85.374 85.244 85.124 84.997 84.904 84.819 84.714
88.187 88.214 88.244 88.292 88.322 88.352 88.399 88.422 88.434 88.454 88.422 88.429 88.429 88.422 88.377 88.362 88.329 88.277 88.242 88.202 88.139 88.137 88.147 88.197 88.139 94.434 98.589 91.104 88.294 87.877 88.787 87.734 87.672 87.699 87.817 87.844 87.854 87.804 89.077 89.697 89.822 90.567 87.962 88.044 87.884 88.529 87.719 87.524 86.777 86.619 86.622 87.102 89.064 88.419 88.217 86.687 86.579 86.459 86.387 86.234 86.014 85.959 85.882 85.722 85.592 85.484 85.459 85.282 85.129 84.979 84.854 84.764 84.639
88.162 88.189 88.217 88.269 88.309 88.327 88.349 88.392 88.407 88.417 88.424 88.419 88.377 88.359 88.327 88.309 88.254 88.222 88.177 88.179 88.187 88.169 88.244 88.392 88.582 91.447 98.259 90.854 87.754 87.652 87.807 87.634 87.614 87.667 87.669 87.624 89.054 91.837 94.084 95.377 94.372 91.142 87.879 87.574 87.554 88.672 87.709 87.694 87.144 86.742 86.759 90.184 89.694 87.294 86.957 86.784 86.622 86.499 86.359 86.214 86.034 85.987 85.929 85.749 85.624 85.512 85.442 85.294 85.142 84.984 84.819 84.692 84.599
88.157 88.172 88.202 88.262 88.287 88.307 88.349 88.379 88.364 88.357 88.362 88.332 88.312 88.339 88.294 88.224 88.177 88.139 88.202 88.202 88.167 88.279 88.342 88.294 88.124 88.139 90.792 89.122 87.669 87.669 87.664 87.637 87.639 87.654 87.662 87.604 89.304 91.967 94.614 95.469 94.467 91.759 88.004 87.617 87.892 89.192 87.554 87.562 87.072 86.909 86.947 87.549 87.652 87.467 87.254 86.757 86.667 86.584 86.444 86.309 86.094 86.072 85.962 85.817 85.679 85.572 85.427 85.317 85.189 85.024 84.884 84.772 84.669
88.159 88.177 88.219 88.259 88.307 88.319 88.324 88.379 88.374 88.337 88.347 88.312 88.284 88.269 88.197 88.169 88.129 88.152 88.144 88.202 88.322 88.367 88.477 88.334 88.302 88.322 88.187 89.259 87.714 87.682 87.689 87.669 87.654 87.659 87.632 87.592 88.539 91.127 93.957 95.577 94.587 91.409 87.922 87.634 87.694 88.972 87.532 87.424 87.009 86.997 87.052 87.552 88.154 87.627 87.252 86.954 86.789 86.584 86.484 86.337 86.144 86.074 86.032 85.874 85.734 85.619 85.484 85.387 85.274 85.152 85.029 84.934 84.832
88.199 88.204 88.214 88.269 88.292 88.292 88.364 88.374 88.354 88.339 88.332 88.289 88.274 88.229 88.174 88.122 88.107 88.134 88.102 88.334 88.399 88.447 88.527 88.312 88.092 88.032 88.094 89.674 87.824 87.687 87.697 87.669 87.664 87.647 87.614 87.587 89.574 90.672 93.604 95.289 94.672 91.807 88.174 87.632 87.659 88.687 87.529 87.519 87.122 87.094 87.142 87.392 89.337 87.659 87.114 87.072 87.492 86.659 86.514 86.374 86.192 86.129 86.054 85.924 85.822 85.709 85.582 85.499 85.402 85.289 85.142 85.057 84.952
88.197 88.222 88.262 88.287 88.312 88.324 88.354 88.352 88.372 88.339 88.289 88.249 88.219 88.197 88.172 88.099 88.047 88.209 88.387 88.412 88.554 88.442 88.484 88.284 88.134 88.084 88.412 88.897 87.694 87.687 87.672 87.667 87.652 87.659 87.632 87.629 88.419 88.814 92.777 95.332 95.054 92.312 88.249 87.649 87.672 88.769 87.849 87.734 87.217 87.259 87.237 87.282 89.639 88.222 87.219 86.979 86.814 86.694 86.564 86.432 86.282 86.172 86.079 85.999 85.902 85.774 85.644 85.544 85.417 85.289 85.159 85.044 84.924
88.262 88.242 88.249 88.279 88.317 88.332 88.347 88.349 88.369 88.342 88.277 88.247 88.217 88.182 88.109 88.069 88.024 88.374 88.767 88.532 88.482 88.409 88.332 88.179 88.162 88.109 88.177 89.237 87.909 87.637 87.659 87.672 87.677 87.669 87.667 87.649 87.594 87.902 92.499 95.189 94.939 91.007 88.022 87.639 87.669 88.522 87.884 87.722 87.339 87.429 87.454 87.447 89.967 87.667 87.354 87.112 86.797 86.639 86.549 86.462 86.324 86.202 86.079 85.984 85.884 85.774 85.684 85.572 85.452 85.354 85.189 85.042 84.962
88.292 88.312 88.304 88.289 88.317 88.309 88.337 88.344 88.337 88.309 88.299 88.249 88.229 88.174 88.119 88.064 88.157 88.414 88.734 88.469 88.404 88.367 88.257 88.204 88.212 88.149 88.069 89.177 87.742 87.639 87.657 87.672 87.704 87.704 87.687 87.674 87.669 87.672 89.624 91.927 89.324 87.629 87.674 87.664 87.667 88.624 87.647 87.584 87.519 87.567 87.532 87.587 89.629 88.589 87.309 87.159 86.862 86.652 86.549 86.464 86.387 86.247 86.172 86.034 85.947 85.844 85.724 85.629 85.564 85.452 85.344 85.224 85.097
88.369 88.342 88.322 88.332 88.329 88.309 88.327 88.317 88.297 88.302 88.289 88.247 88.219 88.122 88.074 88.097 88.392 88.489 88.542 88.382 88.367 88.399 88.292 88.252 88.167 88.062 88.062 89.102 87.944 87.729 87.664 87.697 87.722 87.757 87.729 87.707 87.684 87.644 89.047 89.119 88.372 87.667 87.659 87.677 87.732 88.527 87.972 87.694 87.697 87.787 88.739 90.722 89.909 87.974 87.387 87.262 87.002 86.792 86.642 86.527 86.414 86.289 86.257 86.169 86.097 86.007 85.912 85.782 85.679 85.602 85.467 85.359 85.242
88.407 88.367 88.367 88.334 88.314 88.327 88.327 88.304 88.317 88.307 88.282 88.267 88.182 88.112 88.117 88.352 88.474 88.454 88.437 88.284 88.372 88.472 88.304 88.284 88.177 88.054 88.374 89.389 89.902 88.352 87.704 87.669 87.699 87.722 87.727 87.704 87.689 87.677 88.199 87.754 87.739 87.674 87.717 87.702 87.752 88.294 88.387 87.764 87.807 87.904 88.449 88.102 90.029 87.884 87.504 87.372 87.134 86.954 86.804 86.672 86.497 86.359 86.264 86.212 86.169 86.057 85.987 85.874 85.707 85.622 85.497 85.409 85.269
88.439 88.417 88.407 88.387 88.352 88.362 88.352 88.344 88.332 88.332 88.317 88.229 88.154 88.134 88.254 88.387 88.402 88.369 88.402 88.337 88.257 88.477 88.304 91.032 90.967 93.042 88.462 89.497 92.132 88.839 87.772 87.722 87.707 87.727 87.724 87.767 87.729 87.707 87.699 87.727 87.697 87.717 87.704 88.382 88.877 89.959 88.329 87.909 87.909 87.927 88.252 88.582 88.897 87.887 87.609 87.562 87.322 87.077 86.884 86.727 86.589 86.394 86.287 86.222 86.197 86.104 85.969 85.859 85.734 85.612 85.527 85.404 85.289
88.472 88.454 88.407 88.399 88.379 88.397 88.402 88.399 88.384 88.372 88.294 88.287 88.259 88.197 88.269 88.472 88.434 88.387 88.429 88.442 88.299 88.454 88.364 94.922 93.269 94.342 88.327 88.892 88.534 88.077 87.779 87.709 87.724 87.732 87.742 87.739 87.727 88.247 87.747 87.747 87.727 88.004 87.807 88.804 89.404 90.304 88.137 88.092 88.114 88.032 88.637 89.307 89.294 88.467 87.814 87.694 87.494 87.184 86.879 86.682 86.534 86.449 86.382 86.297 86.279 86.202 85.987 85.839 85.794 85.687 85.564 85.444 85.332
88.519 88.502 88.464 88.442 88.427 88.429 88.417 88.467 88.414 88.369 88.284 88.329 88.329 88.164 88.297 88.454 88.429 88.457 88.457 88.454 88.394 88.934 94.592 96.974 90.757 89.392 88.384 88.754 88.822 87.792 87.784 87.712 87.772 87.742 87.754 87.754 88.394 89.654 88.099 87.827 88.687 89.387 90.114 89.759 89.552 89.479 88.059 89.047 90.557 90.227 91.187 91.402 90.694 89.292 87.992 87.879 87.577 87.237 87.554 87.339 86.662 86.449 86.407 86.284 86.192 86.179 86.059 85.909 85.842 85.719 85.577 85.489 85.387
88.577 88.527 88.522 88.534 88.489 88.494 88.497 88.482 88.447 88.364 88.442 88.377 88.339 88.224 88.279 88.382 88.504 88.477 88.467 88.524 88.424 89.349 93.594 94.012 89.412 88.507 88.477 88.344 89.059 87.797 87.817 87.979 87.809 87.792 87.782 87.787 88.164 89.704 88.492 88.312 89.602 89.627 89.539 89.712 88.532 88.222 88.154 88.759 90.397 88.652 93.739 96.042 96.229 94.852 88.302 87.892 87.532 87.187 87.027 87.042 87.872 86.519 86.437 86.352 86.279 86.244 86.164 86.024 85.952 85.837 85.714 85.634 85.572
88.647 88.602 88.592 88.592 88.547 88.542 88.534 88.482 88.444 88.557 88.537 88.462 88.324 88.222 88.332 88.489 88.457 88.454 88.452 88.562 88.559 88.544 88.852 94.032 98.137 91.834 88.519 88.452 89.347 87.867 87.907 87.847 87.817 87.829 87.819 87.824 87.832 87.917 87.782 88.232 88.999 89.482 88.392 89.374 88.357 88.247 88.457 89.552 89.784 89.419 94.807 96.234 96.067 93.147 88.089 87.919 87.579 87.222 87.124 88.392 87.054 86.582 86.522 86.407 86.384 86.352 86.304 86.182 86.107 86.019 85.924 85.824 85.717
88.657 88.632 88.627 88.599 88.584 88.587 88.592 88.549 88.594 88.644 88.574 88.447 88.379 88.384 88.279 88.407 88.494 88.462 88.614 88.982 88.547 88.617 90.832 90.837 93.552 88.659 88.619 88.937 89.567 88.814 88.534 87.947 87.862 87.854 87.862 87.854 87.907 87.884 87.992 88.464 88.397 90.289 90.969 88.722 88.357 88.682 92.669 92.587 90.584 88.607 88.729 92.259 92.932 92.474 88.542 87.964 87.652 87.309 87.199 87.999 87.632 86.709 86.592 86.554 86.507 86.462 86.319 86.207 86.132 86.067 85.969 85.844 85.709
88.729 88.697 88.664 88.622 88.632 88.657 88.647 88.604 88.739 88.597 88.607 88.622 88.602 88.459 88.409 88.379 88.567 88.632 88.574 88.602 88.722 89.547 94.662 93.114 94.149 88.797 89.022 89.494 89.479 89.792 89.072 88.269 88.554 88.342 89.249 89.757 89.694 89.619 90.497 90.287 89.677 90.162 89.052 88.442 88.372 88.944 92.082 91.779 89.887 88.667 89.542 92.797 93.199 90.572 88.069 88.024 87.667 87.344 87.294 87.412 87.067 86.814 86.779 86.649 86.564 86.504 86.364 86.279 86.167 86.072 85.934 85.804 85.669
88.767 88.717 88.667 88.664 88.674 88.712 88.692 88.727 88.702 88.627 88.722 88.769 88.744 88.824 88.889 88.989 89.212 89.112 88.847 88.829 88.847 89.197 90.434 89.004 93.259 90.184 90.472 91.122 90.672 90.504 91.974 91.877 91.994 92.329 92.517 92.579 92.649 92.697 92.742 92.809 92.864 92.749 88.724 88.524 88.484 89.392 92.562 91.719 89.654 88.732 89.747 92.919 93.204 90.197 88.117 88.057 87.799 87.482 87.394 87.674 87.752 86.969 86.842 86.724 86.547 86.497 86.457 86.352 86.237 86.139 86.007 85.887 85.754
88.804 88.742 88.702 88.722 88.744 88.742 88.732 88.744 88.699 88.812 89.002 89.202 89.359 89.394 89.434 90.054 90.447 90.317 89.634 89.084 89.039 89.227 90.217 91.817 92.699 92.724 92.759 92.844 92.874 92.979 93.102 93.162 93.239 93.277 93.334 93.377 93.437 93.487 93.559 93.642 93.669 93.759 89.597 88.569 88.502 90.562 92.547 91.704 89.622 91.067 91.874 92.997 93.159 90.082 88.162 88.109 87.812 87.619 87.554 87.804 87.222 87.017 86.924 86.742 86.624 86.622 86.564 86.439 86.297 86.162 86.072 85.982 85.879
88.847 88.779 88.767 88.787 88.799 88.779 88.747 88.799 88.792 89.234 89.547 89.467 89.414 89.389 89.344 89.987 89.999 89.664 89.404 89.359 88.957 89.109 90.002 93.359 93.439 93.432 93.504 93.619 93.504 93.807 93.244 92.324 92.772 94.007 93.027 94.064 94.082 94.112 94.092 94.059 94.034 93.874 89.612 88.589 88.577 89.649 92.297 91.609 89.332 91.027 91.959 93.144 93.062 89.797 88.212 88.127 87.862 87.724 87.632 88.024 87.729 87.132 87.057 86.894 86.769 86.709 86.659 86.534 86.379 86.252 86.142 86.052 85.912
88.884 88.824 88.814 88.764 88.802 88.789 88.712 88.827 89.082 89.312 89.272 89.012 88.977 88.929 88.912 88.932 88.897 88.899 88.884 88.862 88.859 88.869 88.947 93.144 92.857 93.864 93.884 93.934 92.049 92.649 93.809 93.414 93.479 93.719 93.662 93.594 93.517 93.464 93.412 93.369 93.299 93.247 88.854 88.647 88.654 90.959 91.699 91.269 89.424 90.777 91.812 92.817 92.674 89.597 88.249 88.169 87.922 87.767 87.672 89.012 87.834 87.284 87.227 87.112 86.947 86.839 86.737 86.622 86.479 86.362 86.234 86.072 85.927
88.944 88.864 88.842 88.782 88.792 88.817 88.802 88.912 89.192 89.209 89.097 89.092 89.349 89.062 88.979 88.909 88.919 88.894 89.204 89.117 88.912 88.917 88.939 91.999 93.357 93.174 93.147 93.169 93.184 93.139 93.102 93.029 92.969 92.892 92.852 92.809 92.724 92.662 92.604 92.579 92.642 92.574 89.722 88.774 88.739 88.689 88.662 88.639 88.622 88.922 88.887 88.904 90.232 88.929 89.419 89.379 89.197 89.064 88.974 89.269 87.929 87.487 87.374 87.249 87.089 86.942 86.822 86.714 86.589 86.472 86.317 86.132 85.982
88.939 88.899 88.872 88.827 88.822 88.879 88.892 89.079 89.232 89.147 89.047 89.402 90.034 89.809 89.404 88.934 88.932 88.937 89.447 89.187 89.702 89.194 88.954 90.439 92.634 92.549 92.492 92.524 92.719 92.442 92.909 92.932 92.837 93.067 92.894 93.239 93.522 93.532 93.542 93.692 93.704 93.929 91.384 88.769 88.714 88.654 88.644 88.642 88.599 88.572 88.562 88.524 88.492 89.172 88.837 88.739 88.809 88.324 88.572 88.917 87.752 87.617 87.442 87.339 87.174 87.029 86.907 86.794 86.672 86.529 86.332 86.177 86.027
