data/LIDAR-DSM-2M-NZ24se/nz2942_DSM_2M.asc
ncols 500
nrows 500
xllcorner    429000
yllcorner    542000
cellsize     2
NODATA_value -9999
[rows 32 to 63 of 500, columns 144 to 215 of 500]
90.761 90.783 90.788 90.806 90.693 90.721 90.771 91.073 91.163 90.993 90.908 90.851 90.741 90.611 90.533 90.883 91.256 91.111 90.986 90.518 90.471 90.376 90.343 90.346 90.368 90.408 90.426 90.411 90.623 91.921 91.491 90.598 90.458 90.676 90.901 91.063 90.636 90.658 93.001 91.181 92.408 97.061 97.558 94.363 90.891 92.016 93.138 93.046 92.996 92.948 92.176 91.546 91.461 91.271 91.023 91.076 91.956 93.033 93.526 93.638 93.166 91.586 91.226 91.298 91.606 91.206 90.963 90.951 90.991 91.076 91.416 91.426
90.678 90.688 90.743 90.801 90.746 90.711 90.766 90.916 91.016 90.906 90.813 90.778 90.726 90.741 90.526 91.613 91.033 90.506 90.491 90.431 90.428 90.338 90.396 90.391 90.396 90.411 90.468 91.268 90.828 90.631 90.468 90.466 90.636 90.951 90.718 90.716 92.098 95.346 96.928 93.448 91.033 93.778 97.376 97.126 93.438 91.568 93.048 92.828 91.761 91.731 91.738 91.563 91.843 91.343 90.978 91.016 92.446 93.621 93.608 92.583 91.458 91.236 91.231 91.206 91.316 91.063 90.943 90.943 91.136 91.348 92.161 91.626
90.638 90.686 90.758 90.786 90.756 90.738 90.743 90.778 91.001 90.916 90.828 90.796 90.823 90.811 90.488 90.466 90.451 90.443 90.393 90.336 90.353 90.426 90.396 90.336 90.348 90.368 90.553 90.768 90.451 90.541 90.546 90.776 90.608 90.643 92.133 94.981 96.911 97.591 97.843 95.153 91.008 91.888 96.538 97.458 95.121 91.471 92.573 91.513 91.368 91.486 91.531 91.551 91.496 91.206 91.001 91.043 91.831 92.598 91.278 91.241 91.258 91.198 91.201 91.181 91.148 91.001 90.936 90.928 91.128 91.278 92.138 91.766
90.606 90.656 90.718 90.701 90.681 90.678 90.691 90.686 90.786 91.018 90.941 90.813 90.636 90.476 90.463 90.411 90.368 90.378 90.391 90.383 90.403 90.411 90.338 90.323 90.336 90.353 90.366 90.516 90.473 91.038 91.573 90.536 90.686 93.696 96.483 97.458 98.191 99.058 98.636 97.461 95.551 90.968 93.616 96.008 93.041 90.808 91.363 92.183 91.681 91.763 91.416 91.341 91.358 91.128 90.983 91.181 91.308 91.418 91.323 91.248 91.328 91.301 91.216 91.166 91.376 91.023 90.971 91.001 91.041 91.153 91.866 91.846
90.566 90.621 90.613 90.628 90.561 90.566 90.646 90.628 90.648 90.933 90.771 90.528 90.453 90.433 90.413 90.356 90.383 90.403 90.396 90.378 90.383 90.398 90.331 90.383 90.348 90.458 91.368 91.063 91.231 93.518 93.926 91.083 90.563 92.341 96.826 98.046 98.938 98.748 98.041 97.376 96.233 91.746 90.988 91.981 91.098 90.996 91.516 91.701 91.606 91.408 91.431 91.343 91.683 91.091 91.141 91.468 91.328 91.378 91.488 91.331 91.351 91.256 91.243 91.171 91.161 91.478 91.341 91.123 91.156 91.188 91.253 91.313
90.523 90.576 90.573 90.586 90.616 90.596 90.618 90.573 90.496 90.486 90.433 90.436 90.431 90.396 90.348 90.371 90.386 90.428 90.428 90.451 90.378 90.373 90.353 90.388 90.518 92.756 92.886 93.373 94.061 94.856 94.821 93.046 90.496 90.721 94.348 97.411 98.038 97.461 96.421 94.621 93.266 91.536 91.021 91.641 91.653 91.093 91.636 91.071 91.933 91.366 91.371 91.268 91.663 91.011 91.093 91.386 91.353 91.321 91.391 91.336 91.326 91.313 91.256 91.213 91.438 91.788 91.558 91.221 91.241 91.308 91.246 91.288
90.523 90.518 90.528 90.571 90.588 90.518 90.498 90.471 90.443 90.443 90.421 90.406 90.378 90.366 90.356 90.366 90.423 91.271 92.086 91.336 90.378 90.376 90.383 90.418 91.078 93.033 94.001 94.706 95.368 96.053 95.558 94.246 91.266 90.708 93.463 96.703 96.556 95.568 93.401 91.758 91.083 91.091 91.231 91.211 91.116 91.118 91.806 93.211 93.386 91.633 91.376 91.171 91.133 90.943 91.083 91.728 91.493 91.296 91.313 91.308 91.401 91.543 91.561 91.283 91.328 91.356 91.388 91.278 91.276 91.311 91.361 91.403
90.543 90.496 90.513 90.503 90.508 90.478 90.461 90.438 90.441 90.431 90.373 90.378 90.398 90.393 90.376 90.466 90.388 92.141 91.358 90.376 91.541 94.668 93.271 90.508 90.766 93.408 94.638 95.708 96.198 95.593 94.958 94.263 92.751 90.636 91.243 94.458 94.431 94.108 93.956 91.506 90.883 90.903 92.376 91.236 91.883 92.963 94.071 94.416 94.471 91.886 91.401 91.171 91.026 90.963 91.188 91.611 91.463 91.353 91.316 91.561 91.721 91.718 91.533 91.266 91.281 91.251 91.363 91.568 91.408 91.353 91.371 91.418
90.518 90.446 90.446 90.438 90.426 90.443 90.398 90.396 90.358 90.413 90.396 90.421 90.398 90.411 90.791 91.203 90.368 90.521 90.858 94.018 97.478 96.993 95.633 91.578 90.626 92.553 94.111 95.416 96.078 95.213 94.111 93.421 92.946 90.541 90.893 91.956 94.008 93.893 93.246 91.653 90.941 90.861 91.671 91.326 91.161 92.523 94.481 94.193 93.711 92.276 91.378 91.353 91.096 91.008 91.451 91.241 91.313 91.343 91.303 91.521 91.461 91.301 91.256 91.221 91.271 91.376 91.418 91.678 91.411 91.336 91.346 91.408
90.496 90.391 90.381 90.361 90.341 90.356 90.341 90.308 90.418 90.346 90.418 90.413 90.613 90.358 90.853 90.601 90.363 91.563 96.063 97.251 97.748 97.286 96.621 92.868 90.603 91.536 93.538 94.686 95.931 95.871 94.598 93.556 93.073 90.496 90.501 91.161 92.916 93.656 91.556 90.931 91.538 90.866 90.833 91.308 91.416 91.483 93.048 91.796 91.921 91.348 91.301 91.363 90.978 91.008 91.446 91.388 91.403 91.301 91.228 91.198 91.723 91.333 91.248 91.261 91.283 91.408 91.343 91.341 91.373 91.368 91.403 91.423
90.378 90.403 90.366 90.363 90.371 90.386 90.408 90.393 90.418 90.403 90.386 91.076 91.346 90.391 90.416 91.851 95.578 94.891 96.208 96.991 97.663 97.558 96.876 95.196 90.806 91.216 93.156 93.986 95.173 95.306 94.591 93.663 91.173 90.531 90.576 90.661 91.403 91.051 90.893 90.871 91.028 91.143 90.928 91.081 91.311 91.253 91.183 91.333 91.318 91.353 91.153 91.096 91.013 91.081 91.323 91.506 91.681 91.373 91.286 91.268 92.233 92.026 91.253 91.281 91.293 91.308 91.376 91.381 91.473 91.488 91.463 91.491
90.388 90.391 90.348 90.333 90.386 90.426 90.436 90.453 90.396 90.358 90.348 90.488 90.396 91.298 94.201 97.171 97.968 98.126 95.053 96.736 97.438 97.771 97.126 96.391 91.081 90.526 91.408 92.408 94.341 93.518 92.228 90.788 90.541 90.571 90.568 90.621 90.933 90.946 90.898 90.908 92.268 92.863 92.846 92.011 91.998 91.496 91.153 91.088 91.131 91.103 91.048 91.041 91.086 91.063 91.261 91.378 91.463 91.438 91.318 91.201 91.493 91.328 91.268 91.306 91.331 91.343 91.473 91.488 91.503 91.551 91.521 91.533
90.358 90.336 90.353 90.401 90.403 90.403 90.421 90.383 90.343 90.338 90.393 90.701 94.398 96.351 97.836 98.361 98.311 97.493 95.566 96.503 97.166 97.781 97.408 96.723 94.706 90.486 91.323 90.906 92.216 90.998 90.598 90.601 90.581 90.601 90.598 90.658 90.691 91.373 90.953 92.548 93.023 92.536 91.938 91.178 91.541 91.943 91.361 91.178 91.136 91.176 91.146 91.246 91.296 91.186 91.171 91.266 91.413 91.273 91.281 91.243 91.331 91.416 91.318 91.363 91.361 91.396 91.426 91.496 91.523 91.558 91.573 91.578
90.386 90.363 90.381 90.383 90.386 90.461 90.441 90.358 90.341 90.703 92.711 96.033 96.798 97.813 98.308 97.781 98.146 97.386 96.153 95.551 96.883 97.566 97.671 96.988 95.991 90.926 90.511 91.176 90.503 90.638 91.066 91.326 90.611 90.606 90.653 90.746 92.511 93.331 92.253 92.288 92.063 91.191 90.998 91.026 91.053 91.681 91.843 91.663 91.896 91.758 91.873 92.108 91.773 91.173 91.151 91.203 91.256 91.198 91.233 91.251 91.358 91.473 91.351 91.393 91.408 91.451 91.483 91.511 91.583 91.603 91.613 91.611
90.408 90.366 90.413 90.398 90.443 90.446 90.361 90.331 92.136 95.413 96.901 97.348 96.811 96.498 96.711 97.013 97.973 97.806 96.621 95.088 96.606 97.276 97.746 97.253 96.351 92.336 90.458 91.253 90.551 92.028 93.366 92.828 90.836 90.963 91.426 92.646 93.118 92.763 91.758 91.096 91.033 91.053 91.033 91.028 91.006 90.998 91.423 91.296 91.076 91.008 91.003 91.048 91.081 91.156 91.161 91.186 91.188 91.186 91.211 91.268 91.311 91.343 91.358 91.436 91.468 91.491 91.528 91.578 91.636 91.671 91.668 91.658
90.351 90.383 90.346 90.381 90.353 90.301 90.906 94.738 96.478 96.993 97.041 96.486 95.531 94.578 92.661 95.118 97.593 98.056 97.163 94.078 96.106 97.018 97.673 97.528 96.866 94.616 90.618 90.498 92.276 92.808 93.303 93.313 93.008 93.083 92.148 92.286 91.578 91.006 91.053 90.981 91.006 91.016 90.978 90.953 90.936 90.913 90.891 90.896 90.943 90.973 90.993 91.028 91.113 91.351 91.303 91.203 91.251 91.253 91.311 91.326 91.341 91.418 91.411 91.393 91.496 91.516 91.546 91.598 91.666 91.711 91.711 91.693
90.321 90.291 90.293 90.268 90.841 93.196 96.271 96.828 97.066 96.758 96.313 95.861 94.473 94.178 94.006 94.558 97.231 98.141 97.581 94.856 94.528 96.736 97.406 97.731 97.113 96.281 91.921 90.521 92.051 92.838 93.098 93.506 93.386 92.243 91.313 91.051 91.016 91.033 91.003 90.958 90.943 90.933 90.898 90.901 90.893 90.876 90.863 90.896 90.931 90.951 90.998 91.058 91.133 91.186 91.216 91.246 91.311 91.313 91.351 91.393 91.403 91.446 91.461 91.446 91.531 91.531 91.558 91.601 91.651 91.691 91.718 91.706
90.253 90.236 90.278 92.358 95.398 96.728 97.003 96.853 96.353 96.168 95.706 95.421 94.556 93.963 93.856 92.668 96.058 97.821 97.953 96.946 93.268 96.421 97.143 97.718 97.371 96.173 92.146 90.571 91.536 92.733 93.916 92.651 91.431 91.061 91.036 91.001 91.008 90.961 90.931 90.938 90.906 90.898 90.893 90.898 90.878 90.901 90.891 91.248 90.938 90.983 91.036 91.103 91.138 91.438 91.253 91.296 91.318 91.373 91.373 91.441 91.451 91.466 91.481 91.478 91.541 91.563 91.566 91.608 91.651 91.701 91.738 91.738
90.268 90.213 90.288 94.658 96.953 96.841 96.201 95.648 94.753 94.726 95.048 93.268 93.333 93.446 93.001 91.781 94.386 97.428 98.158 97.351 94.493 95.178 95.798 95.048 91.663 90.968 90.843 91.583 91.991 92.731 91.908 91.066 91.066 91.053 91.041 91.026 90.991 90.983 90.951 90.943 90.921 90.913 90.908 90.938 90.921 90.928 90.958 91.538 90.956 90.991 91.061 91.131 91.198 91.283 91.308 91.346 91.328 91.391 91.436 91.486 91.486 91.508 91.503 91.471 91.518 91.561 91.588 91.623 91.681 91.713 91.771 91.766
90.276 90.238 90.283 93.796 96.348 95.543 91.846 91.688 93.836 93.543 91.148 90.641 91.856 92.316 90.681 90.781 91.856 97.008 97.983 96.288 94.928 95.028 91.708 92.628 91.388 92.751 91.891 91.773 91.578 91.303 91.158 91.083 91.118 91.126 91.116 91.061 90.973 90.968 90.986 90.966 90.956 90.971 90.968 90.963 90.946 90.931 90.981 91.013 90.981 91.048 91.451 91.428 92.461 91.333 91.391 91.378 91.413 91.458 91.488 91.503 91.538 91.548 91.541 91.533 91.536 91.573 91.591 91.653 91.698 91.733 91.776 91.783
90.308 90.283 90.296 91.136 93.913 93.403 93.178 91.383 91.981 91.288 92.191 90.481 91.143 91.341 91.016 91.498 92.446 94.541 92.848 91.526 91.591 93.401 93.756 92.733 91.768 92.508 91.996 91.391 91.306 91.231 91.138 91.108 91.181 91.178 91.183 91.098 91.003 91.008 91.018 91.018 91.038 91.076 91.091 91.266 92.218 93.113 92.806 92.701 91.146 92.393 94.051 95.371 95.218 91.443 91.418 91.448 91.451 91.493 91.513 91.538 91.566 91.576 91.568 91.563 91.536 91.586 91.633 91.661 91.696 91.733 91.761 91.793
90.378 90.291 90.298 90.506 93.246 93.416 93.386 92.163 90.423 90.363 92.536 91.566 91.478 92.133 93.243 93.553 91.776 92.496 91.778 91.226 91.288 91.331 91.458 91.413 91.408 92.096 92.403 91.361 91.276 91.176 91.118 91.153 91.228 91.226 91.196 91.201 91.168 91.216 91.226 91.246 91.291 91.563 91.471 92.171 95.316 95.438 95.448 95.086 92.543 94.148 95.056 95.428 95.418 91.623 91.468 91.531 91.508 91.563 91.583 91.591 91.631 91.621 91.576 91.573 91.581 91.638 91.646 91.643 91.686 91.723 91.758 91.773
90.386 90.353 90.313 90.416 92.848 92.913 91.873 91.298 92.021 91.276 91.158 90.951 91.661 91.981 91.728 91.758 91.163 91.246 91.401 91.431 91.378 91.351 91.403 91.528 91.786 92.993 92.921 91.348 91.251 91.206 91.198 91.161 91.263 91.296 91.281 91.413 91.426 91.486 91.411 91.478 91.516 91.588 91.616 91.793 95.216 95.398 95.423 95.648 96.133 96.308 96.241 95.096 94.018 91.863 91.528 91.586 91.588 91.601 91.631 91.628 91.653 91.628 91.623 91.616 91.596 91.643 91.628 91.653 91.703 91.733 91.758 91.776
90.398 90.406 90.338 90.428 91.303 94.213 94.663 95.343 94.456 93.031 90.628 90.728 91.171 91.181 91.366 91.743 91.348 91.753 91.601 92.216 91.608 91.331 91.446 91.598 92.713 94.123 94.231 91.371 91.238 91.211 91.196 91.206 91.298 91.353 91.316 91.386 91.381 91.386 91.398 91.583 91.533 91.536 91.601 91.541 94.801 95.436 95.433 95.551 95.691 95.821 95.536 93.306 91.658 91.588 91.611 91.613 91.628 91.651 91.693 91.681 91.668 91.661 91.633 91.623 91.618 91.658 91.663 91.688 91.726 91.751 91.771 91.803
90.371 90.481 90.443 90.468 91.973 96.563 96.746 95.611 94.603 93.496 90.671 91.386 91.841 92.113 93.458 93.093 91.198 91.178 91.208 91.238 91.303 91.448 91.593 91.643 92.043 93.043 95.401 91.916 91.273 91.261 91.233 91.206 91.288 91.343 91.383 91.356 91.416 91.418 91.468 91.573 91.548 91.583 91.641 91.613 94.393 95.466 95.463 95.553 95.506 95.551 95.476 93.481 91.721 91.668 91.658 91.631 91.691 91.711 91.731 91.716 91.673 91.658 91.666 91.668 91.613 91.683 91.676 91.698 91.741 91.778 91.796 91.831
90.416 90.431 90.551 90.486 91.573 96.348 96.903 96.161 94.933 93.968 91.243 92.118 92.013 91.843 91.508 91.261 91.191 91.201 91.261 91.371 91.873 91.618 91.603 91.658 92.348 93.333 93.543 92.093 91.376 91.363 91.281 91.228 91.308 91.383 91.388 91.378 91.486 91.501 91.621 91.693 91.638 91.678 91.733 91.713 93.943 95.481 95.496 95.518 95.513 95.523 95.478 93.796 91.791 91.776 91.748 91.713 91.783 91.786 91.801 91.771 91.718 91.708 91.688 91.683 91.656 91.718 91.723 91.731 91.776 91.816 91.823 91.861
90.488 90.563 90.581 90.541 91.398 95.863 97.198 96.276 95.196 94.253 91.803 91.136 91.596 91.431 91.326 91.341 91.316 91.323 91.331 91.648 92.673 91.968 91.701 91.663 91.751 92.193 93.803 93.396 91.431 91.431 91.303 91.271 91.313 91.443 91.458 91.448 91.498 91.538 91.748 91.633 91.671 91.746 91.798 91.793 93.296 95.488 95.503 95.461 95.491 95.491 95.488 94.471 92.258 92.046 92.616 93.111 92.863 93.621 91.858 91.801 91.758 91.738 91.711 91.713 91.693 91.736 91.751 91.756 91.808 91.841 91.868 91.898
90.558 90.636 90.618 90.601 90.688 94.678 97.186 96.406 95.391 94.451 92.066 91.011 91.291 91.413 91.408 91.418 91.378 91.381 91.388 91.766 92.041 91.683 91.726 91.943 91.836 92.206 94.208 92.401 91.516 91.468 91.351 91.301 91.341 91.491 91.516 91.508 91.538 91.588 91.656 91.648 91.691 91.756 91.788 91.823 92.858 95.496 95.501 95.476 95.481 95.443 95.443 95.471 95.356 95.408 95.413 95.563 95.473 95.248 93.526 91.823 91.788 91.753 91.748 91.721 91.733 91.763 91.778 91.776 91.813 91.863 91.886 91.908
90.621 90.583 90.661 90.671 90.718 93.533 97.091 96.703 95.761 94.758 92.648 90.991 91.301 91.431 91.668 91.446 91.406 91.433 92.238 92.896 92.611 92.126 92.303 91.961 91.951 92.486 93.531 92.946 91.591 91.498 91.416 91.318 91.351 91.463 91.508 91.523 91.576 91.831 91.578 92.186 92.953 92.738 91.798 91.841 92.456 95.471 95.461 95.463 95.453 95.431 95.453 95.471 95.436 95.446 95.431 95.516 95.471 95.461 93.848 91.836 91.818 91.958 91.776 91.768 91.776 91.763 91.791 91.798 91.836 91.888 91.911 91.936
90.726 90.678 90.723 90.731 90.781 92.683 97.003 97.056 95.988 95.013 93.831 90.973 91.346 91.516 91.793 91.638 91.938 91.961 92.381 92.251 91.883 91.928 92.028 91.828 91.841 92.848 93.043 93.888 91.653 91.543 91.441 91.348 91.376 91.481 91.506 91.543 93.926 94.858 94.628 95.228 95.273 94.683 92.193 92.551 92.103 95.238 95.458 95.451 95.418 95.416 95.443 95.438 95.473 95.438 95.433 95.471 95.456 95.478 93.673 93.771 94.461 95.043 93.906 91.791 91.786 91.791 91.788 91.836 91.873 91.898 91.931 91.938
90.826 90.723 90.753 91.153 91.211 92.133 96.813 97.273 96.131 95.221 93.886 91.766 91.536 92.148 92.276 92.333 92.613 91.943 91.918 91.893 92.008 91.916 92.256 92.096 91.868 92.288 92.823 92.671 91.741 91.571 91.503 91.406 91.423 91.528 91.516 91.563 93.491 95.501 95.548 95.656 95.713 94.351 92.526 93.101 93.348 95.088 95.458 95.501 95.451 95.461 95.551 95.498 95.606 95.478 95.453 95.468 95.498 95.476 95.516 95.528 95.538 95.576 94.116 91.788 91.788 91.793 91.818 91.868 91.878 91.893 91.928 91.968
90.886 90.753 90.778 91.221 91.643 91.306 96.738 97.526 96.926 96.476 96.106 93.183 92.206 91.538 91.481 92.091 93.333 91.901 92.828 92.081 92.078 92.391 92.216 92.073 91.901 91.931 91.901 92.206 92.081 91.633 91.548 91.461 91.403 91.533 91.573 91.578 92.933 95.943 96.001 96.078 96.153 95.533 94.963 94.993 95.058 95.376 95.486 96.318 95.931 96.863 97.423 97.426 95.718 95.478 95.513 95.433 95.498 95.436 95.496 95.503 95.548 95.561 94.441 91.873 91.818 91.813 91.856 91.906 91.923 91.951 91.983 92.008
